2.1879231
2.8318164
3.2836399
3.6505517
3.9575394
4.2371293
4.4875479
4.7240392
4.9403167
5.1494310
5.3439065
5.5289744
5.7076992
5.8791160
6.0423515
6.2019373
6.3596689
6.5137063
6.6601240
6.8052427
6.9470340
7.0864960
7.2233832
7.3591402
7.4914696
7.6197985
7.7469784
7.8696632
7.9939319
8.1169693
8.2372829
8.3560818
8.4733984
8.5892403
8.7044757
8.8164874
8.9282856
9.0411235
9.1496414
9.2584974
9.3669753
9.4750903
9.5820681
9.6859920
9.7930566
9.8961838
9.9991094
10.102183
10.204749
10.304226
10.404938
10.505727
10.606408
10.704736
10.801808
10.900315
10.996670
11.095883
11.192105
11.289654
11.386073
11.480172
11.575622
11.669692
11.764202
11.856757
11.951154
12.043825
12.136131
12.227745
12.320487
12.412239
12.504085
12.594956
12.685233
12.775985
12.868597
12.959823
13.049167
13.137865
13.227021
13.315623
13.405624
13.493535
13.582004
13.671944
13.760934
13.846812
13.936290
14.024081
14.112846
14.200677
14.287792
14.376218
14.464174
14.550440
14.637782
14.722144
14.808629
14.894844
14.981317
15.066111
15.152705
15.239326
15.326242
15.411813
15.497688
15.583112
15.669539
15.754701
15.840005
15.924827
16.008946
16.094330
16.178668
16.263906
16.349507
16.435073
16.520704
16.605411
16.690637
16.774612
16.859168
16.942993
17.027620
17.111023
17.194882
17.278390
17.363802
17.447014
17.531317
17.615339
17.698704
17.782353
17.866419
17.950374
18.034317
18.116874
18.201516
18.286590
18.369915
18.453970
18.536557
18.621320
18.703622
18.786591
18.870788
18.953587
19.037647
19.122266
19.205499
19.290760
19.374703
19.459278
19.543111
19.626299
19.709839
19.793845
19.879971
19.964610
20.048906
20.133448
20.216568
20.301635
20.387124
20.471713
20.555763
20.640417
20.726210
20.811343
20.897100
20.983385
21.068375
21.153000
21.239892
21.326235
21.411331
21.496884
21.582663
21.667459
21.754509
21.840722
21.926352
22.011484
22.098904
22.185721
22.270736
22.356024
22.443828
22.530309
22.616480
22.701764
22.787309
22.874766
22.960720
23.047022
23.134407
23.221315
23.307488
23.394298
23.481662
23.569923
23.656156
23.743516
23.830613
23.917521
24.004933
24.091529
24.178501
24.266209
24.353771
24.442330
24.530448
24.619138
24.707934
24.797314
24.886740
24.975444
25.063524
25.152150
25.240272
25.329970
25.418785
25.507958
25.597032
25.685981
25.775267
25.865481
25.954896
26.045537
26.135671
26.225743
26.314322
26.405944
26.495875
26.587973
26.678774
26.769639
26.860400
26.953331
27.043515
27.133846
27.227078
27.319056
27.410299
27.501603
27.593359
27.684765
27.777298
27.869602
27.959816
28.053317
28.145420
28.238729
28.332738
28.428556
28.523260
28.617067
28.712261
28.805445
28.900573
28.994660
29.089697
29.183786
29.278953
29.373568
29.467277
29.562327
29.657479
29.754329
29.848239
29.944500
30.041033
30.138905
30.233075
30.330062
30.426071
30.524921
30.621518
30.718139
30.816835
30.915966
31.012361
31.111617
31.211587
31.309878
31.408905
31.506599
31.607261
31.705499
31.804352
31.903017
32.005779
32.107563
32.207232
32.307898
32.408243
32.508977
32.608648
32.709012
32.808327
32.908900
33.010500
33.114073
33.216480
33.316678
33.417809
33.519064
33.621514
33.724359
33.825766
33.929956
34.033641
34.137823
34.241449
34.346322
34.450597
34.553519
34.658702
34.762091
34.868246
34.973528
35.079010
35.185423
35.289874
35.396180
35.502367
35.610738
35.718130
35.823445
35.930433
36.038647
36.146495
36.257029
36.365350
36.472787
36.581661
36.690442
36.798287
36.907176
37.017112
37.127302
37.239593
37.349503
37.459628
37.571641
37.682899
37.793365
37.904895
38.016028
38.128848
38.241690
38.353488
38.463577
38.577001
38.691120
38.804694
38.917797
39.030533
39.142756
39.256619
39.370556
39.485803
39.599542
39.715845
39.831954
39.949016
40.065039
40.181926
40.298792
40.413741
40.533058
40.650272
40.767390
40.886030
41.004315
41.121534
41.240445
41.360672
41.480747
41.602750
41.724177
41.845779
41.963894
42.083794
42.204828
42.327497
42.448117
42.571086
42.692133
42.813400
42.937327
43.061611
43.186756
43.310546
43.434138
43.559628
43.685650
43.810341
43.936268
44.061497
44.188252
44.313904
44.440516
44.568093
44.696489
44.823823
44.953050
45.080097
45.208176
45.339069
45.469729
45.599634
45.731165
45.860431
45.990590
46.121852
46.253718
46.383144
46.516281
46.648983
46.782802
46.913710
47.046153
47.180826
47.314393
47.450525
47.584077
47.718004
47.854088
47.990605
48.128084
48.263083
48.403276
48.541527
48.680005
48.815857
48.954502
49.093510
49.232615
49.373875
49.514931
49.655918
49.799599
49.939883
50.080765
50.221738
50.361907
50.502409
50.643993
50.787688
50.933238
51.078317
51.222930
51.369720
51.516107
51.661495
51.807125
51.951289
52.098659
52.247111
52.392684
52.541983
52.689565
52.839240
52.990882
53.142304
53.293461
53.445960
53.597180
53.746970
53.900294
54.053082
54.208662
54.362447
54.519207
54.674304
54.829839
54.986242
55.140902
55.296970
55.455094
55.612806
55.769690
55.925327
56.084054
56.244564
56.403299
56.560480
56.721172
56.880251
57.040045
57.201927
57.362446
57.526078
57.687997
57.851308
58.013413
58.178816
58.342799
58.509539
58.680297
58.845893
59.015001
59.180967
59.350458
59.523755
59.692401
59.859267
60.034052
60.205347
60.377550
60.550302
60.724062
60.899353
61.075268
61.248195
61.422983
61.598960
61.773262
61.951211
62.127832
62.307937
62.486118
62.664993
62.844567
63.025620
63.206357
63.385454
63.568781
63.752743
63.935415
64.118434
64.304581
64.489552
64.673223
64.859621
65.045802
65.233564
65.420617
65.608350
65.798988
65.986238
66.175461
66.365762
66.556650
66.751150
66.944714
67.135494
67.326565
67.517759
67.713245
67.911124
68.111571
68.311896
68.513411
68.709097
68.908010
69.108890
69.306693
69.508590
69.709252
69.913705
70.116026
70.316266
70.518510
70.724518
70.937053
71.142511
71.350338
71.556694
71.768349
71.976468
72.190487
72.397946
72.604980
72.818528
73.034411
73.247919
73.459348
73.673403
73.890996
74.107663
74.322977
74.540479
74.758192
74.978378
75.201984
75.421339
75.643036
75.865019
76.088812
76.316519
76.538519
76.768393
76.996935
77.226187
77.455850
77.688286
77.916068
78.148152
78.381666
78.617989
78.853654
79.090191
79.327073
79.564374
79.802226
80.042246
80.285698
80.526588
80.764894
81.008509
81.253164
81.496499
81.738818
81.981786
82.227729
82.478308
82.727874
82.977036
83.225121
83.478161
83.734738
83.986261
84.236495
84.492505
84.752129
85.005192
85.265543
85.528202
85.785379
86.048092
86.307784
86.577108
86.837116
87.098283
87.370380
87.642755
87.908470
88.181316
88.449015
88.720543
88.993869
89.266747
89.545355
89.821761
90.100917
90.376593
90.654434
90.932624
91.215964
91.499286
91.785439
92.072890
92.357547
92.649075
92.937409
93.226378
93.517189
93.803414
94.094595
94.389655
94.686080
94.979892
95.279266
95.578583
95.878612
96.182744
96.490449
96.794891
97.109182
97.416543
97.733160
98.042580
98.361296
98.670059
98.980792
99.296004
99.612802
99.937430
100.25867
100.57767
100.90335
101.22760
101.56256
101.89025
102.21779
102.54229
102.87498
103.20585
103.53839
103.87514
104.21601
104.55638
104.89501
105.23622
105.57914
105.92073
106.27010
106.62243
106.97768
107.32438
107.67458
108.03229
108.38698
108.74760
109.10493
109.46808
109.83040
110.19583
110.55867
110.93056
111.29925
111.66632
112.03701
112.41766
112.79703
113.17078
113.55018
113.92961
114.31079
114.69781
115.08560
115.47326
115.86008
116.25671
116.65430
117.05460
117.45861
117.86762
118.26905
118.68003
119.08267
119.49211
119.89927
120.31670
120.72997
121.14812
121.56907
121.98556
122.41191
122.83579
123.26066
123.68824
124.11822
124.54911
124.98833
125.42886
125.86144
126.30391
126.74628
127.19716
127.64417
128.10577
128.55892
129.01896
129.48502
129.94187
130.40875
130.87770
131.35540
131.82281
132.29896
132.78476
133.26902
133.74945
134.23837
134.73309
135.21912
135.71708
136.20936
136.70826
137.21248
137.72317
138.24464
138.76665
139.27854
139.79672
140.31704
140.83907
141.37069
141.91521
142.43825
142.96564
143.51326
144.05978
144.61162
145.16510
145.71995
146.26731
146.83767
147.40549
147.97426
148.54878
149.12311
149.69757
150.26674
150.85739
151.44213
152.03217
152.63508
153.24530
153.84600
154.45869
155.07192
155.68074
156.30108
156.91754
157.53709
158.16422
158.79256
159.44272
160.07771
160.72572
161.38759
162.03240
162.69095
163.34581
164.01652
164.69219
165.37391
166.05429
166.72696
167.41277
168.10270
168.81149
169.51921
170.22711
170.94895
171.66489
172.38719
173.13110
173.86829
174.60607
175.36055
176.11002
176.88311
177.64835
178.42218
179.20286
179.99503
180.79254
181.59039
182.39135
183.20507
184.01492
184.83174
185.66175
186.49522
187.32469
188.14989
189.00979
189.87168
190.73628
191.61493
192.50458
193.40817
194.29701
195.19843
196.11545
197.03860
197.96477
198.89639
199.86206
200.82528
201.77680
202.74618
203.70923
204.69115
205.68425
206.68274
207.70061
208.73244
209.76518
210.79583
211.82081
212.87798
213.93593
215.01838
216.10322
217.21678
218.34206
219.45433
220.59464
221.74290
222.91714
224.08010
225.28092
226.46494
227.68258
228.89952
230.13811
231.40187
232.63800
233.89888
235.16906
236.49130
237.79415
239.11428
240.46557
241.82864
243.20119
244.58649
246.00986
247.44859
248.87337
250.31617
251.78649
253.30088
254.80685
256.32348
257.86278
259.42988
261.01342
262.60628
264.22929
265.87391
267.53141
269.23401
270.95491
272.68348
274.44881
276.24814
278.06917
279.92484
281.77719
283.64894
285.55733
287.49768
289.44743
291.44799
293.51188
295.59522
297.67353
299.79672
301.98282
304.18003
306.41396
308.73324
311.03999
313.43211
315.82354
318.28109
320.76829
323.30681
325.90820
328.53542
331.25037
334.02371
336.80750
339.72384
342.64509
345.68658
348.76869
351.90807
355.12028
358.39590
361.69218
365.16358
368.73778
372.34891
376.12503
379.94460
383.89659
387.95706
392.19309
396.53792
400.94155
405.57013
410.35870
415.23681
420.32649
425.52853
430.95916
436.64022
442.47607
448.63589
455.08068
461.74688
468.78864
476.32323
484.20646
492.66041
501.46721
510.98570
520.91060
531.65052
543.46927
556.18873
570.50557
585.73649
602.72017
622.41345
645.21860
671.88956
704.93218
748.54357
813.87495
939.38577
