0.49719640
0.65032548
0.75807263
0.84575200
0.91928283
0.98577659
1.0463414
1.1026663
1.1548550
1.2032169
1.2499436
1.2941920
1.3368822
1.3782372
1.4176106
1.4557587
1.4925060
1.5287058
1.5634834
1.5988244
1.6322900
1.6649700
1.6976182
1.7294702
1.7608999
1.7919574
1.8223844
1.8517148
1.8809559
1.9099627
1.9380521
1.9666421
1.9946487
2.0228673
2.0501107
2.0767651
2.1033094
2.1296577
2.1556973
2.1812815
2.2064239
2.2322181
2.2576893
2.2827377
2.3072423
2.3316682
2.3557468
2.3799528
2.4038992
2.4276748
2.4511735
2.4747543
2.4983366
2.5211973
2.5441400
2.5671325
2.5900530
2.6126819
2.6354164
2.6582317
2.6804129
2.7023526
2.7244161
2.7464840
2.7685795
2.7904921
2.8123328
2.8340536
2.8553698
2.8766603
2.8982946
2.9192806
2.9406972
2.9615749
2.9824234
3.0034231
3.0248493
3.0453942
3.0667739
3.0872638
3.1078968
3.1281279
3.1489073
3.1693893
3.1900098
3.2106152
3.2310266
3.2511647
3.2713813
3.2913289
3.3112572
3.3313133
3.3515180
3.3712795
3.3911696
3.4111994
3.4311636
3.4509400
3.4705608
3.4901232
3.5100029
3.5295836
3.5494243
3.5688592
3.5885623
3.6079154
3.6271731
3.6465724
3.6660111
3.6853360
3.7045493
3.7241178
3.7433254
3.7624780
3.7817431
3.8011297
3.8203860
3.8392672
3.8579912
3.8771668
3.8962561
3.9150833
3.9341361
3.9528326
3.9713337
3.9901266
4.0095286
4.0286476
4.0471778
4.0659606
4.0848792
4.1034173
4.1219847
4.1411431
4.1598749
4.1787992
4.1976615
4.2165623
4.2349391
4.2535537
4.2721143
4.2909027
4.3094924
4.3283942
4.3470626
4.3662167
4.3846680
4.4033450
4.4217343
4.4405892
4.4591376
4.4774552
4.4961392
4.5146279
4.5332596
4.5514397
4.5700104
4.5886773
4.6074847
4.6262248
4.6448083
4.6633016
4.6820454
4.7006008
4.7194371
4.7375667
4.7557071
4.7742345
4.7924534
4.8107184
4.8293738
4.8480393
4.8665766
4.8849016
4.9033791
4.9219192
4.9404541
4.9591132
4.9775070
4.9961619
5.0143338
5.0327087
5.0513848
5.0695806
5.0876956
5.1059684
5.1241354
5.1427992
5.1609032
5.1794539
5.1979078
5.2164448
5.2349065
5.2534759
5.2721287
5.2904526
5.3090545
5.3271805
5.3458155
5.3644600
5.3830174
5.4011627
5.4195505
5.4380497
5.4563488
5.4749096
5.4933531
5.5120647
5.5308029
5.5492311
5.5678027
5.5861219
5.6046367
5.6232619
5.6420664
5.6609625
5.6794910
5.6978784
5.7168696
5.7354073
5.7540395
5.7724797
5.7910707
5.8096930
5.8282635
5.8470323
5.8657439
5.8842473
5.9025900
5.9212922
5.9401036
5.9589208
5.9776404
5.9963692
6.0150799
6.0338248
6.0526812
6.0710106
6.0898386
6.1086691
6.1273360
6.1463401
6.1648560
6.1837508
6.2027057
6.2215522
6.2404355
6.2591987
6.2782632
6.2972910
6.3162156
6.3351447
6.3543723
6.3732893
6.3923078
6.4112086
6.4304019
6.4497182
6.4683353
6.4875744
6.5065079
6.5250722
6.5439086
6.5628657
6.5819120
6.6010026
6.6198948
6.6391860
6.6586621
6.6778445
6.6967539
6.7157464
6.7350175
6.7543562
6.7739707
6.7933767
6.8131651
6.8326244
6.8522641
6.8720877
6.8914731
6.9109687
6.9304705
6.9498103
6.9692704
6.9888088
7.0086256
7.0280852
7.0476566
7.0674746
7.0871939
7.1068208
7.1264973
7.1461966
7.1660547
7.1857711
7.2058734
7.2256248
7.2451713
7.2649181
7.2845666
7.3041678
7.3242423
7.3441296
7.3644304
7.3843892
7.4040127
7.4239077
7.4439693
7.4637592
7.4835296
7.5036143
7.5240829
7.5445429
7.5648569
7.5850637
7.6053750
7.6262109
7.6469521
7.6671933
7.6879644
7.7085270
7.7288097
7.7491943
7.7694158
7.7899960
7.8106089
7.8313737
7.8517059
7.8726176
7.8932522
7.9139086
7.9344226
7.9552336
7.9756385
7.9968316
8.0175848
8.0384228
8.0593208
8.0799690
8.1007763
8.1216282
8.1426412
8.1639561
8.1851981
8.2063257
8.2271810
8.2483437
8.2692669
8.2903162
8.3122125
8.3338347
8.3550779
8.3766064
8.3980889
8.4195553
8.4407784
8.4625442
8.4842514
8.5053961
8.5268842
8.5483738
8.5698960
8.5913549
8.6129641
8.6347399
8.6568847
8.6786225
8.7007090
8.7225266
8.7447732
8.7666994
8.7886781
8.8106123
8.8321244
8.8542171
8.8765868
8.8989775
8.9209532
8.9431537
8.9651279
8.9873828
9.0101382
9.0325580
9.0553038
9.0775911
9.1002216
9.1225662
9.1452447
9.1679638
9.1905421
9.2136361
9.2365223
9.2592819
9.2817632
9.3046535
9.3277204
9.3500526
9.3730984
9.3957050
9.4186998
9.4416776
9.4642274
9.4876446
9.5111859
9.5346075
9.5580144
9.5813055
9.6046414
9.6281736
9.6518905
9.6755972
9.6994691
9.7233536
9.7470661
9.7707855
9.7946729
9.8183162
9.8418869
9.8660963
9.8901789
9.9137323
9.9379030
9.9623129
9.9863622
10.010509
10.034670
10.059118
10.083639
10.108236
10.132790
10.156684
10.180952
10.205571
10.230573
10.255490
10.280398
10.305645
10.330808
10.356050
10.381294
10.406109
10.430996
10.456123
10.481863
10.507174
10.532190
10.557356
10.582302
10.607439
10.633177
10.658312
10.684070
10.709710
10.734943
10.760471
10.786486
10.812028
10.837923
10.863856
10.889742
10.916232
10.941842
10.967984
10.994751
11.021312
11.048048
11.074150
11.100652
11.127514
11.154185
11.180743
11.207650
11.234955
11.261773
11.289076
11.316012
11.343082
11.370196
11.397434
11.425745
11.452474
11.480085
11.507146
11.535014
11.563276
11.591069
11.618766
11.646922
11.674942
11.702980
11.730956
11.759553
11.788152
11.816864
11.845382
11.873525
11.902075
11.930785
11.959787
11.988885
12.017630
12.047183
12.076621
12.105951
12.135875
12.165302
12.194834
12.224391
12.254366
12.283898
12.313253
12.343232
12.372983
12.402477
12.432869
12.462685
12.492478
12.522758
12.553018
12.583973
12.614670
12.645679
12.676749
12.707823
12.739304
12.770763
12.801785
12.833101
12.865254
12.897002
12.928754
12.960698
12.992272
13.024188
13.056335
13.088661
13.121155
13.153979
13.186196
13.218794
13.251970
13.285197
13.317905
13.350738
13.383662
13.417100
13.451060
13.484882
13.518391
13.552071
13.586785
13.620857
13.655120
13.689517
13.724536
13.759468
13.793744
13.828279
13.862899
13.898103
13.932870
13.968141
14.003110
14.038867
14.074891
14.110532
14.145879
14.182135
14.218129
14.254228
14.290609
14.327682
14.364733
14.401322
14.438648
14.475780
14.513543
14.551460
14.589368
14.627077
14.665079
14.703163
14.741311
14.779236
14.818002
14.856356
14.895517
14.934898
14.973907
15.012931
15.052061
15.090813
15.130345
15.170280
15.209864
15.249958
15.289740
15.329980
15.370265
15.410964
15.452495
15.493498
15.534600
15.576606
15.619896
15.661548
15.703645
15.746759
15.790018
15.832556
15.875315
15.919356
15.962787
16.005614
16.049139
16.093831
16.138254
16.183240
16.227376
16.272066
16.316914
16.361712
16.407678
16.454175
16.499457
16.545588
16.591544
16.638876
16.686595
16.734262
16.782185
16.829892
16.877287
16.926334
16.974786
17.023787
17.073281
17.123794
17.172883
17.222777
17.273946
17.324891
17.376110
17.428449
17.480418
17.532782
17.585956
17.638582
17.691184
17.744705
17.798316
17.851821
17.906554
17.961890
18.017041
18.072636
18.127449
18.183694
18.240615
18.297042
18.353838
18.411381
18.470424
18.529248
18.587478
18.646112
18.706256
18.766719
18.827534
18.889335
18.951384
19.012757
19.075243
19.138693
19.202335
19.267177
19.331639
19.397760
19.464980
19.531417
19.598980
19.667035
19.734914
19.803458
19.872550
19.942552
20.012988
20.085294
20.158316
20.231144
20.306056
20.380704
20.456558
20.533119
20.611231
20.687508
20.764117
20.842952
20.923378
21.004869
21.087332
21.169305
21.252553
21.339431
21.425995
21.513952
21.603165
21.689847
21.780647
21.871568
21.966516
22.060144
22.153732
22.248721
22.347128
22.444853
22.545736
22.648676
22.752276
22.856557
22.961733
23.071280
23.181056
23.293286
23.405786
23.519047
23.635766
23.756876
23.876540
24.000790
24.125684
24.252436
24.382823
24.512296
24.644057
24.782157
24.920881
25.061010
25.203277
25.347394
25.496886
25.649588
25.804405
25.961949
26.122356
26.289972
26.455301
26.624003
26.792989
26.971585
27.156647
27.344497
27.531022
27.731661
27.932017
28.133351
28.336208
28.556183
28.773202
28.997390
29.222745
29.458425
29.692395
29.935636
30.187028
30.445997
30.709907
30.977110
31.253875
31.527088
31.809003
32.107114
32.414003
32.728902
33.037771
33.358483
33.692932
34.033034
34.381537
34.742475
35.111969
35.493943
35.886242
36.290053
36.697983
37.128072
37.567026
38.014305
38.474415
38.947407
39.426006
39.913928
40.419789
40.958813
41.512812
42.085238
42.664727
43.260859
43.885647
44.533411
45.192401
45.871468
46.566730
47.280262
48.030501
48.784573
49.550069
50.341707
51.166615
52.001002
52.886344
53.785460
54.714489
55.668538
56.654067
57.683127
58.746481
59.832380
60.935409
62.094217
63.324376
64.578823
65.856218
67.173632
68.487785
69.848094
71.285075
72.769658
74.299590
75.849494
77.482899
79.168063
80.914954
82.739280
84.585334
86.460403
88.442575
90.509810
92.655747
94.836820
97.111871
99.451359
101.83332
104.36801
106.97391
109.63979
112.38576
115.26650
118.29180
121.39775
124.54828
127.74462
130.89756
134.14856
137.51410
140.93685
144.41742
147.89248
151.40174
155.01655
158.79460
162.74799
166.61016
170.45945
174.51787
178.63695
182.83242
187.03060
191.15798
195.25297
199.55242
203.85820
208.25917
212.80310
217.37283
221.86878
226.55125
231.22369
235.99952
240.75842
245.57658
250.42343
255.28855
260.07504
264.89135
269.83741
274.88790
279.98763
285.15390
290.53338
295.74480
300.81941
306.03119
311.38346
316.62469
322.02434
327.42194
332.80218
338.24726
343.85436
349.55386
355.39730
361.24097
367.08899
372.90358
378.79723
384.73364
390.69469
396.51553
402.25509
408.50148
414.63898
421.05976
427.67141
433.99038
440.57120
447.40623
454.35458
461.31142
468.25501
475.00226
481.99860
488.84861
496.01649
503.02781
509.77501
516.78455
524.27279
531.67448
539.23831
546.73078
554.55387
561.95170
569.56038
577.34963
585.41478
593.40292
601.34076
609.68222
617.59866
625.31327
633.36337
641.57054
649.72908
658.08425
666.87194
675.96470
685.33634
694.76379
703.94203
712.67816
722.02818
731.24766
741.05915
750.51231
760.16570
770.27958
780.64587
790.75036
800.92062
811.49669
821.75789
832.34281
842.97957
853.31655
863.66766
874.20586
884.99601
896.28491
907.61081
918.81760
930.17320
942.38229
954.67256
966.38159
978.32278
990.78561
1005.1879
1019.5604
1034.6897
1050.1663
1065.4825
1081.0317
1097.7666
1115.7375
1134.3787
1154.0797
1175.8104
1197.4928
1222.3244
1249.2507
1279.2843
1313.9964
1353.4747
1395.1925
1447.0220
1520.3179
1605.0084
1808.7328
