0.21784327
0.28412708
0.33075558
0.36773024
0.39967426
0.42782262
0.45349168
0.47710776
0.49928243
0.52045877
0.54015307
0.55903238
0.57702524
0.59444053
0.61118539
0.62755365
0.64353094
0.65890202
0.67369838
0.68859094
0.70296780
0.71704163
0.73069928
0.74416209
0.75718790
0.77029298
0.78312686
0.79577867
0.80836671
0.82057220
0.83278573
0.84486965
0.85687057
0.86874869
0.88031689
0.89181414
0.90326105
0.91445371
0.92561594
0.93662788
0.94748165
0.95849652
0.96928012
0.97998737
0.99047102
1.0010394
1.0113580
1.0216173
1.0318111
1.0418068
1.0519457
1.0619920
1.0720621
1.0818941
1.0918040
1.1016053
1.1114026
1.1213379
1.1310125
1.1405241
1.1501314
1.1597482
1.1692890
1.1787278
1.1882123
1.1975685
1.2068088
1.2162429
1.2255325
1.2348001
1.2441059
1.2532102
1.2623306
1.2714179
1.2806008
1.2897627
1.2988640
1.3078698
1.3168299
1.3256776
1.3346776
1.3437016
1.3527165
1.3616184
1.3704756
1.3791972
1.3880249
1.3967975
1.4054894
1.4142672
1.4228897
1.4314481
1.4400197
1.4486057
1.4573513
1.4660566
1.4746909
1.4834028
1.4919059
1.5005297
1.5090108
1.5176498
1.5262225
1.5347816
1.5434504
1.5520662
1.5605588
1.5688888
1.5772581
1.5856657
1.5941342
1.6024596
1.6108904
1.6193738
1.6277810
1.6362206
1.6446061
1.6529165
1.6612111
1.6696202
1.6779045
1.6862357
1.6945456
1.7029488
1.7112878
1.7195013
1.7277282
1.7360043
1.7442749
1.7524867
1.7607687
1.7689073
1.7772567
1.7853921
1.7937396
1.8020333
1.8102507
1.8185969
1.8269589
1.8352935
1.8435808
1.8518179
1.8599140
1.8681118
1.8763504
1.8846751
1.8930586
1.9013023
1.9095609
1.9176539
1.9258413
1.9341164
1.9422786
1.9505033
1.9586142
1.9668009
1.9749901
1.9832955
1.9914763
1.9995022
2.0076293
2.0157681
2.0241594
2.0324463
2.0406144
2.0487427
2.0570089
2.0652712
2.0734045
2.0815808
2.0897337
2.0978889
2.1061324
2.1144045
2.1227410
2.1309288
2.1392660
2.1474071
2.1555717
2.1637933
2.1720904
2.1803083
2.1886370
2.1967712
2.2050177
2.2132152
2.2213721
2.2296345
2.2378518
2.2460322
2.2541003
2.2623232
2.2705467
2.2786724
2.2869421
2.2951348
2.3035067
2.3120174
2.3202770
2.3286006
2.3369314
2.3453515
2.3537040
2.3620860
2.3704675
2.3788599
2.3870995
2.3954949
2.4040625
2.4123569
2.4206911
2.4291810
2.4375082
2.4460413
2.4544382
2.4627589
2.4713064
2.4796166
2.4880016
2.4963877
2.5047121
2.5131779
2.5216451
2.5300437
2.5384509
2.5469939
2.5554405
2.5639595
2.5724962
2.5810252
2.5895208
2.5978642
2.6063655
2.6148666
2.6234261
2.6319466
2.6406943
2.6491692
2.6577854
2.6663568
2.6748910
2.6835183
2.6921733
2.7008306
2.7094013
2.7179929
2.7266355
2.7353531
2.7440868
2.7527288
2.7614958
2.7701828
2.7788816
2.7877197
2.7964623
2.8052158
2.8140134
2.8227538
2.8316506
2.8404108
2.8492673
2.8580340
2.8669695
2.8758639
2.8846970
2.8935197
2.9024284
2.9114297
2.9204875
2.9295008
2.9384966
2.9474627
2.9564650
2.9652188
2.9742572
2.9832809
2.9922656
3.0012889
3.0104250
3.0194283
3.0286386
3.0376508
3.0466914
3.0557476
3.0647240
3.0738753
3.0829494
3.0921000
3.1013038
3.1107198
3.1199816
3.1290898
3.1384415
3.1477835
3.1570066
3.1663217
3.1757044
3.1851912
3.1946249
3.2039714
3.2133379
3.2227467
3.2321485
3.2415766
3.2511253
3.2604115
3.2698562
3.2793394
3.2887748
3.2984680
3.3080120
3.3175492
3.3272008
3.3366742
3.3462376
3.3559030
3.3655298
3.3752435
3.3850787
3.3945954
3.4043991
3.4140506
3.4237269
3.4334874
3.4432253
3.4530625
3.4627769
3.4726907
3.4822936
3.4922627
3.5022416
3.5120378
3.5219978
3.5320922
3.5422036
3.5523658
3.5623169
3.5722052
3.5823104
3.5923696
3.6025221
3.6125955
3.6226944
3.6327605
3.6428387
3.6530468
3.6633591
3.6736439
3.6837104
3.6939443
3.7042774
3.7146170
3.7248877
3.7351743
3.7455473
3.7558706
3.7663708
3.7767369
3.7869504
3.7974635
3.8080061
3.8184447
3.8289907
3.8394088
3.8499344
3.8605782
3.8712425
3.8819467
3.8925391
3.9032261
3.9140441
3.9249193
3.9358210
3.9465927
3.9574875
3.9683916
3.9790718
3.9900989
4.0012983
4.0124040
4.0236054
4.0344625
4.0454941
4.0566174
4.0678333
4.0790198
4.0902533
4.1013568
4.1125996
4.1238663
4.1351925
4.1466821
4.1580697
4.1692972
4.1808690
4.1925454
4.2040258
4.2155061
4.2269928
4.2388363
4.2508020
4.2622992
4.2739499
4.2857656
4.2977038
4.3094134
4.3213817
4.3332655
4.3450785
4.3568438
4.3687782
4.3806553
4.3925702
4.4048543
4.4169620
4.4292106
4.4410640
4.4533293
4.4654544
4.4777669
4.4901839
4.5024171
4.5146409
4.5271800
4.5398150
4.5522621
4.5646505
4.5771703
4.5896327
4.6022422
4.6150904
4.6279889
4.6406108
4.6532191
4.6658572
4.6787887
4.6918045
4.7044587
4.7175694
4.7307211
4.7438132
4.7569399
4.7701297
4.7832516
4.7964374
4.8096820
4.8230997
4.8365189
4.8499540
4.8634587
4.8768389
4.8905025
4.9039915
4.9178075
4.9314823
4.9453747
4.9589045
4.9728213
4.9867162
5.0006689
5.0147171
5.0287179
5.0425391
5.0565672
5.0707775
5.0850895
5.0996463
5.1138753
5.1283560
5.1427643
5.1574946
5.1720967
5.1867801
5.2011629
5.2155581
5.2304872
5.2456553
5.2604869
5.2754630
5.2902744
5.3051629
5.3200212
5.3352919
5.3504231
5.3657047
5.3807632
5.3961416
5.4114503
5.4269643
5.4426882
5.4584728
5.4742620
5.4901454
5.5057469
5.5217884
5.5375605
5.5537788
5.5697627
5.5859493
5.6020474
5.6183366
5.6349417
5.6514994
5.6679667
5.6843570
5.7010053
5.7176842
5.7343705
5.7512541
5.7680854
5.7849665
5.8022996
5.8194908
5.8365495
5.8538927
5.8714983
5.8886376
5.9060829
5.9237853
5.9415981
5.9593420
5.9774753
5.9950162
6.0133947
6.0314835
6.0497800
6.0685483
6.0873403
6.1057205
6.1247400
6.1435944
6.1625705
6.1812561
6.2004606
6.2194663
6.2388724
6.2582930
6.2777128
6.2973236
6.3170245
6.3372723
6.3570587
6.3771420
6.3971879
6.4174777
6.4380721
6.4582965
6.4786299
6.4991871
6.5199905
6.5404494
6.5612599
6.5826680
6.6038790
6.6253335
6.6464372
6.6680811
6.6894157
6.7110992
6.7331360
6.7552103
6.7775208
6.8001036
6.8227902
6.8453420
6.8684182
6.8912888
6.9142868
6.9376455
6.9610508
6.9847339
7.0087323
7.0324575
7.0567115
7.0812299
7.1056539
7.1298408
7.1546986
7.1797088
7.2044333
7.2298183
7.2554188
7.2808952
7.3064745
7.3324450
7.3588507
7.3848180
7.4112478
7.4379306
7.4647741
7.4921186
7.5195762
7.5464830
7.5741040
7.6016600
7.6298872
7.6582549
7.6871752
7.7165349
7.7455088
7.7744977
7.8039822
7.8343225
7.8647576
7.8955194
7.9264580
7.9570021
7.9886152
8.0197280
8.0514588
8.0834167
8.1158770
8.1478593
8.1806724
8.2138954
8.2470432
8.2802280
8.3141320
8.3484759
8.3830143
8.4182771
8.4539962
8.4905377
8.5272214
8.5641479
8.6022059
8.6395745
8.6773065
8.7151990
8.7539902
8.7927490
8.8323372
8.8720923
8.9120528
8.9527977
8.9941153
9.0368813
9.0791560
9.1224480
9.1652778
9.2088828
9.2531950
9.2974848
9.3429674
9.3890800
9.4352324
9.4819677
9.5300445
9.5793534
9.6276943
9.6771520
9.7263195
9.7765921
9.8282325
9.8794284
9.9313021
9.9837207
10.036901
10.091282
10.147356
10.203542
10.260438
10.319244
10.378336
10.439389
10.499580
10.562206
10.625707
10.689663
10.754330
10.820696
10.885811
10.953274
11.021382
11.090079
11.162757
11.233069
11.307557
11.381675
11.458693
11.535089
11.613183
11.694070
11.776462
11.856698
11.941462
12.026277
12.114067
12.203287
12.293927
12.386223
12.480881
12.575560
12.670589
12.768762
12.870100
12.973701
13.078883
13.182882
13.288802
13.399041
13.511659
13.627047
13.742255
13.860207
13.983408
14.107707
14.232511
14.363094
14.491408
14.625120
14.762002
14.901338
15.046428
15.193834
15.339628
15.487656
15.644447
15.799838
15.957639
16.123736
16.292471
16.463505
16.633082
16.806540
16.992214
17.181103
17.368194
17.563595
17.759512
17.956606
18.163919
18.373939
18.590278
18.808309
19.030485
19.258841
19.489388
19.725483
19.973763
20.222915
20.481478
20.738766
21.004230
21.269852
21.543304
21.832507
22.120271
22.420967
22.726325
23.044358
23.365818
23.696979
24.026426
24.364535
24.703982
25.041809
25.399649
25.767927
26.147150
26.531113
26.933474
27.345765
27.773183
28.202716
28.645199
29.105115
29.578356
30.053336
30.529057
31.023160
31.537010
32.058490
32.592049
33.121360
33.678631
34.246105
34.825980
35.430531
36.037179
36.649616
37.296799
37.971878
38.663694
39.375894
40.107876
40.865755
41.640161
42.411388
43.218639
44.044845
44.882797
45.723391
46.603556
47.491201
48.419698
49.352325
50.293170
51.259517
52.254348
53.301069
54.373699
55.463456
56.579207
57.733930
58.908721
60.111300
61.366579
62.639338
63.950419
65.286687
66.659678
68.056108
69.489369
70.963839
72.430854
73.960934
75.545341
77.149674
78.813916
80.536799
82.294837
84.094212
85.955301
87.867282
89.827217
91.791111
93.797657
95.894012
98.007036
100.16324
102.39949
104.65758
107.00231
109.41016
111.88119
114.38853
116.87267
119.40808
121.91632
124.51719
127.26613
130.02018
132.83878
135.75502
138.76710
141.73468
144.66590
147.57879
150.61356
153.66290
156.75706
159.97903
163.38513
166.88386
170.30988
173.63760
176.97988
180.42197
183.92849
187.53980
191.23556
194.97370
198.70874
202.52325
206.28267
210.07259
213.93966
217.82834
221.84525
225.97800
230.09515
234.20699
238.32745
242.45850
246.71398
250.92586
255.23051
259.66163
264.00962
268.66799
273.26701
277.93497
282.67780
287.51739
292.31027
297.09964
301.95620
306.88086
311.83372
316.86969
321.91447
327.00063
332.15794
337.31977
342.68615
348.12265
353.61153
359.25123
364.91749
370.44856
376.03430
381.62131
387.22246
392.79877
398.44279
404.38863
410.23374
416.12269
422.03474
427.85606
434.05226
440.47093
446.82834
453.03402
459.42120
466.01303
472.67409
479.30230
485.77025
492.32895
498.95822
505.75473
512.27986
518.71960
525.06127
531.60831
538.20438
544.72431
551.65849
558.69913
566.06841
573.46163
581.06286
588.59904
595.99055
603.21967
610.40912
617.92884
625.64311
633.46564
641.53753
649.49430
657.62904
666.03857
674.54108
682.94987
691.15696
699.29967
707.79247
715.86372
724.34827
732.91709
741.30358
749.85647
758.56630
767.61321
776.78260
786.37441
795.56023
804.86142
814.54773
823.91274
833.83007
843.67872
853.19186
862.44787
872.30902
882.61774
892.88539
903.92640
914.83261
926.67931
938.36803
951.16692
963.53731
976.03606
989.12765
1002.7188
1016.6952
1031.0713
1045.9560
1062.2444
1077.9390
1094.4646
1112.0282
1130.4327
1150.3982
1170.4254
1193.8101
1217.6966
1243.2917
1273.1125
1305.6230
1344.5761
1382.9352
1441.7300
1510.1718
1604.4890
1776.0890
