4.9783762
6.4228325
7.3900570
8.1556814
8.8180483
9.3995284
9.9388427
10.427739
10.879994
11.302679
11.712377
12.100531
12.461830
12.813949
13.148897
13.474949
13.788376
14.087990
14.387511
14.679881
14.963667
15.236699
15.508560
15.768297
16.028315
16.283312
16.537078
16.782834
17.026684
17.265098
17.499205
17.731623
17.958664
18.184900
18.403839
18.624386
18.841429
19.054316
19.260421
19.468088
19.674195
19.876365
20.078983
20.276410
20.476973
20.674608
20.869718
21.065946
21.258526
21.450729
21.639588
21.831612
22.017721
22.202521
22.387411
22.568898
22.751759
22.932443
23.115666
23.295374
23.470318
23.645708
23.821563
23.994940
24.164301
24.334787
24.507738
24.678623
24.846816
25.016075
25.185574
25.349121
25.512803
25.676940
25.841065
26.004825
26.169009
26.332321
26.492750
26.652385
26.815790
26.976225
27.136657
27.293918
27.453237
27.611663
27.768911
27.925567
28.079578
28.237702
28.391096
28.547338
28.699241
28.851612
29.003351
29.155579
29.303778
29.454332
29.603612
29.751698
29.902452
30.052916
30.201216
30.348957
30.497233
30.647974
30.793642
30.938575
31.089876
31.234637
31.380435
31.526686
31.670474
31.813443
31.955855
32.099565
32.244804
32.390030
32.532936
32.675602
32.818519
32.964129
33.104099
33.246594
33.386937
33.529006
33.670791
33.814297
33.953643
34.094127
34.233819
34.373897
34.510194
34.648170
34.786292
34.925692
35.063178
35.202600
35.338890
35.477351
35.615999
35.754632
35.891645
36.031299
36.167772
36.303158
36.439004
36.576665
36.712053
36.849761
36.986652
37.122550
37.257485
37.392297
37.528684
37.662065
37.797684
37.930488
38.068243
38.203114
38.338885
38.472418
38.605275
38.739038
38.872605
39.008033
39.142976
39.276853
39.407894
39.542548
39.675261
39.810066
39.939734
40.072400
40.204935
40.338429
40.470191
40.605665
40.736771
40.867906
40.998896
41.128148
41.257768
41.390127
41.519949
41.652605
41.783441
41.914526
42.045585
42.177637
42.308306
42.440610
42.572730
42.704053
42.837555
42.967447
43.097324
43.227549
43.356069
43.485890
43.617483
43.748744
43.880549
44.009314
44.140080
44.271558
44.399660
44.532488
44.660116
44.791886
44.923422
45.054225
45.184527
45.313269
45.444882
45.575094
45.706501
45.835791
45.964322
46.093577
46.225332
46.356720
46.486926
46.615705
46.747303
46.879402
47.007239
47.136970
47.266774
47.396910
47.526599
47.653943
47.781911
47.912233
48.041685
48.172051
48.301899
48.431981
48.562260
48.692088
48.821093
48.950213
49.078524
49.208054
49.336678
49.467414
49.594065
49.725592
49.855801
49.984699
50.112292
50.239201
50.370118
50.501417
50.628607
50.757382
50.885246
51.015547
51.143780
51.270316
51.400063
51.528805
51.658077
51.785804
51.913870
52.044192
52.171667
52.299628
52.427915
52.556828
52.685405
52.815846
52.944599
53.073726
53.204329
53.334583
53.462929
53.591119
53.720546
53.849141
53.980659
54.110699
54.238228
54.366801
54.495566
54.625755
54.755974
54.885244
55.015139
55.146495
55.275163
55.405343
55.535887
55.666031
55.797090
55.926590
56.057569
56.188596
56.318701
56.447931
56.580382
56.712684
56.840761
56.969561
57.098152
57.230670
57.362780
57.492505
57.624189
57.755185
57.886392
58.019086
58.147888
58.277504
58.406011
58.536218
58.667158
58.797369
58.930844
59.060860
59.193608
59.325142
59.459449
59.588377
59.720009
59.849873
59.980315
60.114524
60.245826
60.377000
60.510092
60.643773
60.774264
60.906761
61.039439
61.172340
61.304576
61.436885
61.568332
61.703244
61.837796
61.972012
62.103619
62.235655
62.369634
62.504283
62.639872
62.771730
62.903330
63.039030
63.171001
63.301995
63.434132
63.568391
63.702837
63.837081
63.970347
64.105038
64.237420
64.369983
64.504104
64.639373
64.777071
64.913265
65.048511
65.182838
65.316447
65.455552
65.593765
65.728159
65.864367
65.997789
66.134618
66.272314
66.407611
66.543535
66.679318
66.815079
66.949025
67.085869
67.223641
67.358758
67.495932
67.633762
67.770373
67.908139
68.044349
68.181739
68.317318
68.454692
68.594790
68.731022
68.868994
69.007400
69.143369
69.280351
69.418402
69.556966
69.697255
69.834277
69.972982
70.113403
70.251270
70.394268
70.535403
70.672992
70.810188
70.950552
71.091783
71.232778
71.372147
71.512410
71.653821
71.796667
71.939252
72.080133
72.220791
72.359327
72.501142
72.641786
72.781802
72.923410
73.067065
73.207369
73.346905
73.488044
73.630929
73.772396
73.913601
74.055232
74.198046
74.341875
74.483422
74.623618
74.766610
74.912725
75.057239
75.197725
75.341741
75.486585
75.632098
75.776128
75.917273
76.060986
76.203791
76.348027
76.491178
76.637151
76.785291
76.931955
77.078845
77.226686
77.371376
77.517047
77.664627
77.811576
77.957077
78.101680
78.249688
78.396100
78.542460
78.687236
78.835587
78.984404
79.133067
79.281614
79.430890
79.578860
79.727083
79.873182
80.022650
80.170979
80.317719
80.467416
80.616386
80.769024
80.918403
81.067739
81.218591
81.371635
81.523246
81.675685
81.828840
81.981262
82.134539
82.287025
82.438434
82.591116
82.744370
82.895252
83.047811
83.202299
83.356748
83.509374
83.665150
83.817132
83.969724
84.123118
84.274386
84.431775
84.585768
84.739513
84.895374
85.050159
85.208573
85.364475
85.518458
85.674671
85.832981
85.985450
86.144414
86.302217
86.457894
86.615744
86.772370
86.931788
87.091909
87.249785
87.405739
87.568355
87.727222
87.886102
88.045741
88.203830
88.362964
88.525398
88.686198
88.846982
89.007761
89.168873
89.329236
89.491920
89.653715
89.812912
89.975131
90.138503
90.302293
90.466607
90.629530
90.791264
90.955399
91.119914
91.284465
91.447812
91.609763
91.777939
91.945342
92.109677
92.274631
92.444343
92.611179
92.777253
92.945155
93.113729
93.279753
93.447525
93.617975
93.787361
93.956099
94.124035
94.290656
94.459575
94.629609
94.801437
94.972208
95.138390
95.310837
95.483597
95.656632
95.830488
96.003563
96.177924
96.351527
96.522841
96.696784
96.873589
97.046694
97.219791
97.395788
97.571491
97.746188
97.917801
98.092605
98.268297
98.447515
98.625567
98.799917
98.978648
99.156158
99.335215
99.513891
99.693182
99.874168
100.05289
100.22742
100.40545
100.58543
100.76456
100.94137
101.12247
101.30377
101.48825
101.66960
101.85540
102.03867
102.22028
102.40297
102.58852
102.77834
102.96364
103.14585
103.33311
103.51876
103.70404
103.89124
104.08116
104.26885
104.45664
104.64556
104.83662
105.02984
105.21601
105.40591
105.59675
105.78877
105.98165
106.17038
106.36324
106.55745
106.74954
106.93955
107.12813
107.32410
107.52029
107.71429
107.90746
108.10375
108.29872
108.49569
108.69140
108.88920
109.08980
109.28629
109.48625
109.68736
109.88895
110.08704
110.28616
110.48530
110.68979
110.89437
111.09356
111.29645
111.50036
111.70416
111.90686
112.11243
112.31887
112.52262
112.72754
112.93346
113.14070
113.34776
113.55307
113.76230
113.97064
114.18563
114.39840
114.60871
114.82097
115.03434
115.24728
115.45832
115.67107
115.88508
116.09771
116.31502
116.52965
116.74603
116.96255
117.17699
117.39217
117.60949
117.82402
118.04190
118.26700
118.48771
118.70943
118.92982
119.15198
119.37372
119.59632
119.82035
120.04579
120.26943
120.49466
120.71946
120.94494
121.17389
121.39989
121.62984
121.85268
122.08176
122.30988
122.54554
122.77748
123.01040
123.24266
123.47721
123.71604
123.94873
124.17997
124.41713
124.65276
124.89474
125.13012
125.37041
125.61528
125.85946
126.10203
126.34413
126.58729
126.82328
127.06605
127.31181
127.55687
127.80166
128.05051
128.29805
128.54614
128.79291
129.04417
129.30076
129.54925
129.80224
130.05503
130.31327
130.56744
130.82233
131.08064
131.33494
131.58976
131.85071
132.11234
132.37197
132.63053
132.88760
133.15017
133.41195
133.67618
133.94262
134.20892
134.47618
134.74143
135.01072
135.28215
135.55253
135.82176
136.09668
136.36945
136.64908
136.92745
137.20492
137.47968
137.76038
138.03948
138.31781
138.60087
138.89047
139.17492
139.46116
139.74322
140.02665
140.31740
140.60738
140.89645
141.19196
141.48350
141.77883
142.07230
142.36418
142.66508
142.96066
143.26523
143.56185
143.86212
144.16365
144.46398
144.76889
145.07257
145.37777
145.68720
146.00225
146.31808
146.63119
146.94595
147.26754
147.58335
147.90206
148.22464
148.54477
148.86813
149.18988
149.52021
149.84737
150.17633
150.50307
150.83643
151.16700
151.50462
151.84330
152.18251
152.52442
152.86135
153.19690
153.53397
153.87530
154.22027
154.56528
154.91938
155.27105
155.62180
155.98346
156.34536
156.70884
157.06992
157.43401
157.80102
158.16737
158.53040
158.90366
159.27044
159.64149
160.01279
160.39219
160.76874
161.15689
161.54300
161.92741
162.31830
162.71632
163.10682
163.50078
163.90055
164.30710
164.71271
165.11215
165.52133
165.92881
166.34210
166.74775
167.16677
167.58564
168.01407
168.43691
168.87004
169.30191
169.73715
170.16785
170.59205
171.03401
171.48218
171.91876
172.36210
172.81602
173.26408
173.72556
174.19812
174.66665
175.13434
175.60085
176.07111
176.54745
177.02695
177.50711
177.99220
178.48531
178.97564
179.48121
179.98788
180.49625
181.00913
181.52528
182.04314
182.56410
183.08995
183.61551
184.14536
184.67789
185.20722
185.75487
186.31343
186.86960
187.43169
188.00175
188.57492
189.13831
189.71330
190.28835
190.87623
191.45769
192.06049
192.66949
193.28246
193.90353
194.53362
195.16766
195.79978
196.44156
197.08999
197.73863
198.39809
199.07066
199.74840
200.44120
201.13070
201.83790
202.54842
203.26351
203.98771
204.71205
205.44629
206.18857
206.94751
207.70913
208.48230
209.26407
210.06762
210.88317
211.70551
212.52578
213.37980
214.20435
215.08053
215.94547
216.85460
217.76417
218.67338
219.59753
220.55492
221.49384
222.49222
223.45603
224.46269
225.48663
226.51414
227.56439
228.63691
229.71436
230.80772
231.94919
233.09502
234.26027
235.45875
236.67088
237.92676
239.19151
240.47549
241.79319
243.13384
244.53263
245.96076
247.41139
248.89045
250.43065
252.01567
253.61080
255.27382
256.95370
258.73604
260.53812
262.40145
264.39271
266.39499
268.47199
270.65610
272.87622
275.23587
277.68972
280.26219
282.95803
285.74755
288.68930
291.81583
295.17048
298.73389
302.51510
306.61553
310.94582
315.67248
320.78867
326.54000
332.89510
340.18869
348.69437
358.80623
371.43056
388.37449
412.93391
460.82219
