0.093807094
0.18657543
0.27949748
0.37275085
0.46696735
0.56021427
0.65439010
0.74925226
0.84189061
0.93594736
1.0288789
1.1224751
1.2165659
1.3110282
1.4046349
1.4991632
1.5923613
1.6889596
1.7852482
1.8798942
1.9764273
2.0706232
2.1673982
2.2625650
2.3577951
2.4547265
2.5518139
2.6477204
2.7445016
2.8399079
2.9365647
3.0326884
3.1290311
3.2267057
3.3219826
3.4202669
3.5158603
3.6133217
3.7119816
3.8086832
3.9058688
4.0018634
4.0994898
4.1979314
4.2951170
4.3932374
4.4907551
4.5907561
4.6884330
4.7857934
4.8852621
4.9840859
5.0840579
5.1822843
5.2824928
5.3829255
5.4830070
5.5824645
5.6836100
5.7834858
5.8841458
5.9838879
6.0843456
6.1864153
6.2870390
6.3870606
6.4903005
6.5907320
6.6931816
6.7958590
6.8981258
6.9982633
7.0984267
7.1992006
7.3006762
7.4040030
7.5088552
7.6109934
7.7138095
7.8170984
7.9191823
8.0215622
8.1246690
8.2290121
8.3321930
8.4353574
8.5392115
8.6449873
8.7485126
8.8525350
8.9571829
9.0619193
9.1669583
9.2718928
9.3780579
9.4842126
9.5886961
9.6922473
9.7962680
9.9021013
10.008898
10.113406
10.218819
10.325535
10.429665
10.536819
10.644473
10.751204
10.860384
10.967162
11.074036
11.181782
11.288455
11.397267
11.504495
11.613010
11.721943
11.829710
11.939027
12.047104
12.157963
12.267580
12.376939
12.485396
12.593450
12.702327
12.813582
12.925980
13.035940
13.146567
13.256938
13.367687
13.478273
13.588281
13.698910
13.810591
13.920097
14.032120
14.143535
14.256427
14.365263
14.475296
14.585989
14.695970
14.808141
14.920573
15.035167
15.147366
15.262245
15.374593
15.487686
15.600566
15.713129
15.827844
15.941465
16.053269
16.168025
16.280337
16.396601
16.509631
16.625050
16.740637
16.854998
16.971096
17.086865
17.202177
17.317263
17.432619
17.546781
17.662584
17.779255
17.895032
18.012615
18.130501
18.248054
18.364311
18.481074
18.596995
18.712713
18.832572
18.948930
19.066213
19.186858
19.303292
19.422312
19.541943
19.659067
19.779788
19.897187
20.017967
20.138325
20.255994
20.375102
20.495445
20.612257
20.734527
20.855985
20.974782
21.095002
21.214445
21.332823
21.454852
21.577660
21.701056
21.822039
21.944816
22.066286
22.190700
22.312608
22.435489
22.559611
22.683782
22.804469
22.928746
23.051171
23.175601
23.300561
23.424228
23.548358
23.671878
23.797228
23.920784
24.045285
24.166845
24.291734
24.415539
24.541817
24.665696
24.790805
24.918598
25.042682
25.168570
25.296383
25.421615
25.548068
25.676017
25.803083
25.929800
26.057405
26.185423
26.312691
26.442134
26.568993
26.697598
26.826607
26.955857
27.083050
27.211692
27.339256
27.467687
27.598359
27.729353
27.858805
27.989484
28.119882
28.251159
28.381610
28.511005
28.640907
28.772306
28.903202
29.035260
29.166027
29.298265
29.431787
29.563888
29.697781
29.832546
29.966478
30.100996
30.234359
30.369421
30.504254
30.639252
30.771680
30.904401
31.038819
31.173502
31.307640
31.443362
31.579680
31.715753
31.849293
31.986723
32.121578
32.256721
32.394671
32.531107
32.667153
32.803839
32.940908
33.078721
33.216915
33.355068
33.494655
33.634462
33.773707
33.914008
34.052345
34.191202
34.328374
34.469267
34.608875
34.750544
34.892730
35.031798
35.175018
35.316929
35.459797
35.600402
35.741921
35.883458
36.025804
36.169112
36.312154
36.457283
36.601446
36.746225
36.888541
37.033476
37.180035
37.325428
37.469709
37.612281
37.759333
37.905147
38.048294
38.195546
38.341156
38.487971
38.631890
38.779805
38.928646
39.073702
39.221924
39.367632
39.512726
39.661999
39.809953
39.956918
40.105720
40.255516
40.403945
40.553378
40.703717
40.853530
41.001858
41.151631
41.303609
41.455057
41.607317
41.761256
41.914096
42.067534
42.221860
42.373642
42.527410
42.682642
42.835973
42.989833
43.142758
43.295448
43.448821
43.601539
43.755878
43.910155
44.068099
44.221736
44.380262
44.536201
44.692295
44.848474
45.004852
45.162413
45.319968
45.477182
45.635737
45.793221
45.948929
46.105495
46.263627
46.422135
46.583023
46.744094
46.902221
47.062118
47.219348
47.383287
47.543120
47.706491
47.869010
48.035079
48.195132
48.357582
48.518052
48.680552
48.845575
49.008642
49.173289
49.337019
49.499097
49.662928
49.827810
49.991375
50.159628
50.329821
50.496715
50.663542
50.831727
51.001817
51.169680
51.336618
51.504517
51.672790
51.842599
52.013030
52.182835
52.351184
52.521754
52.690985
52.861882
53.031108
53.206173
53.381224
53.553333
53.725460
53.897347
54.071187
54.244035
54.416479
54.592398
54.764745
54.939067
55.115248
55.290527
55.467634
55.645161
55.820539
55.994608
56.170512
56.351047
56.527362
56.705069
56.884321
57.064230
57.241797
57.422499
57.606670
57.787573
57.968837
58.148628
58.327662
58.508795
58.692424
58.875956
59.058947
59.243318
59.425055
59.606767
59.789775
59.972804
60.156636
60.340727
60.524912
60.709425
60.897154
61.084758
61.274216
61.459269
61.646267
61.833608
62.021232
62.209668
62.397600
62.587334
62.778256
62.968588
63.155902
63.345549
63.537666
63.731305
63.922756
64.114467
64.305752
64.495471
64.692595
64.884194
65.080205
65.276619
65.471157
65.665863
65.863907
66.060455
66.257245
66.457140
66.653687
66.852191
67.048633
67.248428
67.448353
67.649736
67.849428
68.050815
68.251111
68.449683
68.648871
68.853431
69.055187
69.259775
69.463078
69.666298
69.873258
70.079917
70.284941
70.493536
70.700292
70.904509
71.113131
71.319497
71.526947
71.734452
71.942702
72.151267
72.362377
72.568300
72.781494
72.995811
73.204851
73.416892
73.629633
73.842962
74.057566
74.271681
74.484587
74.698520
74.920963
75.138015
75.360236
75.582873
75.802137
76.020087
76.242310
76.458866
76.682347
76.896669
77.116279
77.337255
77.561235
77.781974
78.001030
78.226254
78.449376
78.673000
78.894645
79.116966
79.345063
79.572990
79.801731
80.026543
80.257067
80.487950
80.721486
80.948590
81.182595
81.415237
81.649121
81.878589
82.108596
82.337049
82.571811
82.811848
83.045280
83.281119
83.519772
83.757438
83.992986
84.234056
84.468353
84.707729
84.951949
85.195470
85.436990
85.679297
85.919586
86.160905
86.406086
86.648971
86.893904
87.140144
87.385105
87.628007
87.873254
88.120482
88.368957
88.619351
88.869285
89.113311
89.364461
89.615733
89.864923
90.119373
90.373446
90.626274
90.883930
91.138485
91.392671
91.650117
91.906206
92.162926
92.423661
92.687459
92.948681
93.203925
93.462462
93.721751
93.985825
94.246267
94.508506
94.774269
95.041725
95.307829
95.580455
95.848823
96.115193
96.383631
96.653459
96.924130
97.200806
97.473406
97.739615
98.008591
98.283773
98.558468
98.835934
99.110882
99.384530
99.659603
99.939374
100.21602
100.49943
100.78211
101.06477
101.34845
101.62963
101.91298
102.19906
102.48215
102.77000
103.05889
103.34716
103.63970
103.92862
104.22416
104.51744
104.80777
105.09960
105.39504
105.69640
105.99531
106.29533
106.59047
106.89328
107.19586
107.49620
107.79805
108.10084
108.40688
108.71493
109.02583
109.33714
109.64361
109.95445
110.26434
110.57555
110.89199
111.20193
111.52018
111.83724
112.15479
112.47330
112.79334
113.11699
113.44061
113.76024
114.08267
114.40654
114.72613
115.05073
115.38001
115.71413
116.03992
116.37108
116.70464
117.03614
117.37358
117.70948
118.04678
118.37533
118.70913
119.04829
119.38519
119.73491
120.07814
120.42367
120.76451
121.10393
121.44497
121.79573
122.14436
122.50239
122.85187
123.20570
123.56304
123.90671
124.25919
124.61379
124.98047
125.33938
125.70492
126.06600
126.43364
126.80436
127.16890
127.54206
127.91195
128.28204
128.64920
129.02731
129.40130
129.77741
130.15534
130.53281
130.91624
131.29742
131.67710
132.06121
132.44934
132.83462
133.22612
133.61797
134.01279
134.41875
134.80732
135.20333
135.61185
136.00878
136.41067
136.81625
137.22052
137.62786
138.03206
138.44978
138.86332
139.26925
139.69139
140.11609
140.54040
140.96462
141.38566
141.81212
142.23921
142.66432
143.09844
143.53202
143.96771
144.41889
144.85773
145.30657
145.75581
146.20148
146.64733
147.09326
147.54716
147.99590
148.45064
148.89949
149.35056
149.82085
150.28236
150.74258
151.20681
151.68019
152.14965
152.62071
153.09394
153.56752
154.05251
154.53194
155.01190
155.50260
155.99268
156.48126
156.98098
157.47802
157.97402
158.47638
158.97911
159.48238
159.99042
160.49341
161.01071
161.53627
162.05593
162.57172
163.09736
163.63448
164.16967
164.69735
165.22886
165.76750
166.30397
166.84986
167.40316
167.95369
168.51526
169.07732
169.62940
170.19927
170.76218
171.33240
171.90740
172.48454
173.07669
173.66963
174.24771
174.83952
175.43387
176.03720
176.63757
177.24944
177.85839
178.46184
179.07310
179.67995
180.29790
180.92736
181.56167
182.20525
182.84858
183.48801
184.14277
184.79210
185.46119
186.12849
186.80164
187.46287
188.14078
188.82244
189.51371
190.20307
190.90898
191.60691
192.31197
193.01665
193.72251
194.43915
195.17008
195.90398
196.63303
197.37940
198.13080
198.88045
199.63796
200.40242
201.16661
201.93982
202.71358
203.49939
204.29097
205.09875
205.90355
206.72510
207.53722
208.37785
209.22181
210.04888
210.87840
211.73449
212.59777
213.45743
214.32938
215.19206
216.09002
216.97598
217.88427
218.80448
219.72183
220.65389
221.59689
222.52955
223.47773
224.43733
225.41130
226.40619
227.40362
228.42264
229.41272
230.44444
231.46009
232.50088
233.54108
234.60809
235.67431
236.74499
237.84704
238.94214
240.06072
241.18571
242.35493
243.52316
244.70681
245.89965
247.08731
248.31156
249.53561
250.76308
252.03335
253.28979
254.55761
255.84234
257.15575
258.48842
259.84763
261.23603
262.61040
264.01644
265.45780
266.87808
268.34697
269.84420
271.35823
272.86016
274.40353
275.98847
277.59010
279.19283
280.84685
282.52996
284.22545
285.95956
287.73760
289.54439
291.38404
293.22094
295.11665
297.03043
298.98006
301.00427
303.06428
305.16134
307.28658
309.45482
311.63464
313.87095
316.14169
318.49352
320.91166
323.37233
325.93773
328.51946
331.14250
333.90599
336.70953
339.58282
342.55556
345.58983
348.73382
351.94680
355.21897
358.69999
362.32155
366.04398
369.82473
373.81833
377.98041
382.23134
386.70694
391.32890
396.17628
401.27016
406.73857
412.39028
418.39207
424.66521
431.28606
438.48574
446.16616
454.49848
463.60482
473.44697
484.02967
495.91926
509.21513
524.54459
542.82697
564.29348
591.31730
627.42421
682.66125
792.15328
