4.9015312
6.3070676
7.2777573
8.0394799
8.6916049
9.2636142
9.7936580
10.267982
10.705417
11.126337
11.520022
11.891396
12.249799
12.588375
12.922058
13.244427
13.563822
13.866201
14.158181
14.443986
14.731150
15.003333
15.269171
15.532522
15.787064
16.041046
16.286259
16.530263
16.770681
17.003417
17.235430
17.463288
17.686579
17.909305
18.132947
18.347628
18.561158
18.772412
18.981093
19.191035
19.393917
19.595566
19.798011
19.997000
20.193369
20.390774
20.586485
20.777036
20.964648
21.152719
21.338289
21.521873
21.707388
21.889586
22.069773
22.251811
22.428144
22.610151
22.787379
22.964171
23.139434
23.311230
23.487028
23.659858
23.830825
24.000701
24.170895
24.339984
24.508561
24.674289
24.839038
25.005995
25.171114
25.336213
25.497935
25.660295
25.821164
25.982998
26.144175
26.305708
26.464710
26.621661
26.783107
26.938559
27.093215
27.249411
27.404056
27.562524
27.714349
27.865677
28.019186
28.173704
28.327613
28.481302
28.633574
28.780966
28.928655
29.078511
29.229577
29.377489
29.527947
29.674375
29.822587
29.969920
30.117920
30.264967
30.409621
30.554950
30.698371
30.842101
30.987508
31.132560
31.278927
31.421141
31.562018
31.704781
31.846004
31.989377
32.132406
32.273078
32.414322
32.555470
32.698218
32.840055
32.980581
33.119411
33.258596
33.398972
33.538859
33.677756
33.814755
33.954268
34.090268
34.228103
34.365717
34.505207
34.641051
34.780565
34.917351
35.053645
35.188698
35.326611
35.463048
35.599704
35.735273
35.871014
36.006937
36.140195
36.274831
36.409831
36.545565
36.679912
36.814551
36.949862
37.082413
37.215709
37.350043
37.483941
37.617391
37.751260
37.884828
38.019403
38.152797
38.285073
38.417340
38.550194
38.681911
38.814868
38.947993
39.079761
39.212604
39.344210
39.475466
39.609141
39.741083
39.872017
40.005581
40.136968
40.266900
40.398721
40.530888
40.663429
40.795685
40.925085
41.056283
41.188177
41.318716
41.451061
41.578800
41.710623
41.843128
41.971923
42.104628
42.234997
42.366574
42.497760
42.627414
42.756534
42.886920
43.015750
43.145842
43.275620
43.407914
43.540022
43.671458
43.801974
43.932942
44.064832
44.191038
44.321536
44.450678
44.580498
44.709172
44.838240
44.966640
45.094917
45.227362
45.356234
45.487366
45.614936
45.742330
45.870958
46.000052
46.129727
46.257464
46.386141
46.515869
46.645811
46.775847
46.905299
47.035555
47.165545
47.293714
47.422881
47.550420
47.679147
47.806689
47.934661
48.062488
48.192274
48.319942
48.446077
48.573650
48.702502
48.829994
48.957407
49.087390
49.215109
49.342791
49.470332
49.598777
49.726352
49.854528
49.982498
50.108327
50.237329
50.365510
50.493584
50.620312
50.749445
50.879688
51.007408
51.136865
51.267036
51.396141
51.524499
51.654384
51.780899
51.908591
52.038104
52.168207
52.296748
52.428419
52.557459
52.688316
52.816143
52.946114
53.076124
53.205722
53.334258
53.462614
53.590800
53.720229
53.849369
53.976541
54.107212
54.236596
54.365745
54.496017
54.623783
54.753640
54.884864
55.016449
55.144360
55.273582
55.404240
55.532590
55.662076
55.792542
55.923436
56.054579
56.184258
56.313195
56.443630
56.574620
56.704144
56.835078
56.966017
57.095639
57.226972
57.358238
57.488924
57.618133
57.747775
57.877252
58.007719
58.140553
58.271028
58.404343
58.534891
58.665844
58.796692
58.926861
59.058712
59.190322
59.322138
59.455418
59.587855
59.719021
59.850533
59.983480
60.117056
60.250862
60.380262
60.513160
60.646350
60.781057
60.911527
61.043206
61.177267
61.311649
61.443754
61.578138
61.713234
61.845477
61.978534
62.111206
62.246529
62.378755
62.512343
62.645240
62.778427
62.913181
63.048868
63.181362
63.315308
63.451726
63.583214
63.717709
63.853674
63.987415
64.121413
64.256918
64.390310
64.525077
64.658689
64.792926
64.928623
65.063535
65.200131
65.333512
65.468265
65.602496
65.737241
65.874997
66.009788
66.147856
66.281676
66.418371
66.556051
66.692242
66.830695
66.969194
67.106299
67.244782
67.383586
67.523675
67.661567
67.799757
67.935222
68.074476
68.212748
68.349461
68.487828
68.627267
68.766224
68.904408
69.040696
69.179720
69.316825
69.454784
69.589910
69.728578
69.868460
70.008693
70.148439
70.285207
70.426946
70.566170
70.707922
70.849561
70.988894
71.127946
71.267731
71.408042
71.548530
71.692483
71.833100
71.975238
72.115140
72.254180
72.395692
72.536911
72.681448
72.822997
72.963878
73.103550
73.246576
73.389673
73.533396
73.678078
73.823206
73.964120
74.108258
74.251428
74.394190
74.539487
74.680138
74.826881
74.970923
75.115639
75.258805
75.405089
75.550774
75.696931
75.842755
75.988049
76.135765
76.278444
76.424311
76.571096
76.718372
76.863125
77.011849
77.159069
77.303088
77.448408
77.594638
77.739482
77.887308
78.037959
78.188134
78.337516
78.488106
78.634448
78.780676
78.929059
79.075661
79.223748
79.373259
79.525551
79.672655
79.825070
79.976863
80.127014
80.277881
80.428786
80.578966
80.731453
80.882617
81.036846
81.188329
81.337020
81.493679
81.646943
81.799795
81.950022
82.103981
82.256944
82.408303
82.561149
82.713837
82.868943
83.025309
83.179686
83.334966
83.491763
83.644567
83.803307
83.960293
84.117503
84.272590
84.427907
84.586587
84.745161
84.901904
85.062519
85.220692
85.376840
85.535939
85.693189
85.853157
86.011318
86.168903
86.326149
86.486033
86.644424
86.802651
86.962043
87.123939
87.286344
87.447868
87.610681
87.773738
87.933809
88.094231
88.254878
88.416897
88.579690
88.740894
88.905010
89.068987
89.231164
89.395095
89.557508
89.721463
89.886949
90.052519
90.214692
90.377370
90.542342
90.711343
90.877796
91.043093
91.205785
91.374225
91.540396
91.709268
91.877792
92.046319
92.214032
92.381092
92.550766
92.720967
92.886487
93.058156
93.224038
93.395361
93.566418
93.737118
93.907545
94.080425
94.249823
94.420131
94.589703
94.765303
94.938160
95.110259
95.282109
95.457045
95.630044
95.804251
95.979786
96.154254
96.330534
96.507679
96.682461
96.856424
97.028817
97.198833
97.375369
97.553144
97.729401
97.906063
98.082113
98.259254
98.437141
98.612783
98.791173
98.971451
99.150725
99.327814
99.507332
99.688527
99.870013
100.04909
100.23146
100.41471
100.59709
100.77944
100.96192
101.14450
101.32585
101.51037
101.69781
101.88089
102.06650
102.25225
102.43655
102.62409
102.80845
102.99511
103.18835
103.37686
103.56805
103.75954
103.94723
104.13477
104.32538
104.51491
104.70337
104.89321
105.08414
105.27581
105.46701
105.66207
105.85334
106.04654
106.24028
106.43569
106.63249
106.82962
107.02762
107.22393
107.42155
107.61690
107.81417
108.01268
108.21027
108.40591
108.60304
108.80287
109.00193
109.20317
109.40397
109.60573
109.80701
110.00535
110.20687
110.40885
110.61146
110.81696
111.02219
111.22925
111.43687
111.64680
111.85632
112.06171
112.27341
112.48018
112.69045
112.89774
113.10786
113.31916
113.52565
113.73861
113.95141
114.16536
114.37823
114.59174
114.80578
115.01896
115.23155
115.44718
115.65900
115.88021
116.09723
116.30958
116.52710
116.75047
116.97085
117.18758
117.40758
117.62897
117.85097
118.07159
118.29930
118.52253
118.75149
118.97878
119.19930
119.42882
119.65239
119.87468
120.10467
120.32969
120.55761
120.78484
121.01318
121.24639
121.47551
121.70942
121.94362
122.17633
122.41201
122.63995
122.87119
123.10507
123.34172
123.57826
123.81658
124.05486
124.28932
124.52911
124.77195
125.01375
125.25182
125.49228
125.73401
125.98009
126.22088
126.46562
126.70513
126.95483
127.20473
127.44928
127.69929
127.95308
128.20054
128.45461
128.70632
128.96038
129.21488
129.46805
129.72417
129.97863
130.23525
130.49302
130.75662
131.01786
131.27701
131.53629
131.79733
132.06253
132.33093
132.59513
132.86105
133.12718
133.39424
133.66320
133.93017
134.19679
134.46423
134.73639
135.01099
135.29051
135.56852
135.84531
136.12865
136.40950
136.69513
136.97782
137.25493
137.53798
137.82240
138.10766
138.39112
138.67580
138.96068
139.24833
139.54239
139.83437
140.12594
140.41722
140.70905
141.00468
141.30407
141.59534
141.89262
142.19131
142.49470
142.79395
143.10056
143.40771
143.71628
144.01976
144.32264
144.63242
144.94199
145.24681
145.55842
145.87514
146.18743
146.49928
146.81758
147.13288
147.45482
147.77733
148.10165
148.42815
148.75739
149.08636
149.41654
149.74737
150.07991
150.41340
150.74392
151.07952
151.42078
151.76431
152.10680
152.44711
152.79188
153.14081
153.48815
153.83980
154.19154
154.53673
154.88920
155.24455
155.60270
155.96157
156.32187
156.68785
157.05366
157.41726
157.78919
158.15798
158.52980
158.90987
159.28586
159.66359
160.04548
160.43102
160.81512
161.20455
161.59586
161.98421
162.37771
162.77238
163.17298
163.57754
163.97747
164.38155
164.78795
165.19292
165.60640
166.01899
166.43220
166.85883
167.27944
167.71068
168.14305
168.56901
168.99757
169.43745
169.87754
170.31324
170.75102
171.19719
171.64155
172.09205
172.54892
173.00640
173.46141
173.92408
174.39323
174.86308
175.33590
175.80610
176.28477
176.76365
177.24088
177.72009
178.21469
178.70783
179.20183
179.70466
180.20807
180.71260
181.22963
181.74665
182.26932
182.78733
183.32390
183.85526
184.39947
184.94732
185.49340
186.04911
186.61015
187.17025
187.74534
188.31768
188.89175
189.47163
190.05592
190.65240
191.25104
191.85504
192.46842
193.07179
193.69028
194.31603
194.95290
195.59227
196.23590
196.89010
197.53524
198.20954
198.87946
199.55293
200.24531
200.93023
201.62824
202.33044
203.04375
203.75662
204.48190
205.21533
205.96467
206.73871
207.50317
208.26441
209.04410
209.84315
210.64266
211.45565
212.26829
213.09656
213.93267
214.79027
215.65552
216.52063
217.40617
218.31099
219.22267
220.15518
221.09279
222.05482
223.02588
224.02361
225.03630
226.06870
227.11689
228.18441
229.25224
230.35971
231.46887
232.61863
233.75801
234.94253
236.14857
237.37933
238.63084
239.89100
241.20784
242.52630
243.91629
245.31754
246.72070
248.19562
249.67826
251.23387
252.81625
254.40684
256.07263
257.75201
259.53110
261.35651
263.20094
265.13877
267.12199
269.18502
271.37194
273.57936
275.88566
278.30414
280.83242
283.49124
286.18802
289.08267
292.17293
295.42998
298.83519
302.49009
306.36319
310.52687
315.02167
319.95357
325.28487
331.20760
337.87989
345.40495
354.23316
364.63974
377.43925
394.62211
420.25842
471.79672
