0.026801536
0.053672734
0.080843254
0.10753599
0.13509980
0.16205056
0.18927011
0.21644691
0.24387708
0.27172626
0.29961832
0.32770965
0.35565368
0.38395933
0.41136325
0.43923586
0.46699184
0.49541176
0.52318411
0.55216604
0.58016787
0.60806389
0.63631793
0.66436701
0.69263930
0.72092615
0.74872845
0.77673054
0.80520854
0.83368867
0.86240418
0.89104522
0.92021681
0.94872647
0.97746396
1.0058485
1.0351979
1.0642325
1.0933619
1.1217639
1.1509133
1.1799649
1.2090840
1.2381886
1.2674373
1.2963170
1.3254547
1.3551320
1.3849525
1.4148970
1.4451196
1.4749160
1.5047586
1.5346759
1.5644394
1.5941187
1.6243481
1.6545768
1.6843683
1.7146271
1.7450334
1.7752248
1.8052158
1.8354660
1.8662539
1.8964875
1.9272478
1.9576407
1.9877914
2.0188003
2.0497814
2.0810471
2.1118464
2.1424818
2.1738546
2.2057586
2.2375887
2.2691089
2.3003640
2.3317146
2.3633570
2.3955704
2.4273637
2.4591233
2.4914435
2.5229449
2.5548795
2.5862328
2.6180708
2.6501266
2.6819720
2.7140071
2.7465172
2.7786349
2.8106829
2.8423981
2.8747865
2.9074033
2.9396437
2.9721999
3.0052944
3.0390292
3.0720869
3.1048471
3.1381246
3.1707672
3.2040851
3.2372292
3.2702250
3.3037337
3.3370753
3.3699263
3.4034065
3.4365011
3.4706783
3.5045413
3.5376938
3.5714632
3.6056663
3.6396635
3.6743734
3.7090056
3.7434447
3.7774261
3.8118283
3.8463989
3.8805970
3.9146902
3.9495403
3.9844656
4.0189685
4.0532688
4.0882383
4.1232409
4.1586976
4.1936409
4.2286765
4.2643071
4.2997792
4.3361518
4.3719016
4.4070011
4.4424321
4.4785360
4.5153197
4.5512455
4.5878888
4.6234501
4.6593292
4.6947236
4.7312920
4.7681939
4.8047832
4.8418203
4.8792614
4.9158604
4.9524098
4.9902409
5.0268924
5.0641218
5.1012322
5.1388581
5.1762331
5.2142745
5.2520237
5.2893918
5.3275333
5.3655747
5.4032232
5.4404115
5.4787738
5.5167337
5.5550689
5.5928831
5.6312614
5.6702940
5.7093249
5.7483418
5.7871435
5.8258296
5.8646351
5.9034857
5.9428694
5.9819192
6.0208805
6.0602849
6.0994540
6.1395761
6.1782419
6.2175704
6.2577440
6.2981779
6.3374943
6.3779371
6.4179395
6.4584302
6.4989286
6.5394265
6.5804982
6.6213666
6.6625880
6.7040637
6.7460498
6.7870325
6.8292730
6.8710034
6.9120576
6.9539285
6.9957117
7.0369694
7.0785438
7.1207307
7.1631683
7.2060700
7.2494468
7.2928544
7.3355629
7.3777949
7.4211887
7.4638052
7.5067980
7.5501577
7.5937729
7.6372319
7.6807816
7.7246944
7.7675507
7.8113899
7.8552914
7.8998437
7.9442846
7.9883139
8.0324494
8.0780028
8.1229755
8.1677753
8.2123679
8.2566817
8.3035890
8.3492641
8.3944973
8.4403126
8.4869215
8.5325463
8.5780777
8.6241801
8.6708566
8.7174448
8.7636236
8.8099597
8.8568384
8.9044814
8.9510133
8.9980198
9.0458561
9.0936139
9.1407854
9.1877103
9.2352944
9.2831886
9.3309003
9.3802860
9.4291803
9.4773672
9.5257833
9.5740490
9.6220514
9.6705671
9.7205960
9.7692895
9.8186143
9.8679940
9.9172239
9.9684171
10.018408
10.069114
10.119359
10.168795
10.218219
10.268927
10.318989
10.370177
10.421595
10.472119
10.524202
10.576330
10.627793
10.679839
10.731355
10.783896
10.836438
10.889294
10.940765
10.994590
11.046906
11.100020
11.153137
11.206807
11.261448
11.315577
11.369499
11.423966
11.478242
11.532317
11.587620
11.642766
11.697595
11.753339
11.810030
11.865092
11.921227
11.977349
12.034186
12.088961
12.144959
12.200117
12.257099
12.314320
12.371612
12.429460
12.487595
12.545917
12.603025
12.660346
12.718817
12.777528
12.837245
12.896126
12.955587
13.014679
13.074850
13.135036
13.195759
13.257585
13.317103
13.377000
13.438175
13.500090
13.561413
13.621681
13.682742
13.744466
13.806219
13.868647
13.931169
13.994154
14.057300
14.120490
14.184611
14.248864
14.312517
14.376423
14.441984
14.505882
14.570093
14.635622
14.700577
14.765894
14.832703
14.898880
14.965894
15.033010
15.098667
15.165878
15.233741
15.301395
15.369896
15.436292
15.505165
15.573107
15.642532
15.711965
15.780626
15.849065
15.917669
15.987366
16.057635
16.128331
16.198765
16.269530
16.341631
16.412945
16.484845
16.555463
16.627596
16.700010
16.773922
16.847016
16.919630
16.993677
17.067795
17.141595
17.215924
17.290347
17.364861
17.439586
17.515258
17.591313
17.667951
17.746402
17.823578
17.902421
17.980102
18.057043
18.136247
18.214972
18.292548
18.372535
18.452267
18.532271
18.612408
18.693729
18.773069
18.855777
18.938536
19.021703
19.103453
19.185497
19.269293
19.351923
19.436474
19.521357
19.606155
19.690346
19.775875
19.862027
19.948235
20.034328
20.122202
20.207948
20.295730
20.381262
20.469707
20.558318
20.648036
20.736705
20.828493
20.919810
21.010962
21.102568
21.193093
21.286894
21.379496
21.472434
21.565736
21.658067
21.751272
21.844516
21.938685
22.033812
22.129531
22.226264
22.324748
22.419660
22.516390
22.614540
22.711361
22.811052
22.909569
23.007477
23.107007
23.208529
23.307837
23.411545
23.514138
23.615864
23.717818
23.822076
23.925792
24.031165
24.134471
24.238774
24.342349
24.449634
24.555219
24.660786
24.767470
24.875396
24.983493
25.090566
25.199602
25.310069
25.420223
25.531311
25.641309
25.752427
25.862014
25.975821
26.090846
26.205996
26.319746
26.435273
26.552299
26.667520
26.784275
26.901962
27.018868
27.137479
27.256935
27.379930
27.500593
27.622123
27.743265
27.864514
27.987127
28.110214
28.234674
28.359364
28.485545
28.611951
28.742290
28.868747
28.996381
29.124825
29.255229
29.384080
29.512552
29.644692
29.778193
29.910527
30.043096
30.176327
30.311012
30.444858
30.583435
30.718748
30.856829
30.995375
31.131983
31.271072
31.412773
31.553882
31.692911
31.833983
31.978052
32.123696
32.268487
32.413667
32.557518
32.706650
32.851868
32.999831
33.149352
33.299864
33.450224
33.601070
33.754733
33.909694
34.064643
34.221040
34.376459
34.532788
34.688109
34.848345
35.005167
35.165466
35.324897
35.487699
35.651418
35.815711
35.980076
36.146673
36.311645
36.480956
36.649873
36.821792
36.991316
37.161421
37.335614
37.510229
37.682176
37.858690
38.032154
38.212094
38.389349
38.568895
38.749870
38.930533
39.113949
39.299317
39.482842
39.667061
39.853639
40.043880
40.232531
40.421748
40.612167
40.804657
41.000109
41.195028
41.390550
41.584967
41.782606
41.980650
42.181725
42.382205
42.580053
42.777725
42.980548
43.186351
43.393968
43.602037
43.813014
44.026146
44.236403
44.446679
44.659672
44.874645
45.088930
45.306802
45.524711
45.745518
45.967780
46.192182
46.418961
46.646062
46.873823
47.102559
47.335191
47.565254
47.800801
48.035073
48.271497
48.508148
48.746887
48.988163
49.231057
49.476835
49.718464
49.965915
50.215422
50.461860
50.715094
50.965998
51.222534
51.477416
51.732858
51.987534
52.248542
52.511281
52.771982
53.036864
53.304823
53.570079
53.841801
54.115174
54.390389
54.665472
54.942195
55.218435
55.503238
55.790405
56.076149
56.361724
56.646935
56.929230
57.218763
57.514502
57.808323
58.104661
58.405399
58.703282
59.006068
59.308881
59.611645
59.918542
60.226339
60.535901
60.847776
61.161305
61.476336
61.800332
62.125396
62.450083
62.779829
63.112893
63.444798
63.779163
64.114016
64.445919
64.786283
65.127780
65.474394
65.818537
66.167526
66.513653
66.867998
67.228138
67.588866
67.953368
68.315748
68.677430
69.043369
69.410533
69.787125
70.158782
70.531288
70.907680
71.290368
71.676549
72.064911
72.458628
72.854603
73.251285
73.652986
74.054068
74.452067
74.858684
75.274879
75.692219
76.116479
76.545824
76.965446
77.385945
77.817446
78.243113
78.667502
79.107201
79.549483
79.994469
80.442114
80.893505
81.344700
81.806035
82.261251
82.724982
83.198618
83.657074
84.133694
84.608538
85.092905
85.578218
86.064433
86.551911
87.038797
87.530307
88.025096
88.528243
89.039256
89.550124
90.061749
90.575140
91.100256
91.630309
92.160340
92.689875
93.236611
93.779918
94.330733
94.882495
95.436664
95.994461
96.563824
97.134307
97.711593
98.287743
98.863656
99.452168
100.04622
100.65102
101.24809
101.84949
102.45126
103.07284
103.69514
104.31552
104.92981
105.55426
106.19465
106.83758
107.48859
108.13992
108.79558
109.46436
110.12986
110.80994
111.48899
112.17162
112.84798
113.53011
114.22895
114.93748
115.65367
116.36868
117.10003
117.83336
118.57216
119.31938
120.05940
120.82020
121.58494
122.34190
123.11073
123.89238
124.69230
125.49705
126.28313
127.09210
127.89956
128.72838
129.55392
130.39508
131.25800
132.11550
132.97222
133.83728
134.70546
135.60777
136.49272
137.38423
138.28987
139.19623
140.10305
141.04013
141.99566
142.95741
143.90299
144.85015
145.81366
146.80790
147.79435
148.80432
149.81227
150.83327
151.86100
152.89325
153.93809
154.98661
156.05271
157.11796
158.21039
159.29752
160.41611
161.54250
162.68901
163.85929
165.00878
166.17545
167.35278
168.53722
169.73088
170.95101
172.15867
173.39857
174.64123
175.93227
177.20311
178.48774
179.77526
181.09656
182.43686
183.77537
185.15076
186.54153
187.94990
189.36434
190.77800
192.21536
193.65050
195.13256
196.61574
198.13814
199.66116
201.21392
202.76618
204.34245
205.89968
207.51525
209.13220
210.78747
212.46536
214.18777
215.86663
217.58605
219.33397
221.07588
222.87876
224.71407
226.53590
228.38958
230.28742
232.16662
234.11898
236.06751
238.07045
240.06757
242.11409
244.15395
246.24264
248.34128
250.43836
252.61542
254.81695
257.01385
259.22893
261.51720
263.86076
266.20601
268.60819
270.99827
273.42053
275.86178
278.36626
280.89714
283.51192
286.11092
288.71793
291.41292
294.17361
296.96604
299.71253
302.62496
305.50511
308.45463
311.43628
314.51977
317.62396
320.77018
323.95412
327.20836
330.49965
333.88015
337.31431
340.78504
344.26301
347.91410
351.56892
355.31141
359.11980
363.04404
366.99507
370.99403
375.08003
379.29419
383.48964
387.85543
392.32874
396.81258
401.41954
406.16973
410.99221
415.86682
420.91030
425.98908
431.20575
436.64268
442.11977
447.69286
453.38828
459.25247
465.30997
471.50413
477.75283
484.24396
490.92756
497.79911
504.79122
511.93208
519.39150
527.06072
534.72113
542.82916
551.08572
559.61756
568.48268
577.64941
586.89939
596.48747
606.58978
617.08770
627.84874
639.41553
651.23440
663.57151
676.63813
689.94831
703.68642
718.20540
733.74518
749.96101
767.18351
785.28045
804.54960
824.71111
846.26856
869.61595
894.60173
921.86677
951.45705
984.18605
1019.3343
1058.9121
1103.2650
1154.6924
1214.8675
1286.8144
1375.1949
1494.2284
1674.2746
2040.3825
