0.0049637361
0.0099177115
0.014880400
0.019816282
0.024899595
0.029826062
0.034805921
0.039768134
0.044775627
0.049742773
0.054847825
0.059846863
0.064982032
0.070082224
0.075162517
0.080184558
0.085255335
0.090311468
0.095379280
0.10055326
0.10571449
0.11085701
0.11591997
0.12108634
0.12617424
0.13131791
0.13649306
0.14163111
0.14684355
0.15204083
0.15716586
0.16236409
0.16758081
0.17267938
0.17790063
0.18310931
0.18834633
0.19363949
0.19898982
0.20425756
0.20962183
0.21486581
0.22010247
0.22535267
0.23059717
0.23606724
0.24152350
0.24687629
0.25217220
0.25753030
0.26291977
0.26831046
0.27370782
0.27906442
0.28455189
0.28994794
0.29539797
0.30090640
0.30647488
0.31204107
0.31749209
0.32306170
0.32856938
0.33405572
0.33943827
0.34490596
0.35048617
0.35597352
0.36150185
0.36702746
0.37245096
0.37806486
0.38365578
0.38934925
0.39493122
0.40043529
0.40605038
0.41176038
0.41744167
0.42311678
0.42875718
0.43440031
0.44001295
0.44567774
0.45140299
0.45720948
0.46298658
0.46875481
0.47456335
0.48030610
0.48615049
0.49188020
0.49771323
0.50355043
0.50925476
0.51512878
0.52099924
0.52691006
0.53291573
0.53890781
0.54469334
0.55054051
0.55641882
0.56239315
0.56833153
0.57420191
0.58012028
0.58617133
0.59217634
0.59809736
0.60409488
0.61010498
0.61610752
0.62205948
0.62816727
0.63424434
0.64037635
0.64648271
0.65254031
0.65878833
0.66490114
0.67102388
0.67720561
0.68332801
0.68949788
0.69562654
0.70187533
0.70803494
0.71423494
0.72042349
0.72666774
0.73298470
0.73922951
0.74549053
0.75172058
0.75800644
0.76439326
0.77065922
0.77701747
0.78334268
0.78981748
0.79624556
0.80275000
0.80919381
0.81561775
0.82208011
0.82850652
0.83492731
0.84139863
0.84782270
0.85425904
0.86071596
0.86720675
0.87368129
0.88038039
0.88690254
0.89354758
0.90018302
0.90672812
0.91334141
0.92001790
0.92665509
0.93329018
0.93989217
0.94661613
0.95329349
0.96008754
0.96688334
0.97360544
0.98045395
0.98721182
0.99401445
1.0007809
1.0077219
1.0146194
1.0215520
1.0284267
1.0352864
1.0421397
1.0490434
1.0559698
1.0629482
1.0697974
1.0768004
1.0837060
1.0906391
1.0976343
1.1046997
1.1117618
1.1188781
1.1259653
1.1331278
1.1402618
1.1473120
1.1544483
1.1615417
1.1687487
1.1758131
1.1829884
1.1901999
1.1973929
1.2046846
1.2118699
1.2191635
1.2264720
1.2337133
1.2410827
1.2484085
1.2558261
1.2630852
1.2705761
1.2780727
1.2854176
1.2926862
1.3001166
1.3074718
1.3148450
1.3222733
1.3297475
1.3372860
1.3447809
1.3522927
1.3596950
1.3674192
1.3750866
1.3826439
1.3902673
1.3978232
1.4053555
1.4130724
1.4206971
1.4285436
1.4362361
1.4441196
1.4519135
1.4596396
1.4675934
1.4752803
1.4830677
1.4909874
1.4987850
1.5066202
1.5146346
1.5224717
1.5303394
1.5383699
1.5463766
1.5543754
1.5623624
1.5703972
1.5785059
1.5864775
1.5944870
1.6027060
1.6106872
1.6188742
1.6269082
1.6349687
1.6430553
1.6512960
1.6594203
1.6676538
1.6759087
1.6842537
1.6925483
1.7007859
1.7090506
1.7173988
1.7258406
1.7340738
1.7426661
1.7511080
1.7595389
1.7682689
1.7765806
1.7850010
1.7935903
1.8020058
1.8106871
1.8192393
1.8278145
1.8364340
1.8449648
1.8534750
1.8621375
1.8708748
1.8794567
1.8882484
1.8970735
1.9059574
1.9147778
1.9235054
1.9323131
1.9410626
1.9501623
1.9589311
1.9677504
1.9766445
1.9854496
1.9944018
2.0034966
2.0127094
2.0218250
2.0307613
2.0399487
2.0489303
2.0581281
2.0673776
2.0765307
2.0856400
2.0949390
2.1041572
2.1134770
2.1226767
2.1320259
2.1413135
2.1505098
2.1598979
2.1692023
2.1786269
2.1879107
2.1974137
2.2068383
2.2164712
2.2260443
2.2356668
2.2450730
2.2546010
2.2641824
2.2738663
2.2833979
2.2931154
2.3027341
2.3124935
2.3223051
2.3321591
2.3418979
2.3518007
2.3617177
2.3716524
2.3816772
2.3914408
2.4013962
2.4112720
2.4210607
2.4310280
2.4411637
2.4512487
2.4613714
2.4713952
2.4815699
2.4917917
2.5019453
2.5120787
2.5224498
2.5327035
2.5431015
2.5533996
2.5639443
2.5744834
2.5850905
2.5956950
2.6062405
2.6167455
2.6274465
2.6379082
2.6485871
2.6592468
2.6698712
2.6805049
2.6910876
2.7019857
2.7128004
2.7236429
2.7345343
2.7454165
2.7561694
2.7672581
2.7781325
2.7891434
2.8002414
2.8113640
2.8223365
2.8335085
2.8444773
2.8554935
2.8667298
2.8778719
2.8893115
2.9004350
2.9119175
2.9230543
2.9343428
2.9458796
2.9574275
2.9690254
2.9806739
2.9921848
3.0037152
3.0152740
3.0270459
3.0389479
3.0504077
3.0621912
3.0739634
3.0856430
3.0974757
3.1093440
3.1212457
3.1330196
3.1453412
3.1573232
3.1693329
3.1814095
3.1934514
3.2055369
3.2177219
3.2299001
3.2423639
3.2548167
3.2672281
3.2796187
3.2919434
3.3042685
3.3167413
3.3294391
3.3420053
3.3545779
3.3673278
3.3800597
3.3929483
3.4055988
3.4184567
3.4312257
3.4440846
3.4571233
3.4703747
3.4834337
3.4965441
3.5096214
3.5228063
3.5359234
3.5492718
3.5626742
3.5759110
3.5891957
3.6025303
3.6160136
3.6295433
3.6429081
3.6564219
3.6697982
3.6833488
3.6969952
3.7105679
3.7240248
3.7378219
3.7518503
3.7657578
3.7793130
3.7932043
3.8070147
3.8210886
3.8354210
3.8496933
3.8638457
3.8779818
3.8922233
3.9066146
3.9213848
3.9359924
3.9505253
3.9648629
3.9794577
3.9941225
4.0090575
4.0239653
4.0387720
4.0537070
4.0687554
4.0836956
4.0986534
4.1136134
4.1287971
4.1438645
4.1589384
4.1745594
4.1899595
4.2053744
4.2207550
4.2364546
4.2520167
4.2678004
4.2832814
4.2990081
4.3146107
4.3306981
4.3467878
4.3627437
4.3787798
4.3949563
4.4111902
4.4274302
4.4436289
4.4598066
4.4762390
4.4928873
4.5094967
4.5262330
4.5427456
4.5592039
4.5758150
4.5923376
4.6091690
4.6262323
4.6435549
4.6606109
4.6776960
4.6950413
4.7123961
4.7296144
4.7472705
4.7646670
4.7823810
4.7999186
4.8173773
4.8351247
4.8527601
4.8707076
4.8886295
4.9069169
4.9251706
4.9435521
4.9617400
4.9802922
4.9988948
5.0173423
5.0360483
5.0548819
5.0737637
5.0925987
5.1112685
5.1303343
5.1495905
5.1686859
5.1878110
5.2070754
5.2265512
5.2460132
5.2654517
5.2848412
5.3044892
5.3243823
5.3439890
5.3639072
5.3839623
5.4041637
5.4244818
5.4451779
5.4657962
5.4863889
5.5071481
5.5281284
5.5486750
5.5691521
5.5907416
5.6119972
5.6332506
5.6542057
5.6758827
5.6973006
5.7194249
5.7414253
5.7633916
5.7850321
5.8075408
5.8297821
5.8524456
5.8749160
5.8974012
5.9199208
5.9430116
5.9660155
5.9891723
6.0124788
6.0358414
6.0594661
6.0832070
6.1069383
6.1306366
6.1549043
6.1786110
6.2030253
6.2268354
6.2511116
6.2759905
6.3005110
6.3252722
6.3507158
6.3759300
6.4006678
6.4257471
6.4513562
6.4771431
6.5029874
6.5294516
6.5553285
6.5814073
6.6080460
6.6345117
6.6616641
6.6882400
6.7151971
6.7418686
6.7687900
6.7961921
6.8235554
6.8511225
6.8792148
6.9068301
6.9355610
6.9641835
6.9924327
7.0216382
7.0510066
7.0801386
7.1093277
7.1391298
7.1688046
7.1988856
7.2290656
7.2589188
7.2894573
7.3204939
7.3517816
7.3822919
7.4139252
7.4450667
7.4773654
7.5094099
7.5420628
7.5748713
7.6079288
7.6407514
7.6739364
7.7075846
7.7413495
7.7760519
7.8104317
7.8453699
7.8805262
7.9154673
7.9508082
7.9866957
8.0223182
8.0588030
8.0956864
8.1327430
8.1703785
8.2084793
8.2460202
8.2841367
8.3225392
8.3613663
8.4001628
8.4400184
8.4802257
8.5198398
8.5607282
8.6027627
8.6441147
8.6859611
8.7289200
8.7721885
8.8153139
8.8590927
8.9039701
8.9484366
8.9931253
9.0376958
9.0828903
9.1295225
9.1758863
9.2243027
9.2725642
9.3213170
9.3701427
9.4196387
9.4698735
9.5214260
9.5728831
9.6248248
9.6764825
9.7295967
9.7847645
9.8402623
9.8955869
9.9510338
10.008300
10.065200
10.122937
10.181317
10.241909
10.301343
10.363491
10.426466
10.490170
10.553745
10.617465
10.682427
10.749592
10.817433
10.886588
10.955496
11.026143
11.097875
11.171751
11.246372
11.322187
11.398767
11.478279
11.560047
11.641382
11.724629
11.808351
11.895854
11.982593
12.070765
12.159637
12.253059
12.345397
12.440133
12.538744
12.640342
12.739826
12.840954
12.945025
13.050716
13.156567
13.268435
13.379829
13.492672
13.610927
13.733414
13.860258
13.982840
14.110487
14.239199
14.374252
14.511071
14.649268
14.792994
14.937082
15.090052
15.240674
15.396048
15.555229
15.718072
15.884306
16.051309
16.227489
16.402571
16.584549
16.767335
16.958367
17.154739
17.352500
17.563402
17.769705
17.993374
18.213066
18.444120
18.675090
18.913010
19.157786
19.404140
19.660363
19.931178
20.196004
20.472406
20.758046
21.048308
21.341503
21.659588
21.972050
22.300271
22.641318
22.983207
23.330728
23.692432
24.064976
24.448646
24.849564
25.258195
25.673167
26.111568
26.556166
27.024693
27.484568
27.965340
28.461612
28.966302
29.488417
30.029789
30.607304
31.185923
31.788929
32.410014
33.022608
33.671663
34.341011
35.009115
35.709850
36.418692
37.183115
37.973798
38.784213
39.619773
40.480356
41.365599
42.267739
43.192995
44.150867
45.140399
46.174100
47.258085
48.369731
49.495196
50.661964
51.853896
53.119125
54.434271
55.779875
57.186477
58.646732
60.143004
61.692198
63.289133
64.942508
66.618594
68.413702
70.246526
72.170631
74.183196
76.267625
78.377525
80.561228
82.827037
85.216263
87.613095
90.157212
92.814023
95.505579
98.288482
101.25194
104.37547
107.49362
110.71401
113.99268
117.47663
121.11342
124.91314
128.80683
132.88939
137.17431
141.62751
146.04046
150.56807
154.99053
159.55674
164.22782
169.17964
174.14811
179.08366
183.99727
189.17173
194.36976
199.69925
205.08046
210.53624
216.02726
221.77465
227.37650
233.09291
238.86778
244.87970
250.94267
257.02204
263.19147
269.60351
275.99929
282.30058
288.38215
294.64196
301.04315
307.36484
313.68963
320.04582
326.94970
333.91387
341.13856
348.07581
355.29538
362.80894
370.18641
377.61735
385.13701
392.45396
399.87029
407.38893
415.04535
422.92871
430.67073
438.29277
445.48037
453.12278
461.05418
469.25661
477.31613
485.29267
493.35208
501.09407
509.13410
517.20257
525.87036
534.88653
542.93509
551.37092
560.08756
568.98064
578.13598
587.44514
596.66312
605.89929
615.13801
624.95408
634.74639
644.10981
653.00405
662.04327
671.66915
681.25762
691.29949
701.24970
710.56939
720.16565
729.72415
738.68815
747.58708
757.57881
767.58746
778.78573
789.79469
800.07846
811.64544
822.66692
833.61764
844.86594
855.53597
866.65355
878.18964
888.88926
900.20922
911.47038
922.48434
933.75867
945.82469
958.74606
970.95772
983.12372
995.88760
1009.5438
1023.0592
1036.2376
1049.4563
1063.9241
1079.0323
1094.7616
1110.5422
1127.6537
1145.5523
1163.4618
1182.4059
1203.2903
1223.2686
1243.9116
1268.2856
1294.6451
1322.5466
1352.5944
1383.9460
1420.2929
1459.2703
1504.8645
1554.2630
1619.7621
1690.3565
1784.4280
1928.2232
2196.9908
