0.094256951
0.12262739
0.14203510
0.15757927
0.17099230
0.18297172
0.19395034
0.20388490
0.21320349
0.22212579
0.23036780
0.23830856
0.24592662
0.25332685
0.26046856
0.26729505
0.27390589
0.28039507
0.28668552
0.29281587
0.29881760
0.30478107
0.31059793
0.31630902
0.32187726
0.32736569
0.33280323
0.33802593
0.34330997
0.34838622
0.35357657
0.35860293
0.36359147
0.36849959
0.37339192
0.37815459
0.38292209
0.38765342
0.39235599
0.39698972
0.40148723
0.40609601
0.41058213
0.41506046
0.41949255
0.42393738
0.42831473
0.43258487
0.43684383
0.44114721
0.44542017
0.44978053
0.45398980
0.45815479
0.46231617
0.46640962
0.47045272
0.47451605
0.47859899
0.48260220
0.48664609
0.49063316
0.49458597
0.49857354
0.50253520
0.50654792
0.51049096
0.51435273
0.51826991
0.52215535
0.52592854
0.52974628
0.53360877
0.53743069
0.54120807
0.54499019
0.54878093
0.55251343
0.55635074
0.56002760
0.56378124
0.56746995
0.57119470
0.57492156
0.57861676
0.58227171
0.58599129
0.58963347
0.59328547
0.59695303
0.60059706
0.60422948
0.60782875
0.61144644
0.61507161
0.61863316
0.62229164
0.62590162
0.62948661
0.63309647
0.63665070
0.64018349
0.64376603
0.64730187
0.65087466
0.65449986
0.65805786
0.66164319
0.66515423
0.66869082
0.67222547
0.67573798
0.67924110
0.68270444
0.68621565
0.68966849
0.69322015
0.69680304
0.70026479
0.70377502
0.70721094
0.71066978
0.71413540
0.71757883
0.72103848
0.72448367
0.72794018
0.73140793
0.73489720
0.73832340
0.74178151
0.74521851
0.74871783
0.75211297
0.75554623
0.75889230
0.76233497
0.76580663
0.76920474
0.77263159
0.77602486
0.77947714
0.78285866
0.78626183
0.78970165
0.79315117
0.79659686
0.80002872
0.80343625
0.80687555
0.81031141
0.81378042
0.81715494
0.82061188
0.82410331
0.82757165
0.83101112
0.83441774
0.83791031
0.84131376
0.84473978
0.84813562
0.85155745
0.85505091
0.85845357
0.86194674
0.86539111
0.86878793
0.87217089
0.87562064
0.87899369
0.88237835
0.88579809
0.88922371
0.89269929
0.89611710
0.89961813
0.90310899
0.90647707
0.90999049
0.91349262
0.91692794
0.92042042
0.92389145
0.92743084
0.93085610
0.93430772
0.93778545
0.94123115
0.94473455
0.94823562
0.95167823
0.95511605
0.95859695
0.96208309
0.96559832
0.96910004
0.97256355
0.97607236
0.97958804
0.98310040
0.98665322
0.99016403
0.99367947
0.99723008
1.0007526
1.0042496
1.0077773
1.0112998
1.0147862
1.0183410
1.0219211
1.0254548
1.0289931
1.0324742
1.0360150
1.0396324
1.0432222
1.0467132
1.0503055
1.0538899
1.0574500
1.0609952
1.0645457
1.0681106
1.0717243
1.0752619
1.0789270
1.0824855
1.0860804
1.0897362
1.0932932
1.0969467
1.1005353
1.1041836
1.1077886
1.1114015
1.1149456
1.1185882
1.1222806
1.1259426
1.1296028
1.1333195
1.1369636
1.1406362
1.1442589
1.1479796
1.1517239
1.1554365
1.1591469
1.1628436
1.1665090
1.1702462
1.1739985
1.1777332
1.1814500
1.1851530
1.1888780
1.1926483
1.1963788
1.2002147
1.2040369
1.2078923
1.2116574
1.2154148
1.2192232
1.2230334
1.2268391
1.2306400
1.2344644
1.2383957
1.2422513
1.2461585
1.2500370
1.2539737
1.2579244
1.2617669
1.2656775
1.2694708
1.2733334
1.2772095
1.2811290
1.2850244
1.2889219
1.2928101
1.2966726
1.3005824
1.3045318
1.3084867
1.3124691
1.3164676
1.3204058
1.3243528
1.3283207
1.3323185
1.3363290
1.3403294
1.3444355
1.3484460
1.3524047
1.3563781
1.3603622
1.3645172
1.3685757
1.3726715
1.3767348
1.3808125
1.3849103
1.3890023
1.3931706
1.3973153
1.4015749
1.4057851
1.4098901
1.4140440
1.4182719
1.4224758
1.4266124
1.4307586
1.4349614
1.4391552
1.4433621
1.4475958
1.4518484
1.4560916
1.4603288
1.4647210
1.4690491
1.4733609
1.4777132
1.4820528
1.4863389
1.4906652
1.4950411
1.4994488
1.5038617
1.5082963
1.5126129
1.5170738
1.5214663
1.5259498
1.5303531
1.5348037
1.5393576
1.5438092
1.5482729
1.5528405
1.5573429
1.5618806
1.5664085
1.5709259
1.5755873
1.5801785
1.5847723
1.5893722
1.5940294
1.5986970
1.6033238
1.6079400
1.6126653
1.6173452
1.6220378
1.6267753
1.6314605
1.6361634
1.6408386
1.6456174
1.6504351
1.6552384
1.6599796
1.6647733
1.6696161
1.6745102
1.6794589
1.6843331
1.6892016
1.6940992
1.6990583
1.7039754
1.7090306
1.7139332
1.7188764
1.7238959
1.7289198
1.7338996
1.7390007
1.7440446
1.7490717
1.7541576
1.7592433
1.7644475
1.7696985
1.7748864
1.7801463
1.7854525
1.7906791
1.7959250
1.8011546
1.8063269
1.8115481
1.8168837
1.8222658
1.8275454
1.8329689
1.8383333
1.8438296
1.8492759
1.8547564
1.8602940
1.8657539
1.8711801
1.8766310
1.8821217
1.8877886
1.8934062
1.8989575
1.9047756
1.9105050
1.9161391
1.9218420
1.9275516
1.9333846
1.9391633
1.9449546
1.9507969
1.9566247
1.9624329
1.9683733
1.9742534
1.9802162
1.9861837
1.9921797
1.9982415
2.0043383
2.0104203
2.0164625
2.0224999
2.0286811
2.0346868
2.0408212
2.0471164
2.0533684
2.0595473
2.0659050
2.0722491
2.0786215
2.0851647
2.0916677
2.0980323
2.1045848
2.1111409
2.1176718
2.1241535
2.1307196
2.1375252
2.1443042
2.1511195
2.1578375
2.1645746
2.1714390
2.1783413
2.1851993
2.1920098
2.1988882
2.2059094
2.2130125
2.2199958
2.2270320
2.2341110
2.2413911
2.2485572
2.2556316
2.2629880
2.2703377
2.2775911
2.2849522
2.2924157
2.2998216
2.3073360
2.3149215
2.3224643
2.3301299
2.3378962
2.3457138
2.3534229
2.3612899
2.3691833
2.3770077
2.3848672
2.3928604
2.4009290
2.4091069
2.4171763
2.4254482
2.4336324
2.4417914
2.4500112
2.4583461
2.4667934
2.4751334
2.4836785
2.4922693
2.5009307
2.5096540
2.5182829
2.5271898
2.5360198
2.5449357
2.5538913
2.5628822
2.5719394
2.5809557
2.5902025
2.5995425
2.6088760
2.6184081
2.6280812
2.6377024
2.6474959
2.6570429
2.6667924
2.6768142
2.6866216
2.6966426
2.7066722
2.7167127
2.7269248
2.7372594
2.7477365
2.7582780
2.7686738
2.7795134
2.7904025
2.8011575
2.8118780
2.8228930
2.8341914
2.8454053
2.8567440
2.8680785
2.8796129
2.8911294
2.9027923
2.9144799
2.9265232
2.9384665
2.9507078
2.9629683
2.9753681
2.9879691
3.0004770
3.0133763
3.0260915
3.0390167
3.0519254
3.0649788
3.0782907
3.0915436
3.1049572
3.1189236
3.1328009
3.1465673
3.1606247
3.1747144
3.1886785
3.2029143
3.2174629
3.2323140
3.2472018
3.2623968
3.2776839
3.2930906
3.3085518
3.3241443
3.3397296
3.3556121
3.3718651
3.3882398
3.4047688
3.4214829
3.4384436
3.4555371
3.4732472
3.4905910
3.5083871
3.5264526
3.5445432
3.5627841
3.5817594
3.6005055
3.6197557
3.6390184
3.6584807
3.6784772
3.6982974
3.7189034
3.7393847
3.7601837
3.7812010
3.8026077
3.8238590
3.8458943
3.8685439
3.8918205
3.9144981
3.9375796
3.9610473
3.9851507
4.0089665
4.0333877
4.0581642
4.0829927
4.1084496
4.1342085
4.1609723
4.1873040
4.2141568
4.2416546
4.2699451
4.2981453
4.3266106
4.3552380
4.3851740
4.4151131
4.4457662
4.4772108
4.5081509
4.5397108
4.5716230
4.6047162
4.6387930
4.6724596
4.7075854
4.7427687
4.7790223
4.8160977
4.8537172
4.8921800
4.9300483
4.9686393
5.0082697
5.0480427
5.0879568
5.1288249
5.1708653
5.2139410
5.2578932
5.3025968
5.3473378
5.3924934
5.4393110
5.4866530
5.5347313
5.5829786
5.6330075
5.6839548
5.7362303
5.7901164
5.8421234
5.8972608
5.9525422
6.0094138
6.0684115
6.1273836
6.1876342
6.2491513
6.3109764
6.3745674
6.4396207
6.5051916
6.5737246
6.6421766
6.7126241
6.7857048
6.8592946
6.9325805
7.0097243
7.0882877
7.1669981
7.2471778
7.3298470
7.4134145
7.4993936
7.5895358
7.6779262
7.7676147
7.8631879
7.9582143
8.0569509
8.1552303
8.2571402
8.3618135
8.4678509
8.5762718
8.6870847
8.8016168
8.9169682
9.0367877
9.1592976
9.2814585
9.4068397
9.5359800
9.6649549
9.7996093
9.9369029
10.071699
10.215282
10.363278
10.514885
10.671292
10.829992
10.994840
11.160132
11.327896
11.503976
11.678284
11.857680
12.041456
12.225366
12.411896
12.610526
12.810666
13.015962
13.222926
13.436972
13.655711
13.882959
14.105174
14.339902
14.586570
14.830496
15.077987
15.330513
15.592082
15.852725
16.127237
16.402764
16.688054
16.981828
17.285686
17.604672
17.918683
18.243586
18.577541
18.917642
19.262141
19.614736
19.982876
20.356211
20.735250
21.123243
21.529191
21.936967
22.358852
22.794384
23.239262
23.691193
24.149220
24.620194
25.101481
25.583959
26.082349
26.610235
27.140723
27.670651
28.225600
28.798959
29.389610
29.988394
30.582101
31.195188
31.820086
32.474358
33.141277
33.818041
34.526163
35.243108
35.985139
36.732634
37.505425
38.296464
39.099631
39.926803
40.795915
41.650906
42.538422
43.450028
44.361799
45.319923
46.290682
47.295315
48.306766
49.347160
50.426950
51.529768
52.649837
53.816975
55.013159
56.229946
57.474578
58.782401
60.088459
61.413805
62.775868
64.205269
65.642090
67.061855
68.506119
70.022721
71.543145
73.096166
74.713204
76.379211
78.042986
79.785326
81.593116
83.439362
85.302454
87.201863
89.059364
90.994806
92.951645
94.943997
96.993234
99.093259
101.20079
103.38723
105.51302
107.73354
109.94349
112.24175
114.57304
116.89864
119.25594
121.68651
124.14037
126.66385
129.20572
131.76451
134.36901
137.00391
139.69302
142.37829
145.14680
147.89138
150.68819
153.58335
156.54142
159.49344
162.45627
165.47162
168.54224
171.66115
174.86199
177.99816
181.24795
184.50996
187.85259
191.16399
194.56186
198.06160
201.57158
205.04458
208.53837
212.06733
215.69999
219.40296
223.15703
226.96034
230.87907
234.80893
238.78220
242.78078
246.73480
250.79764
255.01575
259.25526
263.53659
267.89955
272.25281
276.49630
280.76258
285.23026
289.60132
294.00978
298.49985
302.90194
307.39411
312.04060
316.72708
321.52993
326.53400
331.46319
336.57197
341.75060
346.88046
352.16495
357.35940
362.53105
367.78387
373.23655
378.57273
383.83439
389.22856
394.50874
399.95992
405.40867
410.90699
416.38574
422.05187
427.97817
433.98541
439.89913
445.98076
452.19305
458.40260
464.55070
470.92746
477.52804
483.98768
490.64835
497.34708
503.94219
511.04953
518.03953
525.10917
532.44013
539.78352
546.68871
553.66907
560.64734
567.51987
574.67050
581.72624
588.93915
596.13061
603.53472
611.31545
619.35913
627.39333
635.72599
643.83198
651.74695
659.52948
667.52296
675.35059
683.75471
692.34786
701.05662
710.39260
719.73310
729.06630
738.31229
747.39025
756.47797
765.47061
774.43023
784.21473
794.08013
804.26412
814.45266
824.15617
833.82829
843.66805
854.07346
864.70724
875.29077
885.87410
896.92299
908.55071
920.21062
932.02662
943.28931
956.10294
968.68346
981.07331
993.77704
1007.5916
1021.5337
1036.6109
1051.3973
1066.9026
1083.0765
1099.1198
1117.1190
1135.0061
1153.9372
1174.4187
1195.0462
1215.8116
1239.4606
1262.8928
1289.5311
1319.3248
1355.9374
1399.2228
1452.2111
1515.5811
1621.8800
1816.9858
