0.35581033
0.46660857
0.54297417
0.60455157
0.65751488
0.70396836
0.74631338
0.78540217
0.82219096
0.85688400
0.88930432
0.92089130
0.95116361
0.97982377
1.0076619
1.0345672
1.0607593
1.0869337
1.1118070
1.1365504
1.1605721
1.1846254
1.2074828
1.2302620
1.2525599
1.2743640
1.2963114
1.3174478
1.3384104
1.3587926
1.3790577
1.3990856
1.4187699
1.4381840
1.4574538
1.4765058
1.4951022
1.5137520
1.5319617
1.5499459
1.5679543
1.5859017
1.6040366
1.6213610
1.6390780
1.6560641
1.6731573
1.6903552
1.7071500
1.7240922
1.7410994
1.7577760
1.7743994
1.7912359
1.8076763
1.8239092
1.8403235
1.8564436
1.8726022
1.8887432
1.9048674
1.9206761
1.9365364
1.9523421
1.9678698
1.9834644
1.9989416
2.0145096
2.0298229
2.0453440
2.0608208
2.0757937
2.0909312
2.1060145
2.1209507
2.1358378
2.1507711
2.1654675
2.1800857
2.1946797
2.2094683
2.2240748
2.2389041
2.2535412
2.2681634
2.2826869
2.2972528
2.3117098
2.3261684
2.3407691
2.3551350
2.3694573
2.3836263
2.3979061
2.4121108
2.4264441
2.4405532
2.4546674
2.4687807
2.4829315
2.4969733
2.5109073
2.5248638
2.5389067
2.5528015
2.5666974
2.5808373
2.5947029
2.6086804
2.6224400
2.6360825
2.6498492
2.6634387
2.6773122
2.6908869
2.7045047
2.7181716
2.7319903
2.7458036
2.7595341
2.7732131
2.7867580
2.8004095
2.8142958
2.8279246
2.8414972
2.8550331
2.8685427
2.8820430
2.8953086
2.9090091
2.9223297
2.9360479
2.9494965
2.9629202
2.9764531
2.9898189
3.0036386
3.0170619
3.0306995
3.0443172
3.0577342
3.0714619
3.0849020
3.0985520
3.1119412
3.1251526
3.1385389
3.1519417
3.1655242
3.1787893
3.1922810
3.2057883
3.2192354
3.2325126
3.2458375
3.2592227
3.2726273
3.2855082
3.2990103
3.3124546
3.3255479
3.3389955
3.3521696
3.3654271
3.3787097
3.3917647
3.4047257
3.4180039
3.4312632
3.4445072
3.4579821
3.4713458
3.4846066
3.4978781
3.5111459
3.5243837
3.5379933
3.5513318
3.5646569
3.5778624
3.5911185
3.6044667
3.6178276
3.6311759
3.6447094
3.6580704
3.6713198
3.6847998
3.6982025
3.7115541
3.7249265
3.7382333
3.7514932
3.7651684
3.7783349
3.7917117
3.8052219
3.8186514
3.8321244
3.8455540
3.8587861
3.8721843
3.8856341
3.8988626
3.9121699
3.9257022
3.9388802
3.9523295
3.9658202
3.9795584
3.9930888
4.0064198
4.0198808
4.0333204
4.0466293
4.0599986
4.0736270
4.0870987
4.1006175
4.1143691
4.1280040
4.1416278
4.1555044
4.1692866
4.1830154
4.1966098
4.2102889
4.2239848
4.2378248
4.2515687
4.2652872
4.2791065
4.2928914
4.3067357
4.3202209
4.3339563
4.3474989
4.3612876
4.3749686
4.3887327
4.4023982
4.4162108
4.4299579
4.4435219
4.4573421
4.4710388
4.4846779
4.4984580
4.5123490
4.5261674
4.5400492
4.5537367
4.5673658
4.5813530
4.5953940
4.6094046
4.6229553
4.6371927
4.6511879
4.6652513
4.6793312
4.6935845
4.7076588
4.7218569
4.7359050
4.7497919
4.7640935
4.7783079
4.7923140
4.8063719
4.8204291
4.8347429
4.8487667
4.8629085
4.8769760
4.8911735
4.9055278
4.9198954
4.9342823
4.9486144
4.9629088
4.9770690
4.9912782
5.0056043
5.0201031
5.0343732
5.0490149
5.0634182
5.0776248
5.0921430
5.1064751
5.1209785
5.1356058
5.1502239
5.1647141
5.1791443
5.1938063
5.2082977
5.2230600
5.2376519
5.2518712
5.2664623
5.2811301
5.2958193
5.3101604
5.3251571
5.3400137
5.3544101
5.3690740
5.3837083
5.3984314
5.4133883
5.4283169
5.4431646
5.4581542
5.4730850
5.4881955
5.5031464
5.5182217
5.5332897
5.5484522
5.5635876
5.5787835
5.5940286
5.6092366
5.6244701
5.6396187
5.6548395
5.6700375
5.6852793
5.7006235
5.7157524
5.7312297
5.7464741
5.7617430
5.7771715
5.7927079
5.8082988
5.8236215
5.8392146
5.8548983
5.8699912
5.8856044
5.9012028
5.9165990
5.9322799
5.9481796
5.9638288
5.9796915
5.9954410
6.0114077
6.0273248
6.0431266
6.0590466
6.0747561
6.0907793
6.1066200
6.1224784
6.1383257
6.1541475
6.1701747
6.1862776
6.2022970
6.2186333
6.2349760
6.2511606
6.2673439
6.2837648
6.3001772
6.3163857
6.3324949
6.3487602
6.3650696
6.3813902
6.3976865
6.4140337
6.4304295
6.4472562
6.4636939
6.4806075
6.4970917
6.5136954
6.5308113
6.5474512
6.5645736
6.5815372
6.5984299
6.6155095
6.6325076
6.6495459
6.6664342
6.6836288
6.7004107
6.7178150
6.7348741
6.7520152
6.7689641
6.7861157
6.8037174
6.8209234
6.8386674
6.8560337
6.8735971
6.8912442
6.9087981
6.9265695
6.9441651
6.9618510
6.9797540
6.9974813
7.0153110
7.0331379
7.0509310
7.0688523
7.0868754
7.1048386
7.1232231
7.1409520
7.1591974
7.1772919
7.1955789
7.2134051
7.2314837
7.2494771
7.2680266
7.2862020
7.3048239
7.3233982
7.3418875
7.3606309
7.3795051
7.3981309
7.4168230
7.4356434
7.4545075
7.4733011
7.4924943
7.5114182
7.5305868
7.5494703
7.5683691
7.5876963
7.6068502
7.6263720
7.6455189
7.6649144
7.6843949
7.7037373
7.7231364
7.7428433
7.7624943
7.7821125
7.8017594
7.8212926
7.8413689
7.8611029
7.8806547
7.9003632
7.9205756
7.9406525
7.9605873
7.9803976
8.0008607
8.0210147
8.0416555
8.0622176
8.0830076
8.1033623
8.1240135
8.1447047
8.1650964
8.1860361
8.2071455
8.2281966
8.2492476
8.2704807
8.2915860
8.3122954
8.3339048
8.3551757
8.3765372
8.3983102
8.4199450
8.4406943
8.4623159
8.4838916
8.5056986
8.5271813
8.5491039
8.5709454
8.5926371
8.6144863
8.6362414
8.6584269
8.6809193
8.7032305
8.7254839
8.7477860
8.7702563
8.7926602
8.8149055
8.8373857
8.8600836
8.8826630
8.9058700
8.9291279
8.9520802
8.9751249
8.9984385
9.0216468
9.0446345
9.0680988
9.0915841
9.1152398
9.1386341
9.1620948
9.1864167
9.2103597
9.2340060
9.2583385
9.2824296
9.3062870
9.3309456
9.3557019
9.3802532
9.4047187
9.4292620
9.4541184
9.4794024
9.5041625
9.5296979
9.5548446
9.5802008
9.6052293
9.6309400
9.6566700
9.6825648
9.7086652
9.7346274
9.7605628
9.7865714
9.8129646
9.8391835
9.8660530
9.8927076
9.9201028
9.9468294
9.9736900
10.000745
10.027708
10.054858
10.082478
10.110003
10.137790
10.165681
10.193011
10.220672
10.248770
10.276670
10.305361
10.333661
10.362326
10.390841
10.419431
10.448338
10.477846
10.507140
10.536484
10.565695
10.595558
10.624803
10.654402
10.684246
10.714476
10.745047
10.774792
10.805264
10.836499
10.867543
10.898801
10.929961
10.960928
10.992624
11.023864
11.055582
11.087301
11.118851
11.151182
11.183845
11.216367
11.249259
11.282398
11.315639
11.348378
11.381666
11.415325
11.449409
11.484155
11.518541
11.552730
11.587422
11.622415
11.657182
11.692332
11.728775
11.763941
11.799539
11.835663
11.872293
11.909542
11.945848
11.983190
12.019489
12.056785
12.094563
12.133042
12.171055
12.208965
12.247203
12.286341
12.325572
12.364960
12.404320
12.443753
12.483681
12.524074
12.564876
12.605630
12.647150
12.688389
12.730195
12.771858
12.814435
12.857274
12.900642
12.943705
12.988376
13.032089
13.075969
13.120960
13.165526
13.211309
13.257090
13.303651
13.350062
13.397117
13.444330
13.491334
13.539242
13.587682
13.637242
13.686954
13.736706
13.788001
13.839212
13.891188
13.943694
13.996704
14.049771
14.103561
14.158115
14.211962
14.267341
14.323498
14.380395
14.437129
14.496339
14.554802
14.613124
14.672076
14.732670
14.792925
14.853320
14.915650
14.978903
15.042564
15.106680
15.170519
15.236608
15.304203
15.372071
15.439751
15.508159
15.577618
15.650180
15.720499
15.792645
15.865637
15.940944
16.017966
16.095488
16.174377
16.251459
16.332535
16.414205
16.498005
16.579699
16.665544
16.751236
16.838977
16.928152
17.015877
17.107447
17.203399
17.298388
17.393126
17.490029
17.588929
17.689875
17.792462
17.897611
18.004436
18.115193
18.227710
18.339412
18.454642
18.572297
18.691232
18.812220
18.934449
19.061714
19.189029
19.321795
19.456043
19.592461
19.732424
19.874625
20.018935
20.165530
20.320342
20.473217
20.626447
20.787317
20.950197
21.113177
21.281180
21.455734
21.637618
21.817015
22.003188
22.195040
22.387583
22.588989
22.799380
23.008673
23.221589
23.440337
23.659986
23.883914
24.119750
24.360596
24.607924
24.855432
25.110960
25.363970
25.626047
25.893352
26.180244
26.467568
26.770132
27.069837
27.382005
27.702991
28.034347
28.368444
28.713019
29.070094
29.441643
29.812995
30.195165
30.582968
30.993032
31.412669
31.853221
32.286194
32.728776
33.189124
33.652782
34.127836
34.627558
35.143277
35.675320
36.222507
36.787797
37.363481
37.950387
38.564424
39.196828
39.830407
40.482057
41.180302
41.892553
42.630459
43.371555
44.111486
44.885193
45.685189
46.508554
47.345567
48.187187
49.092859
50.013602
50.971525
51.959012
52.955662
53.961951
54.996389
56.051185
57.158489
58.330377
59.503600
60.758580
62.020172
63.302680
64.641282
66.023004
67.471992
68.927313
70.435573
71.950150
73.521443
75.186242
76.893152
78.647169
80.464076
82.319991
84.199835
86.172893
88.210908
90.378400
92.564369
94.752801
97.004473
99.321478
101.73511
104.13385
106.60326
109.16920
111.79779
114.49538
117.28480
120.07958
122.94227
125.80461
128.66544
131.63629
134.68798
137.84595
140.99270
144.16530
147.34844
150.61325
153.94792
157.33217
160.72634
164.16423
167.72634
171.31396
174.86034
178.36687
181.97357
185.67410
189.37226
193.11810
196.82812
200.44266
204.22640
208.02885
211.68907
215.65815
219.64740
223.60587
227.77802
231.89079
235.99321
240.25723
244.58996
248.96388
253.33865
257.71757
262.31897
266.82857
271.36864
276.04131
280.70051
285.48393
290.23276
295.06120
300.12279
305.23999
310.45818
315.56117
320.57908
325.66992
330.77487
335.81603
341.04872
346.36657
351.81333
357.39957
362.83523
368.26073
373.81494
379.23094
384.86639
390.76539
396.77251
402.90317
409.13789
415.26201
421.50228
427.65126
433.99818
440.37959
446.45861
452.59927
458.94644
465.24890
471.84137
478.54899
485.23971
491.76143
498.25254
504.95165
511.55307
518.33485
525.08074
531.95016
538.88591
546.04872
553.37859
560.80373
568.22437
575.66912
583.29251
590.91836
598.77203
606.70556
614.77068
622.82489
631.03370
639.39499
648.20060
656.62276
665.08274
673.91416
682.46795
690.96530
699.52210
708.16322
716.85294
725.72021
734.55755
743.46015
752.76793
761.79646
771.18993
780.46232
789.49477
798.90338
808.50070
818.46179
829.02638
840.06410
851.00018
861.86060
873.04813
884.26256
895.52267
907.00810
918.89160
930.54511
942.72729
954.76510
967.65543
980.51067
993.22139
1006.0365
1019.5491
1033.8883
1048.3296
1063.9106
1079.8084
1096.4851
1113.5132
1131.2266
1150.4570
1171.1903
1194.4078
1218.1010
1242.7046
1270.6334
1300.1398
1336.3220
1381.1051
1433.4401
1501.3157
1595.4780
1770.3801
