0.0037921604
0.0076463710
0.011526304
0.015485609
0.019355159
0.023261828
0.027212288
0.031204080
0.035180576
0.039186813
0.043204743
0.047162113
0.051197971
0.055234181
0.059324809
0.063443464
0.067575039
0.071771771
0.075838364
0.080011688
0.084191067
0.088398687
0.092595062
0.096857633
0.10111642
0.10541025
0.10966467
0.11401891
0.11835639
0.12268456
0.12708070
0.13140013
0.13572654
0.14018498
0.14465697
0.14904153
0.15352378
0.15797459
0.16258032
0.16702926
0.17159565
0.17622727
0.18086783
0.18557104
0.19019543
0.19486613
0.19958884
0.20431536
0.20899064
0.21371044
0.21848432
0.22327298
0.22813314
0.23300270
0.23786322
0.24272839
0.24765715
0.25260527
0.25764667
0.26265894
0.26767627
0.27275948
0.27782162
0.28292168
0.28808542
0.29328218
0.29853550
0.30374784
0.30901429
0.31431136
0.31967097
0.32493590
0.33024504
0.33557847
0.34091325
0.34622076
0.35166733
0.35710579
0.36265651
0.36816597
0.37369627
0.37934136
0.38499077
0.39064172
0.39628642
0.40213840
0.40785500
0.41371813
0.41961805
0.42541574
0.43137248
0.43730669
0.44331317
0.44926922
0.45533775
0.46127223
0.46731265
0.47337756
0.47951630
0.48572459
0.49192597
0.49832442
0.50467801
0.51109442
0.51743086
0.52369262
0.53010070
0.53669509
0.54325564
0.54982557
0.55627042
0.56292275
0.56966999
0.57635157
0.58316951
0.59001290
0.59687670
0.60375163
0.61073056
0.61769245
0.62477550
0.63185438
0.63891453
0.64619460
0.65331991
0.66059873
0.66800937
0.67528042
0.68278301
0.69011222
0.69767166
0.70525706
0.71287266
0.72056570
0.72833899
0.73631202
0.74413054
0.75209880
0.76016258
0.76819518
0.77635295
0.78435524
0.79265535
0.80091229
0.80917426
0.81748321
0.82597195
0.83454967
0.84313244
0.85177278
0.86041191
0.86917498
0.87793167
0.88681898
0.89589721
0.90498280
0.91401699
0.92318207
0.93233492
0.94157110
0.95098232
0.96055217
0.96994927
0.97950577
0.98905866
0.99876335
1.0085030
1.0184106
1.0283786
1.0382974
1.0484396
1.0588732
1.0691543
1.0796852
1.0898833
1.1004077
1.1110396
1.1219304
1.1328546
1.1439721
1.1549422
1.1659522
1.1770525
1.1885609
1.1999448
1.2113662
1.2227495
1.2345286
1.2461467
1.2579636
1.2698319
1.2820453
1.2940585
1.3063831
1.3187038
1.3312315
1.3438595
1.3563602
1.3688663
1.3816394
1.3946142
1.4077337
1.4208559
1.4339385
1.4471158
1.4607492
1.4744534
1.4878926
1.5018223
1.5157456
1.5297012
1.5436226
1.5576566
1.5721094
1.5867167
1.6012125
1.6157347
1.6306663
1.6455948
1.6604605
1.6755859
1.6904622
1.7057424
1.7210892
1.7364810
1.7520040
1.7676795
1.7838708
1.7997294
1.8158873
1.8319837
1.8486259
1.8653172
1.8822193
1.8988795
1.9157393
1.9327128
1.9500304
1.9671561
1.9844463
2.0016363
2.0193176
2.0369935
2.0550385
2.0732060
2.0915757
2.1096090
2.1276591
2.1461698
2.1645508
2.1835576
2.2021815
2.2210972
2.2402339
2.2594186
2.2788951
2.2987687
2.3185772
2.3387887
2.3588704
2.3794524
2.3999980
2.4205233
2.4410365
2.4614483
2.4824807
2.5038654
2.5250233
2.5464493
2.5678828
2.5894353
2.6111495
2.6331694
2.6549476
2.6771499
2.6997292
2.7227393
2.7455565
2.7682721
2.7912189
2.8147435
2.8381888
2.8621846
2.8865592
2.9102875
2.9346385
2.9586533
2.9829444
3.0076414
3.0321254
3.0568779
3.0819900
3.1073181
3.1336337
3.1597515
3.1857463
3.2122567
3.2386820
3.2651209
3.2918486
3.3185786
3.3458020
3.3728366
3.4003607
3.4274978
3.4552521
3.4831250
3.5114290
3.5400518
3.5685697
3.5973148
3.6264460
3.6556720
3.6847840
3.7143517
3.7435867
3.7739424
3.8043200
3.8350476
3.8661324
3.8969006
3.9277758
3.9590289
3.9903511
4.0218569
4.0533603
4.0849271
4.1176532
4.1500659
4.1828059
4.2154225
4.2479693
4.2820610
4.3158262
4.3498670
4.3835355
4.4180963
4.4528475
4.4871215
4.5221565
4.5569500
4.5922959
4.6278282
4.6635045
4.6995654
4.7360835
4.7732037
4.8099209
4.8478676
4.8854357
4.9227853
4.9615396
5.0001683
5.0385813
5.0775577
5.1169728
5.1560901
5.1964354
5.2362219
5.2765609
5.3167691
5.3576634
5.3987647
5.4406449
5.4817699
5.5236747
5.5656638
5.6085096
5.6515888
5.6958037
5.7396631
5.7834623
5.8279044
5.8720456
5.9164574
5.9608759
6.0068870
6.0517549
6.0972511
6.1428893
6.1891039
6.2353851
6.2821974
6.3296746
6.3766084
6.4243696
6.4725661
6.5211254
6.5696073
6.6193904
6.6688004
6.7185489
6.7686089
6.8182478
6.8698072
6.9211771
6.9725970
7.0243107
7.0763897
7.1295578
7.1836120
7.2362000
7.2898494
7.3442005
7.3989375
7.4533836
7.5077234
7.5642289
7.6203430
7.6765433
7.7327474
7.7898061
7.8471060
7.9055715
7.9631461
8.0214687
8.0802352
8.1384566
8.1978146
8.2573371
8.3176983
8.3784567
8.4400274
8.5017202
8.5634837
8.6270537
8.6898965
8.7530171
8.8173688
8.8815646
8.9462583
9.0113803
9.0771206
9.1432256
9.2105647
9.2765917
9.3426955
9.4104036
9.4791444
9.5476327
9.6169077
9.6865991
9.7572311
9.8279484
9.8978171
9.9692879
10.041242
10.113438
10.185168
10.258251
10.332474
10.406759
10.483328
10.559493
10.637307
10.712375
10.788059
10.864545
10.942852
11.021071
11.098853
11.178298
11.258619
11.340181
11.422692
11.503059
11.585516
11.668479
11.753110
11.837447
11.923597
12.007869
12.093255
12.178579
12.264761
12.353244
12.441918
12.530822
12.620723
12.708866
12.800751
12.891497
12.982041
13.075248
13.167090
13.260133
13.354890
13.450128
13.546040
13.641735
13.737498
13.833800
13.931513
14.029275
14.128570
14.227825
14.327605
14.429382
14.530869
14.635806
14.738057
14.842208
14.947147
15.049952
15.155805
15.261217
15.369042
15.474167
15.583927
15.693259
15.804994
15.916100
16.028064
16.139835
16.253832
16.368344
16.483137
16.599128
16.715720
16.834102
16.952504
17.068663
17.188674
17.310548
17.434234
17.555491
17.677099
17.799295
17.923361
18.048627
18.176305
18.303441
18.430887
18.560110
18.689703
18.819971
18.950311
19.083660
19.216775
19.350228
19.484811
19.620114
19.754918
19.889891
20.027136
20.165042
20.305015
20.444956
20.587351
20.733015
20.876663
21.021717
21.166317
21.313765
21.462864
21.610233
21.759880
21.910955
22.064647
22.216144
22.369515
22.525077
22.679491
22.836799
22.992551
23.152393
23.313793
23.477232
23.639429
23.803762
23.967420
24.132605
24.299123
24.467902
24.637657
24.804668
24.975799
25.148650
25.324637
25.500109
25.675714
25.854125
26.032298
26.211064
26.390353
26.573295
26.756389
26.938761
27.125608
27.313175
27.504523
27.692769
27.887485
28.079551
28.273867
28.469104
28.666809
28.868656
29.067488
29.270014
29.473454
29.678193
29.883815
30.089955
30.299759
30.508731
30.715887
30.933493
31.149205
31.363772
31.580461
31.798831
32.020545
32.241584
32.463929
32.690295
32.916649
33.148820
33.376033
33.605190
33.837533
34.069393
34.304675
34.539977
34.782988
35.019750
35.262878
35.510137
35.756094
36.007162
36.255472
36.506695
36.763367
37.019434
37.284000
37.546409
37.806128
38.066287
38.328424
38.596443
38.869300
39.137465
39.408789
39.682519
39.955973
40.230498
40.512017
40.796459
41.085513
41.376240
41.659033
41.946719
42.238377
42.529680
42.823546
43.122605
43.421492
43.723241
44.020731
44.326011
44.640540
44.951984
45.263181
45.584217
45.906695
46.226473
46.542680
46.864188
47.191841
47.520620
47.849433
48.187460
48.523371
48.865139
49.207227
49.548790
49.889707
50.240830
50.592308
50.947101
51.307951
51.660161
52.026094
52.389330
52.753613
53.126157
53.499550
53.880084
54.256603
54.639620
55.018357
55.412201
55.805061
56.199338
56.597347
56.991614
57.401338
57.806934
58.207662
58.621898
59.041247
59.462776
59.881287
60.303040
60.732177
61.171381
61.602795
62.031893
62.473851
62.922701
63.368366
63.822606
64.277430
64.734449
65.192148
65.661498
66.134028
66.609599
67.094866
67.564748
68.057391
68.558555
69.048500
69.532259
70.019787
70.527830
71.038609
71.554768
72.068994
72.578918
73.106711
73.631642
74.166146
74.704528
75.244552
75.778566
76.327050
76.881079
77.446345
78.006672
78.571728
79.136311
79.713571
80.292645
80.867834
81.461844
82.055834
82.660604
83.268009
83.881890
84.496585
85.120814
85.740106
86.378831
87.001806
87.639322
88.284436
88.939399
89.590909
90.244100
90.893551
91.581792
92.255623
92.946207
93.632606
94.329971
95.039935
95.747939
96.456067
97.176278
97.903281
98.626241
99.371729
100.11682
100.87345
101.62792
102.38273
103.15857
103.93027
104.71706
105.51269
106.31705
107.11937
107.93644
108.74357
109.57521
110.40732
111.24815
112.09430
112.95296
113.81876
114.68636
115.56907
116.43919
117.33402
118.23404
119.13351
120.03823
120.96507
121.90241
122.84230
123.80458
124.77499
125.73778
126.71207
127.69334
128.69526
129.71599
130.73610
131.77221
132.80377
133.85565
134.91648
135.97204
137.06760
138.15524
139.25922
140.36654
141.47489
142.60731
143.73858
144.88328
146.04740
147.18748
148.40800
149.60332
150.80546
152.02700
153.28138
154.52150
155.80876
157.09573
158.37288
159.67238
160.99427
162.31703
163.65540
165.00776
166.36851
167.75318
169.16028
170.57345
172.01390
173.46067
174.89684
176.33490
177.82837
179.33623
180.84982
182.35997
183.89816
185.49482
187.09020
188.69451
190.33747
191.95812
193.61779
195.32763
197.02679
198.73877
200.47809
202.21470
203.98630
205.80521
207.60659
209.44735
211.34982
213.23137
215.16865
217.08604
219.00679
220.94530
222.97152
224.98446
227.02959
229.06882
231.14469
233.27617
235.40304
237.59456
239.74320
241.97746
244.24157
246.53213
248.88735
251.23910
253.63793
256.09454
258.53402
260.96313
263.46024
266.02012
268.63405
271.26705
273.89796
276.57748
279.27695
282.04490
284.87863
287.73278
290.58821
293.51474
296.46844
299.48029
302.49950
305.62511
308.71803
311.94278
315.15040
318.40679
321.72328
325.10361
328.59631
332.00487
335.55815
339.13082
342.80549
346.49267
350.24250
354.09619
357.97408
361.90189
365.91130
370.04513
374.24233
378.53138
382.79306
387.20728
391.64382
396.16174
400.80284
405.55570
410.32415
415.27106
420.32610
425.41784
430.67796
436.01200
441.33907
446.74455
452.37420
458.17448
464.12181
470.12546
476.37021
482.65245
489.08830
495.64951
502.41224
509.29188
516.36047
523.64215
530.91357
538.54103
546.28278
554.35871
562.45566
570.94806
579.63229
588.50513
597.66580
607.24876
617.18493
627.30900
637.51989
648.19947
659.29722
670.75657
682.57376
694.79900
707.63575
720.90033
734.59628
749.11158
764.07903
779.83838
796.34303
813.13091
830.88511
849.90930
869.88892
891.05530
913.06555
936.69780
962.23543
988.89260
1017.9358
1048.7739
1082.6940
1119.7598
1160.7967
1206.2807
1257.3674
1316.7415
1385.4801
1468.0872
1572.6702
1712.6261
1917.2079
2331.3479
