0.057677222
0.11626517
0.17532440
0.23432485
0.29380834
0.35221973
0.41211127
0.47067223
0.53093296
0.59151555
0.65218777
0.71258710
0.77377879
0.83490519
0.89582286
0.95769692
1.0191595
1.0814836
1.1437794
1.2061453
1.2684148
1.3308131
1.3934497
1.4574306
1.5207282
1.5856617
1.6507962
1.7143386
1.7797998
1.8453994
1.9109313
1.9750964
2.0414939
2.1076363
2.1740640
2.2396957
2.3056672
2.3731807
2.4401977
2.5077106
2.5747449
2.6428014
2.7107370
2.7780099
2.8462639
2.9154189
2.9830998
3.0512298
3.1204607
3.1891193
3.2588070
3.3291061
3.3988906
3.4689514
3.5382002
3.6085093
3.6777730
3.7477074
3.8193148
3.8887625
3.9592591
4.0306861
4.1029182
4.1747003
4.2463117
4.3182040
4.3914100
4.4650063
4.5379915
4.6112450
4.6841863
4.7565357
4.8299632
4.9031956
4.9783990
5.0526278
5.1281341
5.2039782
5.2794978
5.3543602
5.4304015
5.5071054
5.5831190
5.6588881
5.7347047
5.8105833
5.8864928
5.9639286
6.0418344
6.1197460
6.1993782
6.2779535
6.3549863
6.4327339
6.5103672
6.5888254
6.6669628
6.7454378
6.8239737
6.9039243
6.9834381
7.0632166
7.1436114
7.2232018
7.3037742
7.3842647
7.4645507
7.5446949
7.6249418
7.7096227
7.7922123
7.8735282
7.9565157
8.0392055
8.1213567
8.2029798
8.2849930
8.3694483
8.4522649
8.5358812
8.6206356
8.7048962
8.7889426
8.8736589
8.9584258
9.0427560
9.1281986
9.2147028
9.3005866
9.3868254
9.4723489
9.5614848
9.6488366
9.7369382
9.8240629
9.9106108
9.9987483
10.086033
10.174428
10.261406
10.349010
10.438993
10.527765
10.616581
10.704209
10.794077
10.881932
10.971689
11.060098
11.150629
11.240539
11.331012
11.422412
11.512084
11.602349
11.695459
11.788634
11.879569
11.971620
12.061941
12.155372
12.247435
12.339960
12.432128
12.525528
12.617825
12.711858
12.807538
12.901663
12.996430
13.091575
13.187660
13.281070
13.376052
13.471658
13.568477
13.665137
13.762089
13.859037
13.955741
14.051198
14.148652
14.245644
14.342947
14.440269
14.537722
14.634690
14.731748
14.828533
14.928693
15.028174
15.126139
15.226173
15.328360
15.429812
15.530667
15.632290
15.732350
15.835160
15.934966
16.038424
16.139953
16.241083
16.341362
16.445762
16.548475
16.650971
16.753940
16.855019
16.958799
17.062577
17.168496
17.273556
17.379046
17.484366
17.590160
17.697214
17.803072
17.910530
18.015946
18.121104
18.226793
18.336258
18.442997
18.552631
18.660194
18.765749
18.872540
18.979306
19.087915
19.196611
19.305196
19.418069
19.530449
19.639522
19.748578
19.857616
19.967397
20.079254
20.190564
20.303654
20.415366
20.527983
20.639664
20.751739
20.863117
20.976057
21.089982
21.204272
21.316624
21.429998
21.542993
21.659571
21.775332
21.888450
22.005053
22.120212
22.236658
22.351637
22.468362
22.583171
22.699728
22.816027
22.933204
23.051168
23.170453
23.289543
23.406650
23.527626
23.644954
23.764149
23.882494
24.001317
24.120159
24.241889
24.361562
24.482216
24.603021
24.723300
24.845370
24.967881
25.090603
25.210150
25.332359
25.455108
25.578467
25.701553
25.825022
25.949549
26.072744
26.197682
26.321794
26.446100
26.571919
26.696785
26.821644
26.946627
27.073466
27.199063
27.326993
27.454371
27.582732
27.710550
27.841148
27.971993
28.102013
28.234151
28.364778
28.493070
28.623777
28.753797
28.885736
29.016090
29.145346
29.275310
29.406848
29.538263
29.670258
29.801327
29.934746
30.070329
30.204617
30.336475
30.471930
30.606945
30.741917
30.875886
31.011146
31.147919
31.285869
31.424297
31.559788
31.694659
31.833178
31.970856
32.109642
32.249337
32.390133
32.529027
32.665986
32.806592
32.946208
33.086671
33.228208
33.369747
33.511299
33.652822
33.793877
33.933800
34.076007
34.217590
34.360103
34.504224
34.647835
34.793749
34.937582
35.084403
35.231900
35.378949
35.524396
35.671645
35.818082
35.966384
36.112678
36.260941
36.409550
36.557573
36.706257
36.854705
37.002281
37.149512
37.297262
37.447096
37.598504
37.750135
37.900547
38.052437
38.205310
38.359412
38.514672
38.668787
38.823238
38.976598
39.131500
39.286345
39.442882
39.597591
39.755043
39.912599
40.068648
40.224829
40.383529
40.542803
40.700602
40.858318
41.018431
41.176720
41.334329
41.494944
41.654938
41.813858
41.974564
42.134938
42.295785
42.459926
42.619316
42.778999
42.943182
43.105795
43.269630
43.431232
43.598343
43.762725
43.929827
44.097218
44.264125
44.431749
44.596889
44.763533
44.930719
45.102512
45.274982
45.444302
45.614061
45.782394
45.951267
46.123981
46.296016
46.465898
46.636947
46.811891
46.986447
47.160933
47.336491
47.511344
47.684078
47.859039
48.034251
48.211020
48.387061
48.560937
48.738653
48.914814
49.092398
49.271278
49.450314
49.632972
49.814270
49.994314
50.176282
50.358925
50.540000
50.721150
50.904645
51.091320
51.273084
51.457100
51.643945
51.830293
52.012185
52.195708
52.383071
52.568787
52.755214
52.943973
53.134504
53.321909
53.511375
53.701448
53.891206
54.083355
54.274357
54.467192
54.658629
54.849181
55.043245
55.239598
55.435012
55.632885
55.825334
56.021522
56.220494
56.418079
56.617737
56.816203
57.014447
57.213492
57.411578
57.608407
57.810741
58.009046
58.208571
58.408870
58.608201
58.813107
59.018551
59.223057
59.427875
59.634336
59.842496
60.048345
60.254971
60.464266
60.671214
60.876930
61.083934
61.294175
61.501883
61.711410
61.924716
62.135799
62.350300
62.559878
62.772501
62.987118
63.203749
63.422236
63.639606
63.855637
64.075908
64.291380
64.505942
64.723430
64.942168
65.162803
65.382494
65.602800
65.823463
66.046898
66.270196
66.495261
66.723748
66.947676
67.173908
67.400451
67.630978
67.859784
68.087346
68.316879
68.544570
68.774006
69.002439
69.237233
69.466419
69.698648
69.931569
70.165749
70.401106
70.634182
70.871129
71.105033
71.340894
71.582565
71.823114
72.063690
72.303969
72.543933
72.783557
73.024556
73.267710
73.512823
73.757579
74.002336
74.247166
74.494708
74.743544
74.992017
75.240126
75.487004
75.730852
75.977842
76.224882
76.476097
76.730168
76.982741
77.236596
77.493762
77.746803
78.002166
78.255250
78.508714
78.770243
79.030323
79.288266
79.552233
79.814306
80.074467
80.333647
80.597055
80.858996
81.127553
81.395039
81.662287
81.928509
82.195479
82.464597
82.734669
83.003480
83.269289
83.538960
83.813467
84.088229
84.366199
84.641084
84.914367
85.190299
85.468668
85.744955
86.025059
86.306215
86.587297
86.871112
87.154429
87.436627
87.721940
88.003713
88.292089
88.580000
88.867818
89.155342
89.441689
89.732214
90.024701
90.318981
90.613353
90.910941
91.206142
91.501526
91.794635
92.096426
92.398022
92.694648
92.995246
93.299723
93.609847
93.910902
94.213289
94.521926
94.827284
95.134331
95.444622
95.761327
96.072314
96.388202
96.708391
97.017622
97.336077
97.653646
97.967343
98.288798
98.607477
98.930347
99.244694
99.566041
99.887349
100.21457
100.54432
100.87751
101.21471
101.54163
101.86928
102.19834
102.53534
102.87309
103.20339
103.53868
103.88434
104.22046
104.56305
104.90765
105.24955
105.59242
105.93780
106.28035
106.62800
106.97987
107.32883
107.67696
108.03306
108.38365
108.73558
109.09189
109.45087
109.80493
110.16425
110.52139
110.89237
111.25352
111.61297
111.97674
112.34740
112.70603
113.07899
113.45243
113.82500
114.20108
114.58079
114.96321
115.34406
115.72794
116.10550
116.48389
116.86597
117.26044
117.64563
118.03284
118.42393
118.81779
119.21303
119.61355
120.00525
120.40025
120.80482
121.20667
121.60536
122.01088
122.41878
122.82875
123.23058
123.64380
124.05818
124.47257
124.89347
125.30621
125.73057
126.15128
126.57401
126.99785
127.42516
127.85283
128.28272
128.71984
129.15373
129.58213
130.01955
130.45863
130.90497
131.34620
131.78860
132.23959
132.68106
133.13049
133.58406
134.03795
134.49374
134.95254
135.41167
135.87205
136.32655
136.79001
137.25770
137.73105
138.19798
138.66937
139.14349
139.61854
140.10144
140.57904
141.05744
141.54717
142.04017
142.53232
143.02719
143.53237
144.02201
144.52268
145.02815
145.53100
146.03801
146.56207
147.07748
147.59740
148.11065
148.63576
149.15972
149.68289
150.20886
150.73566
151.27153
151.80724
152.34022
152.88182
153.43413
153.97616
154.53706
155.08573
155.64072
156.19103
156.75485
157.31678
157.88967
158.45576
159.03166
159.60343
160.17131
160.75512
161.33836
161.93383
162.53033
163.12369
163.71421
164.31031
164.90405
165.51557
166.12714
166.73568
167.35630
167.97163
168.59390
169.21127
169.82516
170.45886
171.09013
171.73623
172.38924
173.04116
173.69131
174.36284
175.01693
175.68804
176.35319
177.02801
177.71637
178.40098
179.08370
179.77503
180.46766
181.15734
181.86574
182.56463
183.27211
183.98871
184.70371
185.42791
186.15393
186.88393
187.61667
188.36603
189.10681
189.85707
190.59239
191.35766
192.11402
192.88278
193.64898
194.43257
195.22211
196.00288
196.79113
197.59433
198.40004
199.21953
200.04998
200.87217
201.70361
202.55061
203.38907
204.23135
205.08234
205.96155
206.83063
207.70188
208.58591
209.46721
210.36307
211.26530
212.17952
213.10165
214.02672
214.95588
215.89667
216.83970
217.78817
218.73648
219.71118
220.69860
221.69761
222.69150
223.68905
224.72829
225.75121
226.78385
227.80630
228.84909
229.91055
230.97352
232.04291
233.15384
234.25047
235.35844
236.46516
237.59736
238.71176
239.86044
241.01827
242.19859
243.38900
244.58755
245.78319
247.02424
248.23143
249.43248
250.69343
251.94984
253.25685
254.53550
255.83428
257.13200
258.47206
259.80968
261.17066
262.58182
263.96555
265.37856
266.81376
268.25546
269.72177
271.23906
272.74136
274.25452
275.78317
277.33068
278.92373
280.51866
282.15794
283.81583
285.47257
287.16395
288.88143
290.63787
292.40147
294.20576
296.02019
297.87644
299.71386
301.63531
303.57299
305.55381
307.54397
309.57448
311.65300
313.73565
315.86995
318.03494
320.24659
322.50401
324.81892
327.13337
329.50814
331.95079
334.41751
336.96357
339.54888
342.17957
344.89865
347.69210
350.55362
353.44249
356.36809
359.37989
362.47280
365.68429
368.99885
372.36430
375.84521
379.46830
383.13253
386.86019
390.68977
394.67118
398.76372
403.01300
407.41040
412.05135
416.86931
421.85052
427.16548
432.49260
438.08774
443.92829
450.13903
456.62111
463.51646
470.70722
478.51713
486.83453
495.57656
505.15000
515.55908
526.83950
539.21316
553.05268
568.34334
586.05219
606.67662
631.27150
662.13534
703.51007
764.22393
885.91881
