0.024374805
0.048442998
0.073096385
0.098044415
0.12344699
0.14892235
0.17435133
0.19978896
0.22529923
0.25130246
0.27734321
0.30363427
0.32998506
0.35597793
0.38299788
0.40959151
0.43670848
0.46418541
0.49161131
0.51943901
0.54729113
0.57569349
0.60396711
0.63228664
0.66057343
0.68981849
0.71902318
0.74785809
0.77724161
0.80684720
0.83609206
0.86608025
0.89641911
0.92724031
0.95838045
0.98943027
1.0201485
1.0512835
1.0828353
1.1145685
1.1466244
1.1792425
1.2114527
1.2438411
1.2766495
1.3095486
1.3427145
1.3757932
1.4095583
1.4438520
1.4783414
1.5123962
1.5471823
1.5817272
1.6165943
1.6514748
1.6868169
1.7221638
1.7580971
1.7940342
1.8306051
1.8669157
1.9034849
1.9404533
1.9774047
2.0147676
2.0522261
2.0901858
2.1279448
2.1663228
2.2051109
2.2437150
2.2815385
2.3201484
2.3597185
2.3994916
2.4393533
2.4794422
2.5194048
2.5593418
2.5999485
2.6404263
2.6813849
2.7231009
2.7644653
2.8059581
2.8483525
2.8908257
2.9326919
2.9748428
3.0171818
3.0609886
3.1040473
3.1477664
3.1915142
3.2353587
3.2795652
3.3239947
3.3680222
3.4130180
3.4575390
3.5028183
3.5485081
3.5938264
3.6393377
3.6856691
3.7316411
3.7780773
3.8249824
3.8712989
3.9184261
3.9659662
4.0137962
4.0620265
4.1098984
4.1577877
4.2056225
4.2536251
4.3027702
4.3521752
4.4018714
4.4528952
4.5019796
4.5526310
4.6035935
4.6542865
4.7042479
4.7561471
4.8075430
4.8594854
4.9114096
4.9628622
5.0151228
5.0684231
5.1207902
5.1725848
5.2260799
5.2794407
5.3334508
5.3871592
5.4407445
5.4942409
5.5490167
5.6034868
5.6581399
5.7132196
5.7682637
5.8233056
5.8786387
5.9352865
5.9918584
6.0481240
6.1045662
6.1624522
6.2200511
6.2774328
6.3345522
6.3936682
6.4535511
6.5116549
6.5715239
6.6295635
6.6884725
6.7482323
6.8076097
6.8678038
6.9268422
6.9878292
7.0483678
7.1099740
7.1725655
7.2344766
7.2963155
7.3573737
7.4202136
7.4829595
7.5461204
7.6089419
7.6715439
7.7354100
7.7989906
7.8629912
7.9273986
7.9923141
8.0567825
8.1221973
8.1872488
8.2524115
8.3176934
8.3835796
8.4507385
8.5163677
8.5838367
8.6506802
8.7179603
8.7860604
8.8533851
8.9226467
8.9902872
9.0589103
9.1269382
9.1978993
9.2681515
9.3372704
9.4081810
9.4800359
9.5510409
9.6225857
9.6944562
9.7665029
9.8395438
9.9111397
9.9833560
10.057343
10.129691
10.203045
10.277014
10.350949
10.425233
10.499246
10.573395
10.648102
10.723524
10.798711
10.875510
10.952042
11.029565
11.107114
11.183732
11.260380
11.338463
11.414495
11.492086
11.569921
11.649763
11.728165
11.806840
11.886256
11.965272
12.044906
12.126215
12.207166
12.286440
12.369087
12.451049
12.533306
12.615981
12.699509
12.781417
12.864856
12.948464
13.031324
13.115286
13.200122
13.284334
13.368619
13.454668
13.541663
13.628303
13.716309
13.804503
13.889971
13.978011
14.065247
14.153298
14.241789
14.330139
14.419792
14.508445
14.597317
14.688495
14.778862
14.868153
14.958978
15.050957
15.141348
15.233681
15.325268
15.418106
15.511421
15.606265
15.700079
15.792497
15.886817
15.981071
16.076449
16.172080
16.268499
16.364358
16.459845
16.556826
16.655460
16.754311
16.852614
16.950242
17.046951
17.145855
17.244601
17.343653
17.443182
17.544623
17.644334
17.745219
17.846851
17.948923
18.050551
18.152160
18.252442
18.353463
18.457249
18.561313
18.664711
18.770766
18.874375
18.980134
19.084742
19.190214
19.296375
19.402638
19.508182
19.614134
19.721547
19.829735
19.938192
20.046771
20.156923
20.267464
20.378198
20.488458
20.597863
20.707972
20.818964
20.930787
21.042744
21.155738
21.269668
21.384181
21.497329
21.611657
21.726784
21.842095
21.956876
22.072610
22.189727
22.305308
22.421565
22.538101
22.655104
22.773018
22.891320
23.010943
23.129676
23.248485
23.369885
23.490591
23.612908
23.734348
23.856390
23.979783
24.103343
24.227127
24.351550
24.474785
24.599551
24.724875
24.849403
24.975296
25.098846
25.225765
25.353455
25.481977
25.608974
25.737672
25.867114
25.995840
26.126182
26.256050
26.387001
26.516027
26.647480
26.779054
26.914076
27.047671
27.181345
27.313917
27.447194
27.580351
27.714087
27.851099
27.987481
28.123908
28.260743
28.396717
28.533462
28.671307
28.810017
28.949761
29.088834
29.230667
29.371037
29.512606
29.655155
29.798974
29.941455
30.086760
30.229484
30.375234
30.518308
30.665844
30.814701
30.957390
31.104811
31.252843
31.400761
31.548402
31.694771
31.847853
31.996793
32.143831
32.293244
32.447081
32.599500
32.753519
32.905860
33.056764
33.210468
33.364026
33.518420
33.673388
33.828448
33.983161
34.141030
34.301020
34.458509
34.617802
34.773047
34.928776
35.085810
35.247314
35.407744
35.569998
35.732700
35.895184
36.059566
36.221349
36.388674
36.554154
36.722508
36.889678
37.055557
37.220538
37.388978
37.559247
37.726078
37.894017
38.064075
38.235551
38.407474
38.577794
38.752938
38.923503
39.095505
39.271455
39.448674
39.623253
39.798358
39.975035
40.153162
40.332763
40.512394
40.691859
40.873600
41.053489
41.234170
41.418853
41.601974
41.784894
41.967672
42.152416
42.338188
42.524052
42.709921
42.896617
43.085278
43.272416
43.457781
43.649728
43.842960
44.033956
44.225285
44.422305
44.613797
44.806829
45.003010
45.201062
45.394198
45.588395
45.786275
45.984018
46.181107
46.379464
46.578568
46.780007
46.982259
47.182487
47.386303
47.588022
47.793728
47.998381
48.203801
48.414355
48.621711
48.829130
49.039888
49.248464
49.462191
49.675698
49.889163
50.102853
50.321366
50.534392
50.750317
50.965179
51.179616
51.393796
51.611204
51.832155
52.051373
52.264990
52.487121
52.703335
52.923003
53.145803
53.370058
53.595062
53.815339
54.040467
54.267194
54.491514
54.718938
54.954475
55.187196
55.419072
55.655768
55.892387
56.129363
56.365626
56.597601
56.835656
57.073708
57.315904
57.555089
57.796233
58.031432
58.271324
58.508663
58.750696
58.997549
59.239677
59.486436
59.731079
59.976985
60.224066
60.471917
60.724581
60.974029
61.229304
61.480852
61.732682
61.989518
62.246254
62.503385
62.763316
63.025362
63.283284
63.539929
63.804032
64.070246
64.335950
64.599820
64.867512
65.132506
65.401045
65.668454
65.938169
66.203555
66.481051
66.754752
67.033362
67.306631
67.586755
67.863067
68.138051
68.414664
68.696968
68.975903
69.258507
69.544651
69.828811
70.112600
70.400786
70.691290
70.978018
71.267015
71.557135
71.851910
72.148160
72.444449
72.743311
73.038960
73.335408
73.639072
73.940470
74.241888
74.541604
74.844213
75.151497
75.456784
75.759725
76.069618
76.379236
76.687460
76.999414
77.314642
77.628220
77.941295
78.262063
78.578656
78.899016
79.225923
79.552327
79.876552
80.203525
80.530259
80.859937
81.183742
81.516577
81.850471
82.180135
82.512761
82.847974
83.181647
83.522143
83.860862
84.198084
84.545005
84.889680
85.234751
85.580936
85.931955
86.276821
86.629582
86.986009
87.336261
87.689195
88.045885
88.404287
88.766939
89.129511
89.487195
89.844620
90.212767
90.579860
90.948943
91.328405
91.700446
92.073442
92.445271
92.825103
93.211794
93.587393
93.962528
94.355257
94.739380
95.118318
95.514646
95.902885
96.293705
96.690972
97.086591
97.484659
97.886240
98.289855
98.690647
99.092117
99.495575
99.908457
100.31432
100.72634
101.14777
101.56645
101.98120
102.40201
102.82644
103.25265
103.67922
104.10829
104.53476
104.96188
105.39961
105.83096
106.26841
106.70336
107.14289
107.59116
108.04713
108.49522
108.94480
109.39371
109.84792
110.30722
110.76734
111.22835
111.68425
112.15519
112.62712
113.09093
113.55548
114.03542
114.51332
114.99407
115.47430
115.95828
116.43194
116.90797
117.40278
117.90037
118.39348
118.88529
119.38949
119.89417
120.39314
120.90592
121.41972
121.93274
122.44237
122.96134
123.48180
124.00216
124.52450
125.05353
125.57882
126.10872
126.65057
127.18700
127.72601
128.27607
128.81487
129.36485
129.91976
130.48339
131.03967
131.59850
132.16349
132.72901
133.29766
133.87156
134.43966
135.01566
135.60464
136.18873
136.77698
137.35366
137.95239
138.54929
139.13852
139.74665
140.35461
140.96910
141.57793
142.19741
142.81333
143.42778
144.06074
144.69495
145.33263
145.98880
146.63593
147.27166
147.91760
148.57119
149.23012
149.89734
150.56026
151.23073
151.89884
152.57486
153.24558
153.93305
154.61549
155.30101
156.00053
156.70047
157.40018
158.10715
158.81119
159.52049
160.24015
160.96955
161.69939
162.43369
163.17670
163.90693
164.64258
165.40485
166.15613
166.91244
167.66880
168.43163
169.20057
169.96791
170.74859
171.52648
172.31350
173.10735
173.90717
174.72284
175.53240
176.35520
177.18548
178.03250
178.88098
179.72562
180.56562
181.41558
182.27411
183.12643
183.99488
184.87452
185.74612
186.63720
187.52733
188.44210
189.35372
190.26781
191.18912
192.11666
193.05504
193.97050
194.92506
195.88793
196.84261
197.81017
198.78273
199.76867
200.76340
201.76813
202.77830
203.79357
204.80067
205.84584
206.86511
207.91181
208.95318
210.01121
211.07576
212.16896
213.23913
214.30946
215.41147
216.52782
217.61492
218.73787
219.86448
220.99610
222.14215
223.29647
224.47542
225.67078
226.88986
228.09302
229.29942
230.52704
231.77894
233.02361
234.29177
235.55301
236.82893
238.12329
239.41054
240.74913
242.08429
243.42960
244.80798
246.18602
247.56414
248.96325
250.35285
251.77697
253.22000
254.65700
256.08675
257.56178
259.05242
260.56837
262.07159
263.63701
265.18988
266.76357
268.35845
270.00562
271.63051
273.28945
274.91084
276.61096
278.29953
280.04898
281.79084
283.54928
285.34229
287.14554
288.98607
290.82971
292.67157
294.57115
296.45040
298.37654
300.35948
302.36985
304.37778
306.40705
308.47202
310.54399
312.66822
314.83044
317.05649
319.25835
321.49641
323.76504
326.11920
328.49826
330.89570
333.35165
335.84223
338.34803
340.90681
343.53316
346.14748
348.85856
351.54756
354.33728
357.15239
360.01805
362.93138
365.84840
368.89149
371.97246
375.12494
378.40274
381.71973
385.02035
388.41812
391.92237
395.46955
399.16665
402.84111
406.61221
410.47108
414.50484
418.66202
422.92062
427.17598
431.63738
436.22727
440.89066
445.61647
450.62814
455.73577
460.93053
466.32577
471.97133
477.82165
483.79423
490.10905
496.77036
503.53278
510.46678
517.72076
525.45191
533.57423
541.85966
550.76681
559.95365
569.94273
580.37162
591.81554
603.95132
617.05457
630.91158
646.18053
663.06453
681.31060
702.24959
726.43851
754.42345
788.04738
829.90147
884.99769
968.06147
1133.9336
