24.692576
26.613515
27.709772
28.515743
29.153961
29.692646
30.158567
30.572183
30.949390
31.290813
31.605986
31.894611
32.166903
32.427977
32.673958
32.910879
33.136092
33.349051
33.554345
33.751228
33.942220
34.125365
34.304641
34.478474
34.644141
34.805872
34.961228
35.113192
35.260912
35.405396
35.549280
35.685466
35.821427
35.951154
36.080055
36.208992
36.334283
36.457114
36.577502
36.695175
36.810866
36.925995
37.038951
37.150226
37.261302
37.367434
37.473569
37.578926
37.681807
37.783007
37.883660
37.981940
38.080850
38.177090
38.273964
38.369978
38.463463
38.556997
38.648725
38.738558
38.829140
38.918863
39.007056
39.092125
39.177776
39.263262
39.346933
39.431364
39.515392
39.597341
39.679806
39.759897
39.839466
39.918249
39.998023
40.076362
40.154257
40.232378
40.310241
40.386261
40.461764
40.536574
40.611301
40.686451
40.759629
40.832878
40.903731
40.976121
41.048462
41.118774
41.189255
41.258008
41.327860
41.397734
41.466234
41.535111
41.603521
41.671330
41.739509
41.806444
41.873801
41.940174
42.006351
42.071080
42.135528
42.199728
42.264194
42.329171
42.392367
42.456188
42.519907
42.582287
42.644905
42.708429
42.770294
42.831955
42.892676
42.953590
43.013806
43.075371
43.135724
43.196443
43.257366
43.316111
43.376086
43.435932
43.494532
43.553573
43.613280
43.672878
43.730664
43.789394
43.847959
43.905942
43.962287
44.019539
44.076353
44.133138
44.189620
44.246283
44.302609
44.359837
44.415662
44.471759
44.527036
44.583038
44.639526
44.694233
44.749722
44.805458
44.861209
44.916174
44.970185
45.024509
45.078086
45.132302
45.185330
45.239494
45.292799
45.346504
45.400215
45.453135
45.506458
45.559323
45.612292
45.664398
45.716824
45.769251
45.821427
45.872985
45.925731
45.977488
46.029203
46.081376
46.132787
46.184591
46.236132
46.287077
46.339004
46.390045
46.441546
46.492131
46.542994
46.592991
46.644390
46.694904
46.745062
46.795276
46.846083
46.895414
46.945435
46.994968
47.044572
47.094602
47.143644
47.193085
47.243376
47.292790
47.341874
47.391423
47.442084
47.490691
47.539209
47.588219
47.637055
47.686190
47.734804
47.782971
47.831170
47.880478
47.928626
47.976978
48.025433
48.074344
48.123206
48.171258
48.218671
48.267296
48.314567
48.362910
48.410560
48.459009
48.507272
48.554814
48.602727
48.651023
48.698195
48.745369
48.792284
48.839751
48.887595
48.934729
48.982257
49.029714
49.077906
49.125200
49.172567
49.218696
49.265944
49.312534
49.358828
49.405797
49.453006
49.499556
49.546106
49.593435
49.640136
49.686255
49.732630
49.779207
49.826439
49.871787
49.918117
49.964215
50.011233
50.058330
50.104657
50.151613
50.198028
50.244858
50.290900
50.337735
50.384666
50.430474
50.477515
50.524075
50.570215
50.616499
50.662675
50.708640
50.755557
50.801254
50.847390
50.893495
50.939855
50.986172
51.031966
51.077678
51.123663
51.169612
51.216266
51.262951
51.309093
51.355583
51.401209
51.446357
51.491381
51.537301
51.583162
51.629039
51.675582
51.721220
51.767236
51.812552
51.858609
51.904860
51.950569
51.996928
52.043333
52.088911
52.135068
52.180832
52.226857
52.271953
52.317744
52.364341
52.409697
52.455901
52.502128
52.547764
52.594538
52.640005
52.686499
52.732436
52.777613
52.823767
52.869745
52.916057
52.961744
53.007170
53.053116
53.098911
53.145276
53.190484
53.236166
53.282458
53.328260
53.374769
53.421047
53.466511
53.513023
53.558520
53.604463
53.650241
53.696930
53.743247
53.789341
53.835572
53.881754
53.927254
53.974138
54.021218
54.067562
54.113415
54.159234
54.204838
54.250890
54.296588
54.343330
54.389770
54.435354
54.481075
54.527558
54.574008
54.620793
54.667460
54.714261
54.759829
54.806087
54.852721
54.898829
54.945083
54.991600
55.038249
55.085427
55.132841
55.179316
55.226736
55.274255
55.321031
55.368030
55.415453
55.462080
55.508638
55.555006
55.602220
55.648926
55.696776
55.743719
55.791296
55.838762
55.886726
55.934074
55.981753
56.028729
56.078011
56.125900
56.173721
56.221622
56.268471
56.316831
56.364903
56.412342
56.459943
56.507452
56.555446
56.602755
56.651070
56.697961
56.745739
56.793707
56.840771
56.889265
56.938376
56.986361
57.034643
57.082615
57.130961
57.180059
57.228985
57.278031
57.327401
57.375530
57.424371
57.473427
57.522446
57.571156
57.620070
57.669005
57.717468
57.766987
57.816790
57.866887
57.916577
57.965850
58.015622
58.065727
58.115976
58.165629
58.216106
58.266072
58.316275
58.366308
58.414767
58.464704
58.514388
58.564965
58.615991
58.666127
58.716520
58.767004
58.817508
58.868600
58.920415
58.971308
59.022843
59.074157
59.126283
59.178318
59.229272
59.279507
59.330248
59.381766
59.433377
59.485408
59.537138
59.589037
59.640918
59.693599
59.745920
59.799237
59.852624
59.904516
59.956622
60.009772
60.062800
60.115389
60.168116
60.222329
60.274873
60.328991
60.382526
60.436714
60.490252
60.543733
60.598882
60.652978
60.706746
60.762491
60.816628
60.870395
60.925457
60.980970
61.036142
61.091172
61.146160
61.200833
61.256524
61.310899
61.366543
61.422848
61.479068
61.534508
61.590709
61.646796
61.703645
61.760680
61.817563
61.874097
61.931396
61.989522
62.046970
62.105441
62.163399
62.220502
62.279199
62.336718
62.394900
62.452734
62.510860
62.569812
62.628451
62.687995
62.746465
62.805320
62.864654
62.924734
62.984371
63.045778
63.106291
63.166849
63.226293
63.287150
63.347458
63.408868
63.470764
63.532000
63.593630
63.654181
63.715485
63.777846
63.840203
63.903100
63.966340
64.028262
64.091331
64.155067
64.217338
64.282588
64.346698
64.411787
64.476008
64.541188
64.606966
64.672085
64.738395
64.803788
64.869705
64.935746
65.002479
65.068326
65.134846
65.201157
65.267798
65.335846
65.402590
65.469942
65.538458
65.606449
65.674596
65.743289
65.812214
65.882059
65.951651
66.022861
66.094184
66.164548
66.235301
66.306409
66.377299
66.448567
66.519721
66.591752
66.664688
66.738234
66.811445
66.885822
66.959438
67.034118
67.108135
67.182353
67.257167
67.332695
67.407528
67.482676
67.558957
67.635872
67.713538
67.791862
67.870535
67.950484
68.028410
68.108442
68.188524
68.268386
68.348645
68.431470
68.513517
68.595174
68.676003
68.757649
68.840588
68.924416
69.009550
69.093763
69.178571
69.262277
69.347732
69.436038
69.524303
69.611106
69.700229
69.787971
69.875212
69.965216
70.056076
70.145572
70.235440
70.326211
70.418728
70.511337
70.602713
70.694936
70.790912
70.886093
70.981518
71.078994
71.175656
71.274874
71.373605
71.470935
71.569994
71.670695
71.770876
71.871017
71.972573
72.075562
72.180578
72.285282
72.392903
72.499230
72.605492
72.712642
72.820963
72.926810
73.034812
73.146099
73.257107
73.370400
73.483284
73.596330
73.709864
73.825112
73.942163
74.059154
74.177471
74.296562
74.416434
74.537181
74.661268
74.781854
74.903741
75.030471
75.157244
75.287071
75.416102
75.547440
75.678405
75.811376
75.943921
76.078963
76.213464
76.351850
76.489293
76.627786
76.770902
76.914316
77.057317
77.200724
77.344698
77.493263
77.641402
77.792100
77.943090
78.094271
78.249527
78.404793
78.563357
78.723150
78.883386
79.048648
79.210128
79.376287
79.541472
79.708592
79.878540
80.049326
80.219824
80.394551
80.574234
80.755946
80.936452
81.116723
81.302982
81.491832
81.680372
81.867796
82.060837
82.255147
82.451704
82.657795
82.858969
83.058804
83.264935
83.472448
83.682743
83.897873
84.112662
84.331372
84.551990
84.771589
84.995271
85.222334
85.447617
85.676585
85.908776
86.148445
86.392226
86.637227
86.882635
87.134310
87.389420
87.645097
87.900451
88.164798
88.426110
88.691753
88.961071
89.231923
89.513463
89.795346
90.078467
90.363261
90.654044
90.943578
91.241391
91.546485
91.853833
92.163838
92.477548
92.793557
93.121310
93.440055
93.776925
94.114702
94.453869
94.798434
95.144182
95.493490
95.848647
96.214459
96.580542
96.955442
97.330905
97.713018
98.098364
98.488376
98.888261
99.283425
99.698690
100.10936
100.52075
100.94979
101.38387
101.82606
102.26845
102.71363
103.16591
103.63287
104.10352
104.57859
105.05608
105.53221
106.03156
106.52455
107.02317
107.53602
108.06726
108.58895
109.13195
109.67825
110.24147
110.79059
111.34797
111.93034
112.51654
113.10611
113.70225
114.30400
114.92895
115.56198
116.21201
116.87076
117.53998
118.22078
118.90995
119.59772
120.29337
121.01544
121.72366
122.46396
123.21653
123.97772
124.73975
125.52756
126.30721
127.12435
127.92907
128.75774
129.59116
130.44114
131.29199
132.17124
133.05094
133.94126
134.86683
135.79722
136.75594
137.73053
138.70677
139.69531
140.69510
141.71150
142.75651
143.79983
144.86008
145.93196
147.00370
148.10018
149.19862
150.31607
151.44612
152.58682
153.72731
154.89424
156.07837
157.25623
158.44714
159.67778
160.90641
162.14564
163.38461
164.64163
165.88963
167.17836
168.48560
169.79718
171.12148
172.46373
173.81215
175.14654
176.48655
177.82027
179.17630
180.54964
181.91989
183.28541
184.66773
186.07836
187.50309
188.93743
190.38017
191.84200
193.28916
194.74628
196.20028
197.65322
199.10901
200.57378
202.02844
203.53870
205.03272
206.56893
208.13500
209.67431
211.19901
212.74548
214.30452
215.89551
217.47008
219.04180
220.65841
222.25789
223.83897
225.46660
227.08837
228.73461
230.39821
232.08251
233.80107
235.51536
237.21634
238.94267
240.67722
242.43667
244.21327
245.99084
247.76578
249.52340
251.32897
253.15042
254.96424
256.82670
258.69163
260.58464
262.46625
264.38314
266.29162
268.24162
270.19578
272.17623
274.14751
276.12905
278.17441
280.17640
282.19566
284.23895
286.32345
288.41777
290.59166
292.75281
294.85514
297.05317
299.23841
301.45461
303.67813
305.94461
308.26142
310.53055
312.87269
315.22498
317.55203
319.88947
322.32726
324.74693
327.16075
329.65616
332.10753
334.51099
336.96544
339.57974
342.20181
344.85796
347.49145
350.22293
352.94500
355.73351
358.56997
361.47533
364.44733
367.46312
370.55844
373.61199
376.67724
379.74806
382.89128
386.09209
389.41436
392.85075
396.32145
399.75231
403.14997
406.72337
410.43754
414.26238
418.07180
421.98551
425.99451
430.02931
434.20579
438.60326
443.06915
447.51031
452.13700
457.14195
462.19238
467.26871
472.54710
478.24952
484.02512
490.05123
496.32701
503.31650
510.68484
518.46885
527.24445
537.43887
549.13263
562.85425
585.21620
