0.040222353
0.052063056
0.060368721
0.067027999
0.072806515
0.077876395
0.082473226
0.086810522
0.090825985
0.094585104
0.098114781
0.10150304
0.10472610
0.10781495
0.11085825
0.11376699
0.11661960
0.11941248
0.12212583
0.12472181
0.12729658
0.12983048
0.13226900
0.13470730
0.13708480
0.13944601
0.14174354
0.14401650
0.14629157
0.14849910
0.15068848
0.15283749
0.15496673
0.15704901
0.15912662
0.16114987
0.16319699
0.16521493
0.16721383
0.16918318
0.17116053
0.17311291
0.17499733
0.17691494
0.17882351
0.18069499
0.18257640
0.18441662
0.18624205
0.18806291
0.18990462
0.19169444
0.19348550
0.19524123
0.19701670
0.19881433
0.20057618
0.20234853
0.20407563
0.20578028
0.20750576
0.20923542
0.21094164
0.21267174
0.21437733
0.21605969
0.21775804
0.21940218
0.22106597
0.22269577
0.22435957
0.22600623
0.22763670
0.22928609
0.23090326
0.23252320
0.23412507
0.23571800
0.23734743
0.23896542
0.24057536
0.24216891
0.24375486
0.24534909
0.24693342
0.24851844
0.25011062
0.25171454
0.25329166
0.25482540
0.25643192
0.25799055
0.25953928
0.26108101
0.26262444
0.26419515
0.26575428
0.26728863
0.26879607
0.27032839
0.27185111
0.27339048
0.27492346
0.27645993
0.27796633
0.27953472
0.28104133
0.28255090
0.28405409
0.28556599
0.28706732
0.28861590
0.29010796
0.29165180
0.29317336
0.29470262
0.29622787
0.29773350
0.29922230
0.30071763
0.30219428
0.30368550
0.30518748
0.30668528
0.30815689
0.30963357
0.31110667
0.31258735
0.31409796
0.31560112
0.31708804
0.31859852
0.32010028
0.32163405
0.32309837
0.32461295
0.32611877
0.32759190
0.32905744
0.33053207
0.33201390
0.33351162
0.33500251
0.33648326
0.33796519
0.33944045
0.34090705
0.34236917
0.34386461
0.34534450
0.34683820
0.34832525
0.34981990
0.35130862
0.35279162
0.35428883
0.35579693
0.35726061
0.35875027
0.36021880
0.36171560
0.36317368
0.36465469
0.36616012
0.36764235
0.36911794
0.37060405
0.37207639
0.37354690
0.37502811
0.37655270
0.37803695
0.37952678
0.38101339
0.38249664
0.38398973
0.38548955
0.38698603
0.38848519
0.38997364
0.39147327
0.39298253
0.39448588
0.39599841
0.39749977
0.39901703
0.40054389
0.40206480
0.40360699
0.40511366
0.40665848
0.40816157
0.40968275
0.41119392
0.41272032
0.41425828
0.41578126
0.41730776
0.41882786
0.42038232
0.42191276
0.42340492
0.42494136
0.42647066
0.42799553
0.42953419
0.43106895
0.43259880
0.43411549
0.43564221
0.43719118
0.43873866
0.44027987
0.44181167
0.44336750
0.44490033
0.44646082
0.44801675
0.44958827
0.45117356
0.45273104
0.45427974
0.45584952
0.45745702
0.45902518
0.46062522
0.46221116
0.46380474
0.46536462
0.46695476
0.46852994
0.47011733
0.47170045
0.47330104
0.47487096
0.47651336
0.47808987
0.47969558
0.48132168
0.48292743
0.48451815
0.48611352
0.48775241
0.48935268
0.49097561
0.49261635
0.49423060
0.49585800
0.49749431
0.49912029
0.50076631
0.50239446
0.50401201
0.50564741
0.50729304
0.50896163
0.51059764
0.51222637
0.51390294
0.51559261
0.51726830
0.51890665
0.52055568
0.52224153
0.52391828
0.52561836
0.52729694
0.52900766
0.53070005
0.53238064
0.53408718
0.53579422
0.53749995
0.53918173
0.54090562
0.54260947
0.54430949
0.54605291
0.54779304
0.54952036
0.55123446
0.55298644
0.55473687
0.55647236
0.55821273
0.55995159
0.56172773
0.56352272
0.56526583
0.56702518
0.56881407
0.57058303
0.57238608
0.57416811
0.57598249
0.57777169
0.57954875
0.58134779
0.58314218
0.58495918
0.58675963
0.58854104
0.59034710
0.59215809
0.59398578
0.59578010
0.59761973
0.59944679
0.60130434
0.60316713
0.60500563
0.60685333
0.60871349
0.61056684
0.61242411
0.61429026
0.61617860
0.61809194
0.61998453
0.62186611
0.62376310
0.62566971
0.62758539
0.62952702
0.63145775
0.63338479
0.63532631
0.63725975
0.63921349
0.64116366
0.64311414
0.64508731
0.64707809
0.64903251
0.65096964
0.65293531
0.65492955
0.65693545
0.65892767
0.66092304
0.66293588
0.66493235
0.66696364
0.66901650
0.67105033
0.67313093
0.67520231
0.67726463
0.67932578
0.68137146
0.68344508
0.68555004
0.68761992
0.68976096
0.69185406
0.69397524
0.69611348
0.69822759
0.70038092
0.70251278
0.70467534
0.70679826
0.70899509
0.71117293
0.71336637
0.71552073
0.71770625
0.71987814
0.72208725
0.72426939
0.72650134
0.72873998
0.73101033
0.73324436
0.73553123
0.73781850
0.74005725
0.74234083
0.74464097
0.74691327
0.74921109
0.75154223
0.75389427
0.75623038
0.75857472
0.76091836
0.76328650
0.76569549
0.76806484
0.77043770
0.77283599
0.77522205
0.77765254
0.78010270
0.78253621
0.78496801
0.78741191
0.78991617
0.79240134
0.79491627
0.79746306
0.79996698
0.80250932
0.80501186
0.80758704
0.81014108
0.81275522
0.81536499
0.81792671
0.82054250
0.82315788
0.82576715
0.82839554
0.83106095
0.83371722
0.83642314
0.83915094
0.84186540
0.84463904
0.84735174
0.85008857
0.85287432
0.85569158
0.85851206
0.86131630
0.86415993
0.86696675
0.86983646
0.87269533
0.87560942
0.87850653
0.88139250
0.88436021
0.88734158
0.89034827
0.89338291
0.89638511
0.89946250
0.90245085
0.90549326
0.90855483
0.91163357
0.91480167
0.91797200
0.92111160
0.92432848
0.92749674
0.93073906
0.93398019
0.93722494
0.94055491
0.94389340
0.94720866
0.95056340
0.95391136
0.95728783
0.96067611
0.96412108
0.96755562
0.97102252
0.97447512
0.97796317
0.98153086
0.98502905
0.98858224
0.99219629
0.99579948
0.99947965
1.0032763
1.0070246
1.0108119
1.0146338
1.0184762
1.0223008
1.0261630
1.0300733
1.0340062
1.0380366
1.0420437
1.0460261
1.0500491
1.0540556
1.0581373
1.0622389
1.0664059
1.0705914
1.0747388
1.0790255
1.0833942
1.0877109
1.0922029
1.0966648
1.1010936
1.1056756
1.1102022
1.1147462
1.1194058
1.1240679
1.1287789
1.1334905
1.1382535
1.1431926
1.1480315
1.1528933
1.1578855
1.1629128
1.1679738
1.1731803
1.1783113
1.1835037
1.1887455
1.1941277
1.1994317
1.2048111
1.2102082
1.2157917
1.2214369
1.2270701
1.2328265
1.2386249
1.2443520
1.2502195
1.2562299
1.2622992
1.2684094
1.2746201
1.2808295
1.2870585
1.2933450
1.2997517
1.3062203
1.3128737
1.3194682
1.3261446
1.3330126
1.3398103
1.3467906
1.3537473
1.3609125
1.3682648
1.3754783
1.3827437
1.3901400
1.3976998
1.4053732
1.4130816
1.4209131
1.4287422
1.4367893
1.4448172
1.4529278
1.4611838
1.4695237
1.4780571
1.4866590
1.4952309
1.5039531
1.5129453
1.5218354
1.5307464
1.5400369
1.5494256
1.5590062
1.5685809
1.5784214
1.5883696
1.5980920
1.6081462
1.6187768
1.6295076
1.6399870
1.6506752
1.6615018
1.6724850
1.6833464
1.6944402
1.7059136
1.7176644
1.7295064
1.7415484
1.7540169
1.7663417
1.7787453
1.7915006
1.8043840
1.8173638
1.8307377
1.8445444
1.8581875
1.8720069
1.8865956
1.9009261
1.9156004
1.9307868
1.9461218
1.9612006
1.9767503
1.9922048
2.0082489
2.0243380
2.0405918
2.0574044
2.0745603
2.0922773
2.1101052
2.1277414
2.1456226
2.1641010
2.1828772
2.2016062
2.2210651
2.2412677
2.2611566
2.2814442
2.3019067
2.3233840
2.3444692
2.3668276
2.3887797
2.4114278
2.4343616
2.4584357
2.4826320
2.5069494
2.5318798
2.5570206
2.5827575
2.6089389
2.6353083
2.6630962
2.6909695
2.7195408
2.7488146
2.7791488
2.8097784
2.8403630
2.8721423
2.9044258
2.9373222
2.9704450
3.0048917
3.0387813
3.0747061
3.1108716
3.1467525
3.1846579
3.2220133
3.2600475
3.2996295
3.3401815
3.3810871
3.4228197
3.4651745
3.5095181
3.5541745
3.6006370
3.6490740
3.6961388
3.7444946
3.7945361
3.8439467
3.8940868
3.9467104
4.0019159
4.0585412
4.1154548
4.1718474
4.2315291
4.2907269
4.3521446
4.4150964
4.4767049
4.5426912
4.6114365
4.6787199
4.7487008
4.8203929
4.8945099
4.9664266
5.0414169
5.1209339
5.2007694
5.2833690
5.3655532
5.4505341
5.5371000
5.6265636
5.7182505
5.8134234
5.9083951
6.0050403
6.1044146
6.2056997
6.3100176
6.4156438
6.5279276
6.6398248
6.7521538
6.8666630
6.9847628
7.1079999
7.2345904
7.3657174
7.4986819
7.6308531
7.7692833
7.9140647
8.0572901
8.2071613
8.3587302
8.5128334
8.6696503
8.8382646
9.0009788
9.1711962
9.3463887
9.5278308
9.7098942
9.8939051
10.085996
10.284477
10.489481
10.702033
10.917685
11.134448
11.361775
11.594178
11.831726
12.074027
12.317380
12.564359
12.819646
13.078019
13.345052
13.620795
13.897769
14.181796
14.476815
14.778786
15.093287
15.411639
15.742994
16.076011
16.415463
16.768441
17.124605
17.490936
17.878498
18.261446
18.663949
19.069340
19.487176
19.902927
20.334232
20.783283
21.240696
21.712381
22.193618
22.677390
23.180143
23.705765
24.234397
24.778505
25.354559
25.920730
26.504091
27.095834
27.715515
28.334515
28.981584
29.631327
30.307595
30.991314
31.686243
32.402606
33.133030
33.877481
34.657837
35.457575
36.278605
37.109457
37.961319
38.840478
39.734609
40.651737
41.590358
42.552416
43.537735
44.538002
45.573138
46.625347
47.661115
48.734039
49.866743
51.001707
52.165686
53.364376
54.588664
55.830939
57.104658
58.419788
59.760937
61.159336
62.568134
63.980587
65.468631
66.969655
68.520581
70.094184
71.667144
73.261510
74.879726
76.580591
78.293514
80.055092
81.811632
83.572578
85.383349
87.244914
89.161470
91.138785
93.135379
95.168305
97.246279
99.333954
101.43306
103.54811
105.66054
107.85146
110.11849
112.45480
114.78715
117.12454
119.53453
121.95383
124.41085
126.88516
129.46565
131.97291
134.60225
137.21846
139.87255
142.58576
145.32916
148.10980
150.97577
153.82253
156.65393
159.59206
162.51091
165.55814
168.67745
171.83800
174.98245
178.13424
181.37093
184.71040
188.07810
191.54744
195.06285
198.52671
201.98023
205.55863
209.18306
212.81382
216.39187
220.14508
223.96448
227.76163
231.62302
235.49888
239.32163
243.33209
247.40506
251.62870
255.78648
260.08710
264.48303
268.96807
273.40481
277.86949
282.29308
286.77198
291.37547
295.88922
300.43727
305.14603
309.83447
314.48043
319.12918
323.88357
328.75282
333.67933
338.52971
343.42918
348.33591
353.36043
358.47286
363.87739
369.17722
374.41341
379.77889
385.49598
391.25623
397.23893
403.36352
409.56022
415.83078
421.99548
428.24198
434.27833
440.18026
446.36605
452.75059
459.06568
465.37639
471.63560
477.97231
484.67781
491.44848
498.50315
505.82692
512.92905
519.71559
526.50868
533.62163
540.76414
547.72325
554.42420
561.30202
568.49170
575.97288
583.10562
590.11913
597.22736
604.34183
611.27555
618.32659
625.45238
633.06424
640.94897
648.87029
656.87443
664.82054
672.85330
681.01436
689.38627
698.20384
707.14679
715.90191
724.52516
733.54493
742.55066
751.87442
760.46675
769.54707
778.95282
788.70507
798.28458
807.63331
816.81148
826.75049
836.79487
847.36174
857.72330
868.49192
879.67155
891.13541
902.58678
914.16297
926.09225
938.49634
951.37622
963.66646
976.03558
988.97848
1002.3547
1016.0417
1030.5007
1044.9306
1059.4822
1074.8151
1090.3522
1107.4173
1125.5639
1144.2827
1163.6080
1182.7336
1205.0980
1227.6262
1252.0827
1280.3903
1311.9641
1344.2942
1383.0658
1426.9629
1482.8001
1549.4562
1650.8507
1849.6591
