0.15378253
0.20364088
0.23906354
0.26797284
0.29278421
0.31536265
0.33561767
0.35437594
0.37184544
0.38848522
0.40448013
0.41954997
0.43420474
0.44805690
0.46156612
0.47477649
0.48790606
0.50047874
0.51280783
0.52467797
0.53656616
0.54827294
0.55965610
0.57084831
0.58194166
0.59268932
0.60345544
0.61395334
0.62447877
0.63481706
0.64477546
0.65484655
0.66482534
0.67453455
0.68433839
0.69377554
0.70347637
0.71295196
0.72233712
0.73148509
0.74074520
0.74998418
0.75903328
0.76813898
0.77711106
0.78593744
0.79469978
0.80352429
0.81202864
0.82051566
0.82915730
0.83764437
0.84620934
0.85458777
0.86296282
0.87143540
0.87971431
0.88796914
0.89608464
0.90432136
0.91237367
0.92045816
0.92850667
0.93650248
0.94458929
0.95259531
0.96065190
0.96856840
0.97661532
0.98445312
0.99223496
1.0001996
1.0080863
1.0158999
1.0237393
1.0315811
1.0392246
1.0469474
1.0546917
1.0623635
1.0699586
1.0776488
1.0854058
1.0930526
1.1005891
1.1080424
1.1156035
1.1231550
1.1306138
1.1382126
1.1457055
1.1530006
1.1604582
1.1679350
1.1754350
1.1827610
1.1902217
1.1976505
1.2050435
1.2123328
1.2196870
1.2269303
1.2343009
1.2417446
1.2490367
1.2565844
1.2640252
1.2713463
1.2786449
1.2859894
1.2932429
1.3005813
1.3079111
1.3151087
1.3222945
1.3295525
1.3369742
1.3443134
1.3516726
1.3588555
1.3661984
1.3734957
1.3807951
1.3880146
1.3951660
1.4023008
1.4094723
1.4167454
1.4239794
1.4311494
1.4384431
1.4455368
1.4527234
1.4599615
1.4670850
1.4744006
1.4815275
1.4887050
1.4957890
1.5031012
1.5103156
1.5174465
1.5246663
1.5318785
1.5391273
1.5464400
1.5536465
1.5607928
1.5679199
1.5751380
1.5823764
1.5895870
1.5968232
1.6041191
1.6113614
1.6185478
1.6257013
1.6329260
1.6401856
1.6473343
1.6544485
1.6617101
1.6690331
1.6763348
1.6836679
1.6909713
1.6980979
1.7053522
1.7126807
1.7199961
1.7272547
1.7345270
1.7417034
1.7489259
1.7562049
1.7635708
1.7707139
1.7779400
1.7851267
1.7924151
1.7996808
1.8070062
1.8143985
1.8217095
1.8289853
1.8362044
1.8435915
1.8509189
1.8582684
1.8655522
1.8729055
1.8802825
1.8874904
1.8948528
1.9020828
1.9094898
1.9168683
1.9242501
1.9316080
1.9390243
1.9464727
1.9539202
1.9612823
1.9687493
1.9760279
1.9834181
1.9906980
1.9980460
2.0055421
2.0129240
2.0204378
2.0278599
2.0354558
2.0428536
2.0501385
2.0575722
2.0650071
2.0724540
2.0799534
2.0872174
2.0947578
2.1022573
2.1097691
2.1172239
2.1248074
2.1323453
2.1399278
2.1475361
2.1552137
2.1630907
2.1706862
2.1781954
2.1858165
2.1936167
2.2012175
2.2090235
2.2167441
2.2243376
2.2319454
2.2396718
2.2472151
2.2549863
2.2627152
2.2705049
2.2783826
2.2862511
2.2940467
2.3017666
2.3095430
2.3173144
2.3251905
2.3329104
2.3407384
2.3483947
2.3562029
2.3641035
2.3719364
2.3798856
2.3877625
2.3958065
2.4037459
2.4116814
2.4196705
2.4276286
2.4357318
2.4438157
2.4517310
2.4597693
2.4678903
2.4760045
2.4841192
2.4921901
2.5001539
2.5081516
2.5162810
2.5243770
2.5324739
2.5406608
2.5488290
2.5568331
2.5649017
2.5730207
2.5811139
2.5893444
2.5974822
2.6057605
2.6138877
2.6220977
2.6305024
2.6387229
2.6470918
2.6555848
2.6639029
2.6722434
2.6808213
2.6891751
2.6976363
2.7060507
2.7143909
2.7229268
2.7313265
2.7398259
2.7482495
2.7566471
2.7651123
2.7736757
2.7821514
2.7906797
2.7993851
2.8079888
2.8166533
2.8253156
2.8340139
2.8425685
2.8511660
2.8597560
2.8684740
2.8772085
2.8858568
2.8946962
2.9035079
2.9121704
2.9209287
2.9296470
2.9384833
2.9473815
2.9561890
2.9649664
2.9739838
2.9829148
2.9917910
3.0006294
3.0095307
3.0186389
3.0276509
3.0365415
3.0457083
3.0547916
3.0638545
3.0729322
3.0822874
3.0914421
3.1004033
3.1095481
3.1188102
3.1279547
3.1373116
3.1465176
3.1557590
3.1652378
3.1746808
3.1840535
3.1934461
3.2028692
3.2120821
3.2215447
3.2309360
3.2402818
3.2497710
3.2593374
3.2688298
3.2784910
3.2881203
3.2976618
3.3075448
3.3173373
3.3269292
3.3365689
3.3463248
3.3562302
3.3661261
3.3759052
3.3856123
3.3953560
3.4051914
3.4149947
3.4248568
3.4346698
3.4446438
3.4546114
3.4646085
3.4745539
3.4847664
3.4949545
3.5051831
3.5153583
3.5254828
3.5357136
3.5459512
3.5561242
3.5665515
3.5768472
3.5872118
3.5975777
3.6081281
3.6185350
3.6289698
3.6394391
3.6497357
3.6602936
3.6709107
3.6813855
3.6921838
3.7028874
3.7136681
3.7243231
3.7350961
3.7460970
3.7571302
3.7681928
3.7792264
3.7900794
3.8008196
3.8117895
3.8225906
3.8337384
3.8446227
3.8555677
3.8667841
3.8778380
3.8890413
3.9001761
3.9111186
3.9221158
3.9334951
3.9446673
3.9560628
3.9676439
3.9791833
3.9907292
4.0021879
4.0135909
4.0253090
4.0371031
4.0487825
4.0603481
4.0722735
4.0841110
4.0962008
4.1080867
4.1198367
4.1317923
4.1437395
4.1556752
4.1679306
4.1800946
4.1921592
4.2042802
4.2163132
4.2284551
4.2406918
4.2530662
4.2655819
4.2779166
4.2901945
4.3027215
4.3151363
4.3278169
4.3402592
4.3531523
4.3658755
4.3787502
4.3914562
4.4042269
4.4167489
4.4295768
4.4424984
4.4555318
4.4686799
4.4815927
4.4946857
4.5080624
4.5211814
4.5344640
4.5476855
4.5613128
4.5748429
4.5883428
4.6015656
4.6152814
4.6292171
4.6429174
4.6566783
4.6704557
4.6844895
4.6987232
4.7125924
4.7263108
4.7405037
4.7544960
4.7688364
4.7830529
4.7975911
4.8121558
4.8267503
4.8413268
4.8560652
4.8705831
4.8854541
4.9001470
4.9147654
4.9296210
4.9445471
4.9595077
4.9747144
4.9898647
5.0051068
5.0205864
5.0361705
5.0513481
5.0670040
5.0824323
5.0983002
5.1141983
5.1301506
5.1457768
5.1613900
5.1775610
5.1936679
5.2097716
5.2262179
5.2424842
5.2590904
5.2758536
5.2924976
5.3090192
5.3256296
5.3425104
5.3593404
5.3761583
5.3930565
5.4102658
5.4271666
5.4446633
5.4618640
5.4793113
5.4970508
5.5148018
5.5322892
5.5500100
5.5681487
5.5862346
5.6042263
5.6221505
5.6402623
5.6587145
5.6769724
5.6953886
5.7138748
5.7327769
5.7517768
5.7708205
5.7898491
5.8085004
5.8281835
5.8475656
5.8676160
5.8870106
5.9067742
5.9270962
5.9469581
5.9671178
5.9869411
6.0073941
6.0279237
6.0486213
6.0694616
6.0906999
6.1119767
6.1329754
6.1539783
6.1753616
6.1970081
6.2183059
6.2400776
6.2620133
6.2839953
6.3060756
6.3282180
6.3505721
6.3734321
6.3964018
6.4196195
6.4430799
6.4660982
6.4897932
6.5138453
6.5375875
6.5615091
6.5862183
6.6106149
6.6352740
6.6595145
6.6846640
6.7101373
6.7356104
6.7612431
6.7864293
6.8124651
6.8380294
6.8642247
6.8912367
6.9174827
6.9445418
6.9718175
7.0001561
7.0279307
7.0560635
7.0840888
7.1123853
7.1407670
7.1695162
7.1990588
7.2280489
7.2585558
7.2879977
7.3184596
7.3488132
7.3793506
7.4111276
7.4425321
7.4742939
7.5060765
7.5385272
7.5715557
7.6045631
7.6373341
7.6707326
7.7050649
7.7388294
7.7734771
7.8083905
7.8443846
7.8803614
7.9174184
7.9542994
7.9907421
8.0283007
8.0663726
8.1044153
8.1430947
8.1821243
8.2216258
8.2613877
8.3018428
8.3429562
8.3844565
8.4263203
8.4696121
8.5130103
8.5571218
8.6022811
8.6482620
8.6946034
8.7405117
8.7879938
8.8339640
8.8811680
8.9297163
8.9791879
9.0288759
9.0795178
9.1302222
9.1828854
9.2372622
9.2914254
9.3460698
9.4009354
9.4571476
9.5146480
9.5720310
9.6310063
9.6902746
9.7505156
9.8111661
9.8744902
9.9388955
10.003271
10.068079
10.134935
10.202826
10.271417
10.341325
10.413040
10.486340
10.561352
10.636562
10.713107
10.789396
10.870464
10.950402
11.034350
11.116361
11.198870
11.284704
11.372179
11.462245
11.553488
11.643958
11.739988
11.837817
11.935879
12.035341
12.139869
12.242953
12.348214
12.455840
12.565652
12.678548
12.791513
12.907153
13.027920
13.150720
13.275546
13.404521
13.529976
13.657062
13.790500
13.930307
14.070940
14.215038
14.363299
14.511469
14.663508
14.822795
14.981450
15.148016
15.317492
15.488034
15.658093
15.838970
16.020660
16.203587
16.389793
16.579712
16.775901
16.977134
17.184812
17.395814
17.615812
17.835927
18.059383
18.290614
18.528085
18.768596
19.013354
19.271760
19.529268
19.794237
20.066867
20.338049
20.618139
20.905175
21.201925
21.504089
21.806658
22.131476
22.459351
22.797987
23.137467
23.497432
23.860497
24.228467
24.609443
24.997516
25.398030
25.796934
26.206918
26.641935
27.069315
27.521132
27.976484
28.453494
28.936772
29.427140
29.939791
30.466984
30.998680
31.534875
32.101842
32.678756
33.255320
33.854707
34.460714
35.092682
35.714835
36.372033
37.037458
37.725976
38.423598
39.143008
39.897500
40.670856
41.456216
42.268067
43.103055
43.968371
44.853474
45.762419
46.696048
47.636573
48.609612
49.601106
50.631097
51.690075
52.769892
53.904383
55.043570
56.237869
57.428866
58.678800
59.963488
61.269943
62.616499
63.989498
65.417172
66.892800
68.407048
69.966863
71.557753
73.216255
74.921307
76.656747
78.381390
80.178755
81.996381
83.864315
85.786948
87.760816
89.799735
91.870084
93.972320
96.189042
98.494700
100.84857
103.18962
105.64625
108.14381
110.74948
113.40494
116.04909
118.78374
121.47824
124.33323
127.14543
130.08194
133.09370
136.16647
139.32834
142.52603
145.76473
148.98582
152.24212
155.60203
158.94923
162.39848
165.79414
169.19161
172.74333
176.41393
179.99571
183.61407
187.18095
190.83981
194.62613
198.60459
202.58332
206.49775
210.50019
214.48475
218.60226
222.78260
227.11242
231.46749
235.87681
240.19643
244.56719
248.99492
253.49562
258.13962
262.74091
267.56789
272.48173
277.35107
282.23783
287.20653
292.18330
297.10491
302.14951
307.18739
312.25707
317.50350
322.70858
327.95837
333.34230
338.54699
343.88518
349.45237
354.87919
360.59981
366.11706
371.65614
377.26877
382.85768
388.87763
394.89943
401.04289
407.36320
413.44223
419.52963
425.74329
431.96895
438.25135
444.75620
451.10943
457.88670
464.58755
471.38208
478.15244
484.69477
491.35494
498.04251
504.93760
512.01618
519.15972
526.39820
533.62094
540.62340
548.16818
555.83125
563.43462
570.99034
578.66921
586.36787
594.01925
601.48545
609.12599
616.70620
624.25885
632.05065
640.29190
648.75625
657.16203
665.64768
673.86616
682.22640
691.06992
700.13977
708.32695
716.61058
725.20575
733.59631
742.16153
750.89603
760.10539
769.40447
778.92340
788.50953
798.02862
808.17580
817.66695
827.28033
837.12653
846.92813
856.73331
867.60301
878.37786
889.32390
900.25470
912.38755
924.10042
935.46638
947.05165
958.39782
970.59354
983.04775
996.10824
1009.9127
1023.5056
1037.5361
1052.4208
1067.7710
1084.2546
1100.6904
1119.1852
1138.1749
1156.5481
1176.9525
1201.1419
1228.3806
1255.5208
1285.7766
1315.7703
1349.9373
1391.5222
1440.0898
1498.5369
1579.2102
1683.2755
1891.2052
