49.132181
52.345902
54.210636
55.532214
56.579768
57.449729
58.222951
58.878175
59.466266
60.000320
60.491349
60.947047
61.373268
61.771784
62.149542
62.506964
62.860138
63.185424
63.494915
63.797445
64.087658
64.364153
64.631268
64.889713
65.139325
65.382722
65.613454
65.841532
66.065797
66.280969
66.495967
66.702540
66.904842
67.106028
67.297742
67.487500
67.672723
67.852333
68.031772
68.205150
68.378147
68.544828
68.709290
68.873551
69.031438
69.187405
69.341277
69.491808
69.643373
69.790328
69.938279
70.080524
70.224941
70.364587
70.503595
70.638086
70.771615
70.902228
71.032177
71.162458
71.290701
71.416239
71.539876
71.663078
71.787920
71.910243
72.028088
72.145484
72.264320
72.380110
72.497213
72.609751
72.723251
72.835205
72.945862
73.057193
73.167735
73.277086
73.384412
73.489301
73.593949
73.700180
73.802814
73.906595
74.008206
74.108059
74.207756
74.306552
74.405957
74.504942
74.602732
74.702277
74.796641
74.892851
74.989003
75.084302
75.177994
75.270417
75.362537
75.453878
75.545126
75.635539
75.725671
75.815706
75.905569
75.994395
76.083270
76.171317
76.259738
76.348204
76.435060
76.520639
76.607514
76.691996
76.775671
76.860160
76.943597
77.026377
77.108516
77.189570
77.270993
77.353131
77.433966
77.514507
77.595138
77.675916
77.754229
77.832839
77.911617
77.989617
78.069242
78.146778
78.223962
78.300559
78.376963
78.452745
78.527806
78.602716
78.677581
78.753246
78.828033
78.903783
78.977868
79.051978
79.123288
79.195936
79.268713
79.341924
79.413872
79.485608
79.557359
79.629306
79.700367
79.771332
79.842114
79.913138
79.982526
80.053212
80.122531
80.191862
80.260758
80.328669
80.397635
80.466386
80.533691
80.601115
80.669012
80.735383
80.802902
80.870537
80.937056
81.004454
81.071765
81.137558
81.204118
81.269881
81.335535
81.400567
81.465562
81.531106
81.596185
81.661236
81.727122
81.791525
81.855040
81.919608
81.984444
82.048341
82.112288
82.175890
82.239735
82.304219
82.367321
82.430796
82.493688
82.556731
82.618677
82.681574
82.743890
82.806119
82.867310
82.929864
82.991746
83.053040
83.114490
83.175432
83.236992
83.297089
83.357682
83.417891
83.478722
83.538114
83.599020
83.658803
83.719268
83.779050
83.837700
83.896937
83.956566
84.016166
84.075581
84.134641
84.193276
84.251919
84.311014
84.369151
84.427669
84.485992
84.544422
84.602048
84.661112
84.719525
84.777806
84.835142
84.892894
84.950711
85.007777
85.064675
85.122567
85.178616
85.236269
85.292810
85.349948
85.405759
85.462938
85.519436
85.575907
85.633165
85.688529
85.745295
85.801358
85.857979
85.913363
85.968855
86.025178
86.079939
86.135711
86.191419
86.246410
86.301514
86.356491
86.411989
86.467519
86.522650
86.578237
86.632382
86.686893
86.742272
86.797763
86.852557
86.907346
86.961971
87.015649
87.069881
87.123266
87.177093
87.231378
87.286147
87.340596
87.394198
87.448096
87.501973
87.556228
87.610388
87.664088
87.718933
87.772498
87.826093
87.879681
87.933350
87.985915
88.039117
88.092098
88.145509
88.198706
88.250690
88.303463
88.355124
88.408708
88.460222
88.513682
88.565623
88.617806
88.671189
88.723912
88.776722
88.829194
88.881283
88.933046
88.985496
89.037997
89.090377
89.143055
89.195719
89.247950
89.300495
89.352803
89.404197
89.457003
89.509350
89.560924
89.612746
89.664419
89.716096
89.767542
89.819309
89.870870
89.922065
89.973394
90.024213
90.075608
90.127063
90.178546
90.229806
90.280691
90.332495
90.382752
90.433807
90.484816
90.535261
90.586441
90.637286
90.688035
90.739005
90.790009
90.841000
90.891841
90.942009
90.993119
91.043727
91.094897
91.145896
91.197408
91.247925
91.299013
91.350049
91.400529
91.451261
91.501020
91.552139
91.601928
91.652112
91.702504
91.751746
91.802121
91.852783
91.902674
91.953250
92.002592
92.052401
92.102817
92.152108
92.202045
92.252075
92.302896
92.352455
92.401958
92.450386
92.500821
92.550909
92.601146
92.650781
92.700213
92.749630
92.799663
92.849195
92.899667
92.949505
92.999056
93.048578
93.098935
93.147934
93.197832
93.247374
93.297035
93.346480
93.395811
93.445566
93.494759
93.545059
93.595251
93.645532
93.695568
93.745343
93.795859
93.846203
93.895799
93.945840
93.996255
94.046953
94.096424
94.145824
94.195757
94.244935
94.293454
94.343503
94.392523
94.442581
94.493477
94.543272
94.591721
94.641624
94.690866
94.740773
94.790765
94.839953
94.889137
94.937852
94.987585
95.035976
95.085052
95.135387
95.184466
95.233861
95.283043
95.332996
95.381866
95.431203
95.480231
95.529084
95.578108
95.626712
95.676125
95.725487
95.774710
95.824322
95.873061
95.922779
95.971382
96.021117
96.070423
96.118859
96.168280
96.217710
96.266640
96.316507
96.365215
96.415194
96.465198
96.514389
96.563805
96.613155
96.662751
96.711915
96.760867
96.811117
96.859790
96.908599
96.958299
97.007708
97.057265
97.106618
97.156715
97.206936
97.255892
97.305220
97.354597
97.405795
97.455592
97.506323
97.555996
97.605523
97.654543
97.704983
97.755204
97.804711
97.854488
97.903611
97.952885
98.002228
98.052289
98.102813
98.152769
98.202695
98.252691
98.302261
98.351728
98.401340
98.450853
98.499932
98.549785
98.600775
98.651935
98.701981
98.751879
98.802417
98.853354
98.903434
98.953621
99.004036
99.053988
99.104515
99.154584
99.204546
99.255505
99.305697
99.356156
99.405411
99.456552
99.506625
99.557521
99.609043
99.659861
99.710265
99.760156
99.810297
99.860821
99.911551
99.962510
100.01352
100.06384
100.11498
100.16567
100.21654
100.26778
100.31935
100.37018
100.42133
100.47239
100.52289
100.57306
100.62463
100.67607
100.72712
100.77752
100.82890
100.88026
100.93267
100.98376
101.03478
101.08657
101.13850
101.18982
101.24206
101.29249
101.34379
101.39575
101.44787
101.49870
101.55079
101.60207
101.65484
101.70704
101.75951
101.81233
101.86527
101.91691
101.96988
102.02199
102.07328
102.12574
102.17742
102.22991
102.28241
102.33421
102.38621
102.43928
102.49276
102.54580
102.59947
102.65240
102.70536
102.75799
102.81041
102.86285
102.91615
102.96914
103.02324
103.07593
103.12886
103.18206
103.23512
103.28908
103.34242
103.39520
103.44902
103.50213
103.55522
103.60927
103.66261
103.71632
103.76948
103.82275
103.87759
103.93173
103.98511
104.03869
104.09226
104.14664
104.20098
104.25546
104.30910
104.36323
104.41770
104.47202
104.52689
104.58088
104.63541
104.68919
104.74449
104.79947
104.85356
104.90941
104.96477
105.01959
105.07492
105.13010
105.18480
105.23950
105.29446
105.34971
105.40493
105.46018
105.51523
105.57136
105.62729
105.68344
105.73889
105.79433
105.85043
105.90626
105.96334
106.01963
106.07610
106.13268
106.18934
106.24684
106.30386
106.35934
106.41595
106.47282
106.52903
106.58623
106.64407
106.70190
106.75846
106.81576
106.87340
106.93173
106.98953
107.04924
107.10747
107.16613
107.22376
107.28206
107.34020
107.39807
107.45579
107.51465
107.57425
107.63397
107.69362
107.75287
107.81215
107.87192
107.93088
107.98952
108.04945
108.10853
108.16866
108.22720
108.28783
108.34875
108.40901
108.46948
108.52895
108.59011
108.65076
108.71277
108.77507
108.83559
108.89645
108.95912
109.02083
109.08189
109.14370
109.20488
109.26643
109.32793
109.39064
109.45107
109.51315
109.57515
109.63787
109.70107
109.76446
109.82709
109.88959
109.95250
110.01557
110.07888
110.14218
110.20563
110.26932
110.33303
110.39676
110.46081
110.52520
110.58917
110.65468
110.71952
110.78365
110.84834
110.91325
110.97840
111.04206
111.10772
111.17248
111.23829
111.30464
111.37018
111.43648
111.50243
111.56929
111.63641
111.70244
111.76867
111.83587
111.90277
111.97079
112.03837
112.10667
112.17397
112.24063
112.30782
112.37516
112.44295
112.51192
112.57992
112.64848
112.71764
112.78689
112.85625
112.92569
112.99502
113.06316
113.13308
113.20447
113.27480
113.34615
113.41702
113.48830
113.55942
113.63050
113.70158
113.77446
113.84495
113.91522
113.98765
114.06047
114.13413
114.20725
114.28023
114.35456
114.42913
114.50328
114.57728
114.65067
114.72560
114.80083
114.87558
114.94984
115.02502
115.10029
115.17671
115.25256
115.32936
115.40660
115.48371
115.56062
115.63797
115.71491
115.79448
115.87268
115.94991
116.02898
116.10889
116.18840
116.26861
116.34863
116.42877
116.51046
116.59132
116.67276
116.75293
116.83555
116.91682
116.99972
117.08199
117.16557
117.24827
117.33140
117.41586
117.49793
117.58224
117.66555
117.75057
117.83468
117.92025
118.00679
118.09343
118.18031
118.26872
118.35585
118.44366
118.53162
118.61915
118.70797
118.79660
118.88499
118.97516
119.06355
119.15430
119.24569
119.33736
119.42840
119.52161
119.61353
119.70739
119.80034
119.89424
119.98763
120.08130
120.17659
120.27232
120.36873
120.46607
120.56271
120.66087
120.75930
120.85700
120.95582
121.05500
121.15511
121.25653
121.35663
121.45881
121.56015
121.66359
121.76575
121.86918
121.97395
122.07863
122.18432
122.28850
122.39521
122.50058
122.60885
122.71561
122.82497
122.93569
123.04578
123.15607
123.26716
123.37866
123.49103
123.60485
123.71829
123.83301
123.94872
124.06435
124.18059
124.29701
124.41604
124.53357
124.65383
124.77541
124.89827
125.02130
125.14629
125.27126
125.39553
125.52203
125.64966
125.77731
125.90693
126.03820
126.16993
126.30167
126.43503
126.57105
126.70611
126.84018
126.97584
127.11325
127.25241
127.39033
127.53248
127.67502
127.81905
127.96158
128.11024
128.25838
128.40727
128.55710
128.70924
128.86239
129.01873
129.17368
129.33130
129.49048
129.65562
129.81907
129.98355
130.14931
130.31539
130.48639
130.65981
130.83565
131.01124
131.18939
131.37195
131.55295
131.73973
131.92830
132.11819
132.30833
132.50576
132.70193
132.89980
133.09973
133.30692
133.51075
133.71941
133.93067
134.14449
134.36624
134.58798
134.81216
135.03820
135.27250
135.51243
135.75308
136.00208
136.25118
136.50541
136.77146
137.03946
137.31322
137.58914
137.87440
138.15726
138.45313
138.75873
139.06687
139.38183
139.71413
140.04436
140.38624
140.73535
141.09683
141.46794
141.85191
142.24818
142.66651
143.09325
143.53022
143.99398
144.47203
144.96407
145.48074
146.02424
146.59055
147.19160
147.81864
148.47867
149.18766
149.94797
150.75836
151.62760
152.59046
153.63901
154.79962
156.11293
157.63049
159.44165
161.66165
164.50451
168.60623
176.33965
