11.712573
14.137289
15.717645
16.909499
17.899519
18.766204
19.523304
20.207913
20.841519
21.425693
21.969131
22.484672
22.977161
23.445732
23.894714
24.319835
24.730741
25.124287
25.501845
25.869755
26.230532
26.583155
26.918392
27.243875
27.563063
27.871272
28.176076
28.474624
28.769340
29.058194
29.340163
29.620646
29.894092
30.160918
30.425819
30.687663
30.942344
31.199312
31.445580
31.688534
31.929034
32.165179
32.403700
32.636806
32.864511
33.091448
33.317743
33.537538
33.756413
33.973349
34.191761
34.406221
34.616996
34.824626
35.032192
35.235271
35.440016
35.640889
35.840962
36.037679
36.231930
36.427550
36.622486
36.814025
37.001705
37.191458
37.380132
37.564599
37.747755
37.930102
38.111567
38.291530
38.472151
38.652946
38.831624
39.006180
39.179641
39.350323
39.521919
39.692170
39.859298
40.028531
40.197493
40.365100
40.535435
40.704230
40.868366
41.030120
41.194031
41.356632
41.520103
41.681768
41.844299
42.004487
42.164950
42.320062
42.475226
42.632852
42.790194
42.943067
43.099635
43.252605
43.406537
43.558919
43.708605
43.859879
44.012165
44.163237
44.314746
44.461776
44.610847
44.755382
44.901432
45.046648
45.193584
45.338193
45.481232
45.625193
45.768963
45.913271
46.055084
46.197371
46.342218
46.485260
46.627630
46.768836
46.911702
47.052364
47.194055
47.334683
47.471303
47.612140
47.751415
47.889109
48.025983
48.161893
48.299249
48.437659
48.575270
48.711299
48.847205
48.980290
49.115729
49.249132
49.383758
49.517178
49.651812
49.786166
49.915825
50.049411
50.179415
50.310633
50.442629
50.572871
50.703811
50.835936
50.965473
51.095776
51.225030
51.355865
51.483655
51.611463
51.739014
51.868557
51.995612
52.122244
52.248876
52.375531
52.502791
52.626621
52.753313
52.878411
53.006379
53.133774
53.260447
53.386541
53.512905
53.638264
53.762661
53.885720
54.009849
54.134473
54.260365
54.385550
54.507694
54.630818
54.752452
54.877848
55.001811
55.124407
55.247426
55.369325
55.492384
55.615328
55.736108
55.859799
55.982326
56.105492
56.226219
56.346670
56.468878
56.590083
56.710798
56.833698
56.955859
57.077748
57.199813
57.318383
57.437878
57.556029
57.675215
57.794241
57.914277
58.033765
58.150453
58.271735
58.390294
58.511458
58.630745
58.748301
58.866752
58.984072
59.103223
59.220489
59.338201
59.455825
59.574836
59.693276
59.810431
59.928852
60.047424
60.166033
60.284047
60.401986
60.521036
60.638766
60.756157
60.872219
60.990395
61.106334
61.221710
61.338352
61.454864
61.569458
61.686125
61.802985
61.919700
62.033272
62.149578
62.265403
62.381953
62.497903
62.611551
62.726087
62.839946
62.955922
63.071301
63.185399
63.300264
63.414960
63.530782
63.646354
63.761853
63.874788
63.989189
64.104526
64.220696
64.334583
64.449819
64.564207
64.679859
64.795359
64.909002
65.024443
65.138702
65.250694
65.365393
65.479297
65.593531
65.708481
65.822150
65.934486
66.046944
66.161385
66.276073
66.388594
66.501533
66.617083
66.731162
66.845083
66.957611
67.071133
67.184883
67.297016
67.410549
67.525924
67.638010
67.750282
67.862272
67.974473
68.086545
68.198391
68.310990
68.424859
68.538132
68.652755
68.765856
68.879363
68.992029
69.103431
69.216619
69.329517
69.440440
69.553758
69.668491
69.781142
69.892835
70.004881
70.118191
70.231606
70.344256
70.456096
70.570508
70.682393
70.795792
70.908016
71.019875
71.133831
71.247877
71.361182
71.474549
71.587104
71.699351
71.812406
71.923891
72.035973
72.148427
72.262132
72.373001
72.485714
72.599234
72.714578
72.825022
72.938099
73.049918
73.162464
73.274108
73.388764
73.501614
73.613586
73.727336
73.838841
73.950333
74.064743
74.179026
74.290357
74.403295
74.517507
74.630636
74.742310
74.855590
74.968516
75.081225
75.194286
75.307957
75.420183
75.531852
75.646420
75.758645
75.874854
75.988099
76.100274
76.214959
76.329425
76.441920
76.554263
76.668029
76.780394
76.894321
77.008400
77.122439
77.234322
77.349216
77.464091
77.577700
77.692388
77.807715
77.920130
78.034976
78.149348
78.263342
78.376518
78.489577
78.603405
78.716734
78.831698
78.946793
79.060907
79.175464
79.290587
79.404436
79.520416
79.636523
79.751158
79.864060
79.976978
80.092053
80.205867
80.318122
80.432211
80.545877
80.659399
80.774314
80.891047
81.006495
81.121028
81.235696
81.350120
81.465181
81.579463
81.693400
81.809306
81.928146
82.046300
82.162627
82.279629
82.396225
82.513608
82.630029
82.745111
82.862046
82.978617
83.094256
83.209172
83.325089
83.440796
83.556624
83.673402
83.788932
83.906189
84.020878
84.140328
84.256562
84.375080
84.492393
84.608627
84.725926
84.842750
84.959441
85.075055
85.191343
85.309455
85.429105
85.547596
85.664262
85.782182
85.900949
86.021429
86.139664
86.259993
86.378202
86.496857
86.615082
86.733441
86.851061
86.969718
87.088098
87.208350
87.326994
87.444980
87.563630
87.683252
87.803414
87.923905
88.044018
88.164806
88.286370
88.407694
88.527925
88.649542
88.770239
88.891803
89.014109
89.133766
89.254796
89.374081
89.497386
89.616183
89.739498
89.861446
89.983472
90.105193
90.226264
90.346449
90.467245
90.587454
90.710713
90.833360
90.954066
91.078096
91.200260
91.321221
91.443561
91.564517
91.688875
91.812419
91.936198
92.061779
92.185551
92.311108
92.433553
92.557779
92.681378
92.804438
92.930237
93.052695
93.175464
93.301329
93.427156
93.552395
93.675054
93.798490
93.923290
94.048065
94.172326
94.298862
94.424510
94.548949
94.676033
94.800116
94.925489
95.050048
95.180036
95.306303
95.433572
95.561502
95.686997
95.815815
95.945723
96.072013
96.199753
96.327711
96.455956
96.584710
96.712904
96.841416
96.969932
97.098054
97.226855
97.358565
97.488353
97.618782
97.749276
97.880559
98.009881
98.140649
98.271313
98.402159
98.531062
98.659748
98.790454
98.919763
99.051065
99.185215
99.317030
99.448139
99.579905
99.712778
99.844412
99.975327
100.10803
100.24271
100.37461
100.50714
100.63889
100.77267
100.90802
101.04072
101.17607
101.30990
101.44484
101.58063
101.71419
101.84930
101.98572
102.12228
102.25592
102.39276
102.52596
102.66146
102.79569
102.93122
103.06597
103.20384
103.34104
103.47719
103.61474
103.75246
103.88832
104.02627
104.16529
104.30347
104.44096
104.58084
104.71921
104.85795
104.99761
105.13774
105.27660
105.41683
105.55626
105.69633
105.83685
105.97844
106.11913
106.26132
106.40303
106.54719
106.68920
106.83278
106.97412
107.11939
107.26263
107.40564
107.54953
107.69366
107.83983
107.98462
108.13268
108.27484
108.41886
108.56587
108.71232
108.85874
109.00704
109.15346
109.29971
109.44544
109.59386
109.73971
109.88847
110.03605
110.18312
110.33328
110.48488
110.63550
110.78336
110.93499
111.08589
111.23560
111.38700
111.53707
111.68891
111.84069
111.99110
112.13852
112.29051
112.44309
112.59630
112.75305
112.90705
113.06107
113.21718
113.37486
113.52856
113.68372
113.84075
113.99571
114.15136
114.30898
114.46421
114.62088
114.77845
114.93692
115.09934
115.25599
115.41584
115.57937
115.74197
115.90365
116.06715
116.23050
116.39031
116.55306
116.71463
116.87692
117.03771
117.19887
117.36227
117.52714
117.69366
117.86015
118.02585
118.19051
118.35541
118.52103
118.68929
118.85479
119.02241
119.18980
119.35660
119.52617
119.69530
119.86260
120.03033
120.19911
120.37063
120.54450
120.71413
120.88570
121.05989
121.23343
121.40644
121.58265
121.75764
121.93108
122.10410
122.27861
122.45514
122.63160
122.80827
122.98315
123.16224
123.33950
123.52013
123.69794
123.87738
124.05492
124.23573
124.41775
124.59931
124.77891
124.95988
125.14208
125.32962
125.51592
125.70569
125.88960
126.07935
126.26397
126.45131
126.63770
126.82870
127.01679
127.20615
127.39647
127.58557
127.77509
127.96542
128.15796
128.34908
128.54044
128.73423
128.92902
129.12474
129.31950
129.51714
129.71556
129.91008
130.10647
130.30534
130.50385
130.70625
130.90985
131.11237
131.31600
131.52074
131.72276
131.92658
132.13317
132.33896
132.54444
132.75787
132.96588
133.17509
133.38351
133.59699
133.81041
134.01978
134.23259
134.44494
134.66016
134.87577
135.09055
135.30560
135.52140
135.73907
135.95593
136.17478
136.39241
136.61191
136.83283
137.05348
137.27724
137.50723
137.73344
137.96167
138.18980
138.41589
138.64654
138.87958
139.11168
139.34184
139.57570
139.80758
140.04426
140.28059
140.52121
140.75946
140.99617
141.23531
141.47654
141.71764
141.96292
142.20525
142.44575
142.69292
142.94273
143.18927
143.43681
143.68533
143.93542
144.19212
144.44628
144.70412
144.96078
145.21905
145.47639
145.73328
145.99365
146.25572
146.52485
146.79178
147.05922
147.32467
147.59207
147.86351
148.13569
148.41138
148.68505
148.95775
149.23560
149.50921
149.79005
150.07187
150.35583
150.63966
150.92486
151.21017
151.49446
151.78345
152.07471
152.37378
152.66744
152.96641
153.27048
153.57673
153.87702
154.17927
154.48654
154.79243
155.10472
155.41345
155.73037
156.04348
156.36498
156.69049
157.01348
157.33773
157.66319
157.99347
158.32540
158.65869
158.99490
159.33548
159.67798
160.01421
160.36075
160.70755
161.04926
161.40199
161.75744
162.11582
162.48148
162.84680
163.21008
163.57683
163.94057
164.31294
164.69462
165.07639
165.46169
165.84706
166.23217
166.63211
167.02652
167.41605
167.81846
168.21713
168.62374
169.03454
169.45365
169.87877
170.29890
170.72692
171.15527
171.58846
172.02572
172.47391
172.92091
173.37493
173.82853
174.29661
174.76954
175.23883
175.70752
176.19060
176.67862
177.16890
177.66720
178.16969
178.67913
179.19649
179.71283
180.23961
180.77217
181.31694
181.86346
182.41696
182.97612
183.53462
184.09904
184.67886
185.26203
185.85506
186.46371
187.07161
187.68771
188.32986
188.96329
189.60681
190.26051
190.93096
191.60381
192.28673
192.98326
193.70109
194.42381
195.16977
195.93258
196.70262
197.48757
198.26862
199.07648
199.89656
200.74582
201.59921
202.47528
203.36920
204.28925
205.23077
206.21000
207.20210
208.23444
209.25652
210.29577
211.36115
212.46802
213.62214
214.80364
216.00985
217.26326
218.56143
219.89284
221.28345
222.74743
224.26961
225.83134
227.46762
229.17094
230.97169
232.82627
234.79073
236.86409
239.01146
241.29291
243.75994
246.38829
249.28550
252.36816
255.71711
259.48137
263.65638
268.45374
274.00767
280.58380
288.65575
299.18229
314.70025
345.40023
