50.177322
53.502617
55.355629
56.675769
57.743916
58.618770
59.373493
60.045223
60.648846
61.189432
61.687472
62.153542
62.589916
62.996812
63.378152
63.736691
64.078706
64.405908
64.719115
65.020468
65.316517
65.593003
65.863303
66.124884
66.376024
66.620569
66.859100
67.088535
67.313012
67.529380
67.738581
67.948286
68.151702
68.346538
68.540417
68.728575
68.912113
69.093424
69.270654
69.442223
69.613213
69.783385
69.943676
70.103753
70.263090
70.419548
70.574237
70.724010
70.872158
71.022114
71.164925
71.308364
71.448391
71.587332
71.723899
71.858075
71.992599
72.124887
72.256073
72.384122
72.509270
72.636085
72.759893
72.884000
73.005122
73.126501
73.243591
73.361484
73.476640
73.593345
73.708845
73.822548
73.934038
74.045399
74.155052
74.264446
74.372546
74.478893
74.585568
74.687489
74.790090
74.893983
74.996870
75.095864
75.195407
75.295201
75.394400
75.492512
75.590624
75.687091
75.784893
75.881045
75.976836
76.071884
76.165955
76.259366
76.351132
76.443289
76.534780
76.625091
76.716459
76.805756
76.894382
76.983644
77.072004
77.160455
77.248568
77.334884
77.420164
77.505258
77.590330
77.674591
77.757506
77.839897
77.922843
78.005281
78.087176
78.168624
78.248286
78.329192
78.407741
78.486688
78.566363
78.644932
78.724462
78.803117
78.880720
78.958563
79.034838
79.111573
79.185258
79.261834
79.336467
79.411776
79.486675
79.560897
79.635515
79.709713
79.782872
79.856496
79.929757
80.002924
80.074679
80.147893
80.218424
80.288964
80.360780
80.432197
80.502001
80.571968
80.642251
80.711754
80.780212
80.849344
80.917142
80.985889
81.054321
81.123260
81.191849
81.260532
81.327950
81.395085
81.461857
81.530094
81.595434
81.660827
81.726775
81.793346
81.858573
81.925327
81.990161
82.055245
82.120825
82.186152
82.251217
82.314575
82.379838
82.444637
82.508838
82.572096
82.635492
82.698536
82.761313
82.823978
82.886493
82.949054
83.011902
83.074623
83.136149
83.197509
83.259110
83.322731
83.384205
83.445446
83.505031
83.565594
83.626454
83.687164
83.747297
83.807864
83.869330
83.929237
83.988387
84.047828
84.106708
84.166206
84.225279
84.283404
84.342727
84.401409
84.459696
84.518369
84.575275
84.633794
84.691585
84.749347
84.807553
84.865529
84.923532
84.979712
85.037214
85.094914
85.152268
85.209232
85.266066
85.322737
85.379092
85.437327
85.493074
85.548031
85.604119
85.659932
85.715493
85.771371
85.827410
85.882438
85.937140
85.992155
86.048096
86.103157
86.158036
86.212941
86.266928
86.320709
86.375499
86.431321
86.486509
86.541093
86.595008
86.649307
86.703283
86.757584
86.811620
86.865425
86.918755
86.972772
87.025920
87.078711
87.132381
87.185003
87.238822
87.292127
87.344586
87.398195
87.451304
87.503970
87.557239
87.609548
87.662596
87.715332
87.767660
87.820484
87.872911
87.924494
87.976930
88.029784
88.081199
88.132872
88.185168
88.236525
88.289015
88.341203
88.393752
88.444574
88.495692
88.547299
88.598435
88.650070
88.701646
88.753005
88.803795
88.855610
88.906126
88.956722
89.007042
89.057925
89.108976
89.160324
89.211100
89.261583
89.312460
89.362228
89.412281
89.462752
89.512852
89.563079
89.613234
89.663775
89.713743
89.763273
89.813639
89.863364
89.912934
89.962658
90.011990
90.061379
90.110811
90.160140
90.210254
90.259597
90.308301
90.356817
90.406028
90.455323
90.504623
90.553968
90.603016
90.652546
90.702146
90.751832
90.800900
90.850056
90.898539
90.946873
90.995789
91.045292
91.093624
91.140900
91.188928
91.236703
91.285101
91.333171
91.382413
91.430065
91.478802
91.526891
91.575563
91.623307
91.671680
91.719766
91.767902
91.815676
91.864227
91.912787
91.961022
92.008923
92.057384
92.105619
92.153240
92.201187
92.248985
92.296428
92.344294
92.391694
92.439305
92.487290
92.536180
92.584659
92.632203
92.680348
92.728331
92.775152
92.822112
92.869463
92.917348
92.964687
93.012101
93.059880
93.107190
93.154232
93.202160
93.249541
93.297096
93.344320
93.391339
93.438285
93.485401
93.532503
93.579459
93.626654
93.673110
93.719986
93.766465
93.813150
93.860875
93.907314
93.954465
94.001697
94.048743
94.096307
94.143142
94.190427
94.237486
94.284884
94.331719
94.379258
94.426325
94.473699
94.520527
94.567475
94.614838
94.661473
94.708730
94.756145
94.803178
94.850707
94.897433
94.944304
94.989517
95.036683
95.083535
95.130031
95.176227
95.223335
95.270056
95.315865
95.362962
95.408817
95.455664
95.502584
95.549083
95.595196
95.641938
95.688398
95.735660
95.781961
95.828266
95.875552
95.922719
95.969288
96.015879
96.063002
96.109865
96.156158
96.203648
96.250573
96.298449
96.344513
96.391762
96.438840
96.486346
96.532152
96.578416
96.625511
96.672404
96.719036
96.765953
96.812747
96.859008
96.905603
96.952094
96.998695
97.045332
97.092263
97.139151
97.186383
97.233072
97.279379
97.326189
97.371752
97.419128
97.466253
97.513696
97.560593
97.607564
97.653673
97.700073
97.746441
97.793382
97.840303
97.887569
97.934363
97.980988
98.028295
98.075165
98.122488
98.170030
98.217781
98.263861
98.309937
98.357050
98.404055
98.450528
98.497206
98.543990
98.590976
98.637496
98.684652
98.731756
98.778401
98.826322
98.873261
98.921129
98.967573
99.015417
99.062707
99.109874
99.158142
99.205540
99.251898
99.300095
99.347891
99.394921
99.442336
99.489165
99.537194
99.584549
99.632188
99.679707
99.726820
99.774618
99.822409
99.869645
99.917023
99.965004
100.01285
100.06025
100.10760
100.15474
100.20319
100.25096
100.29951
100.34774
100.39518
100.44266
100.49073
100.53894
100.58678
100.63591
100.68372
100.73179
100.77986
100.82744
100.87625
100.92404
100.97187
101.01976
101.06784
101.11584
101.16331
101.21161
101.25949
101.30759
101.35593
101.40390
101.45330
101.50194
101.55018
101.59834
101.64724
101.69475
101.74351
101.79241
101.84114
101.89004
101.93869
101.98707
102.03557
102.08363
102.13226
102.18097
102.22929
102.27899
102.32793
102.37634
102.42577
102.47549
102.52569
102.57458
102.62341
102.67227
102.72211
102.77190
102.82130
102.87185
102.92200
102.97079
103.02007
103.07007
103.11990
103.17050
103.22012
103.27028
103.32057
103.37118
103.42085
103.47153
103.52123
103.57141
103.62137
103.67123
103.72125
103.77121
103.82238
103.87307
103.92398
103.97483
104.02602
104.07640
104.12693
104.17722
104.22775
104.27722
104.32790
104.37853
104.42994
104.48170
104.53320
104.58369
104.63515
104.68637
104.73806
104.78995
104.84195
104.89362
104.94486
104.99670
105.04804
105.09982
105.15140
105.20362
105.25539
105.30786
105.36001
105.41244
105.46501
105.51753
105.57002
105.62245
105.67507
105.72808
105.78019
105.83342
105.88630
105.93917
105.99151
106.04432
106.09744
106.15054
106.20453
106.25769
106.31071
106.36447
106.41736
106.47078
106.52489
106.57908
106.63321
106.68694
106.74034
106.79515
106.84889
106.90261
106.95600
107.01097
107.06516
107.11924
107.17315
107.22782
107.28287
107.33676
107.39194
107.44720
107.50188
107.55721
107.61251
107.66884
107.72423
107.77999
107.83600
107.89184
107.94684
108.00307
108.05884
108.11467
108.17035
108.22703
108.28353
108.34015
108.39580
108.45260
108.50948
108.56617
108.62298
108.68007
108.73897
108.79671
108.85359
108.91129
108.96927
109.02754
109.08546
109.14351
109.20137
109.25936
109.31757
109.37592
109.43543
109.49319
109.55163
109.60938
109.66837
109.72655
109.78656
109.84528
109.90435
109.96387
110.02311
110.08279
110.14273
110.20175
110.26080
110.32139
110.38106
110.44259
110.50262
110.56349
110.62486
110.68521
110.74589
110.80743
110.87016
110.93212
110.99383
111.05502
111.11819
111.18038
111.24121
111.30455
111.36720
111.42942
111.49171
111.55504
111.61774
111.68055
111.74379
111.80752
111.87090
111.93432
111.99820
112.06250
112.12746
112.19253
112.25745
112.32263
112.38642
112.45092
112.51607
112.58329
112.64866
112.71390
112.77900
112.84483
112.91184
112.97827
113.04627
113.11363
113.18023
113.24750
113.31615
113.38356
113.45045
113.51884
113.58665
113.65422
113.72328
113.79138
113.85911
113.92782
113.99705
114.06604
114.13567
114.20589
114.27700
114.34734
114.41915
114.49061
114.56122
114.63227
114.70397
114.77678
114.84919
114.92065
114.99315
115.06626
115.13985
115.21427
115.28843
115.36321
115.43831
115.51225
115.58639
115.66192
115.73683
115.81134
115.88708
115.96242
116.03909
116.11440
116.19130
116.26753
116.34420
116.42232
116.50034
116.57923
116.65830
116.73652
116.81445
116.89380
116.97357
117.05320
117.13466
117.21481
117.29583
117.37674
117.45938
117.54096
117.62228
117.70567
117.78956
117.87415
117.95709
118.03977
118.12296
118.20747
118.29230
118.37908
118.46702
118.55272
118.63871
118.72728
118.81455
118.90434
118.99263
119.08175
119.17045
119.25884
119.34806
119.43626
119.52758
119.61856
119.70924
119.80316
119.89706
119.99110
120.08580
120.17991
120.27510
120.36925
120.46552
120.56147
120.66023
120.75905
120.85677
120.95671
121.05569
121.15633
121.25583
121.35457
121.45666
121.55627
121.65861
121.76168
121.86654
121.97113
122.07540
122.17906
122.28383
122.38907
122.49599
122.60566
122.71490
122.82439
122.93529
123.04476
123.15550
123.26928
123.38385
123.49889
123.61421
123.72918
123.84520
123.96129
124.07879
124.19447
124.31438
124.43615
124.55671
124.67994
124.80307
124.92863
125.05351
125.18221
125.31024
125.43863
125.56844
125.69959
125.83092
125.96156
126.09331
126.22896
126.36714
126.50620
126.64362
126.78551
126.92805
127.07059
127.21559
127.36167
127.50817
127.65473
127.80690
127.95966
128.11840
128.27352
128.43040
128.58708
128.75027
128.91439
129.07937
129.24508
129.41382
129.58779
129.76041
129.93490
130.11141
130.28978
130.47272
130.65694
130.84374
131.03517
131.22524
131.42148
131.61930
131.81807
132.02228
132.22864
132.44006
132.65380
132.86805
133.08580
133.31252
133.54344
133.77383
134.01309
134.25719
134.50341
134.75658
135.00973
135.27000
135.53775
135.81480
136.09074
136.37630
136.66959
136.97209
137.28032
137.59803
137.92104
138.25577
138.60540
138.96186
139.32939
139.70344
140.09535
140.49971
140.91401
141.35110
141.80609
142.27990
142.77092
143.28523
143.82587
144.40102
145.00475
145.64445
146.30925
147.03568
147.81041
148.66213
149.56662
150.56169
151.66848
152.94259
154.41747
156.13249
158.21568
160.98980
165.02915
172.62823
