0.086044275
0.17220545
0.25891572
0.34431483
0.43011391
0.51810174
0.60524796
0.69190183
0.77720755
0.86393147
0.95045295
1.0388009
1.1259575
1.2121913
1.3008704
1.3891780
1.4778899
1.5661559
1.6545258
1.7433709
1.8320198
1.9213160
2.0094749
2.0980955
2.1877613
2.2766380
2.3629262
2.4522470
2.5412224
2.6298937
2.7194817
2.8089067
2.9000105
2.9905773
3.0817006
3.1720066
3.2623402
3.3537085
3.4436586
3.5336577
3.6248369
3.7163082
3.8079413
3.8978568
3.9878504
4.0799294
4.1719697
4.2633826
4.3557322
4.4484328
4.5414692
4.6336342
4.7250596
4.8172681
4.9113186
5.0050062
5.0985922
5.1913122
5.2830760
5.3758160
5.4695769
5.5635801
5.6558802
5.7487624
5.8428265
5.9369045
6.0323809
6.1241314
6.2174698
6.3111188
6.4053468
6.5006465
6.5960027
6.6901622
6.7841602
6.8800551
6.9749780
7.0691238
7.1634182
7.2581503
7.3541829
7.4510440
7.5467745
7.6439451
7.7402594
7.8363967
7.9329708
8.0289701
8.1243639
8.2215005
8.3181198
8.4160454
8.5126120
8.6099268
8.7093270
8.8072527
8.9039012
9.0014952
9.0988989
9.1967466
9.2950306
9.3937622
9.4924150
9.5923202
9.6929544
9.7930622
9.8937673
9.9937672
10.093824
10.193311
10.292765
10.392504
10.491669
10.590849
10.689967
10.790698
10.892129
10.994008
11.095687
11.196596
11.297806
11.400076
11.502331
11.605296
11.704528
11.806432
11.907960
12.010013
12.112352
12.214172
12.316286
12.420066
12.522754
12.625144
12.726299
12.829586
12.931848
13.032632
13.134406
13.239036
13.342055
13.444066
13.546693
13.650011
13.755766
13.859321
13.964003
14.068419
14.172961
14.277843
14.382510
14.487754
14.592471
14.697800
14.802279
14.908710
15.014835
15.122694
15.227288
15.333483
15.440451
15.546551
15.653371
15.760188
15.867229
15.974936
16.082047
16.190660
16.297413
16.404689
16.512958
16.622524
16.732106
16.839088
16.946715
17.054511
17.161375
17.272110
17.384068
17.493002
17.602887
17.712356
17.821712
17.930934
18.042594
18.152827
18.262987
18.373002
18.482463
18.593426
18.705241
18.813595
18.924432
19.037110
19.149029
19.260855
19.371377
19.484182
19.597941
19.712405
19.825825
19.938389
20.053853
20.167125
20.281636
20.396060
20.509115
20.622538
20.737732
20.851619
20.965448
21.080140
21.195394
21.308697
21.422623
21.537783
21.653754
21.770819
21.886288
22.003180
22.120175
22.233976
22.348434
22.465062
22.580633
22.697274
22.816525
22.935798
23.052801
23.169944
23.289366
23.406317
23.524064
23.643535
23.764214
23.882457
24.001648
24.120545
24.240806
24.361401
24.480753
24.601373
24.720699
24.842058
24.959047
25.079909
25.199756
25.319989
25.441021
25.563482
25.685433
25.807913
25.929153
26.051346
26.173589
26.297440
26.420892
26.542743
26.663603
26.784579
26.908702
27.031440
27.156661
27.278851
27.402396
27.529011
27.653704
27.781410
27.906071
28.031233
28.158315
28.283525
28.407493
28.533873
28.659353
28.785343
28.912287
29.040247
29.165594
29.293542
29.419962
29.547404
29.674219
29.802120
29.928537
30.053414
30.179453
30.307484
30.433143
30.561212
30.692159
30.821491
30.951089
31.081152
31.211872
31.340795
31.471935
31.603327
31.735709
31.867167
31.998897
32.130447
32.263319
32.395834
32.528517
32.660679
32.792885
32.926556
33.059052
33.192360
33.325399
33.458704
33.592987
33.729697
33.862144
33.998126
34.130697
34.267354
34.401158
34.535647
34.669597
34.807105
34.941902
35.079144
35.214955
35.353415
35.489497
35.624680
35.764654
35.903956
36.043635
36.182850
36.321020
36.458978
36.600078
36.738370
36.877916
37.018304
37.158948
37.298260
37.439292
37.581621
37.722700
37.865811
38.007997
38.150954
38.290016
38.431672
38.575129
38.717372
38.861715
39.002934
39.145428
39.289475
39.433169
39.579569
39.723294
39.867290
40.011297
40.157375
40.303436
40.449983
40.595375
40.743475
40.890245
41.039613
41.184960
41.332861
41.483478
41.632441
41.780249
41.930677
42.081659
42.230343
42.378687
42.531638
42.682976
42.835158
42.988437
43.141495
43.292839
43.445795
43.598388
43.752659
43.905725
44.060261
44.210503
44.365202
44.520338
44.672666
44.826468
44.982736
45.137341
45.292878
45.446048
45.603942
45.758679
45.914377
46.069149
46.224203
46.384112
46.542488
46.702271
46.857777
47.015033
47.175089
47.335869
47.493022
47.652432
47.815223
47.974864
48.137428
48.297021
48.458866
48.620417
48.784522
48.949181
49.113484
49.273599
49.437295
49.600827
49.764887
49.929895
50.093454
50.259280
50.424013
50.591208
50.756848
50.923323
51.087837
51.257636
51.423815
51.590214
51.757073
51.925155
52.093168
52.261009
52.428068
52.598028
52.766271
52.935090
53.104428
53.276057
53.445276
53.615236
53.784794
53.955125
54.125985
54.299040
54.475594
54.645884
54.820869
54.996210
55.172995
55.348963
55.525923
55.698339
55.874155
56.049523
56.225571
56.403981
56.582451
56.758939
56.936414
57.114126
57.289846
57.469440
57.651575
57.832826
58.012852
58.193180
58.377308
58.564655
58.748300
58.930564
59.114185
59.298649
59.482046
59.667928
59.854268
60.039442
60.225892
60.415211
60.601378
60.790485
60.976546
61.163284
61.350926
61.538852
61.733966
61.921598
62.113730
62.304560
62.497633
62.686196
62.876349
63.067285
63.258819
63.454733
63.645286
63.839383
64.033536
64.227361
64.424326
64.619681
64.811334
65.008696
65.208349
65.403438
65.602239
65.796544
65.995390
66.192206
66.389968
66.590419
66.789191
66.986768
67.185290
67.387775
67.593406
67.796719
67.996104
68.197344
68.400978
68.604878
68.810833
69.012543
69.220175
69.429832
69.631153
69.837459
70.049053
70.260683
70.466729
70.676661
70.887704
71.096545
71.304627
71.514331
71.727046
71.941484
72.155313
72.371468
72.589930
72.805558
73.021788
73.239060
73.458291
73.675203
73.889708
74.108118
74.327284
74.550498
74.771422
74.991454
75.212099
75.429749
75.651195
75.870920
76.097011
76.316930
76.540983
76.764684
76.992810
77.220868
77.446907
77.677502
77.900428
78.129821
78.359378
78.590161
78.819403
79.049915
79.283423
79.513288
79.747131
79.974732
80.208769
80.445201
80.680383
80.915457
81.148242
81.384646
81.624459
81.856941
82.093576
82.331469
82.571655
82.813727
83.049688
83.291031
83.532720
83.776686
84.021684
84.266855
84.516113
84.763057
85.009807
85.259600
85.508675
85.757655
86.008442
86.258438
86.508461
86.760637
87.011042
87.261853
87.518608
87.773875
88.029841
88.288611
88.547627
88.804216
89.066511
89.327326
89.589887
89.852254
90.118595
90.379065
90.638328
90.899665
91.165419
91.428150
91.695885
91.960877
92.228682
92.501240
92.771986
93.040459
93.312340
93.582732
93.853848
94.126379
94.401108
94.675977
94.948952
95.231227
95.514256
95.801611
96.080391
96.362305
96.638660
96.923138
97.208229
97.494006
97.779264
98.066392
98.350344
98.640944
98.928907
99.221214
99.512981
99.807617
100.10617
100.39592
100.69184
100.98987
101.28498
101.58714
101.88610
102.19329
102.49387
102.79087
103.09269
103.39226
103.70067
104.00595
104.30871
104.61813
104.93373
105.24351
105.55238
105.86451
106.17517
106.49150
106.80139
107.12014
107.43971
107.76205
108.07696
108.40207
108.72102
109.04644
109.37211
109.69319
110.02495
110.35048
110.67827
111.00901
111.34480
111.67554
112.01038
112.34743
112.68120
113.02149
113.35978
113.69682
114.03920
114.38111
114.72233
115.07213
115.42119
115.76850
116.11485
116.46645
116.82234
117.18094
117.53165
117.88820
118.24285
118.60621
118.96030
119.32098
119.68230
120.04308
120.40568
120.76446
121.13635
121.50171
121.87754
122.24620
122.61538
122.99523
123.37468
123.75896
124.14062
124.51918
124.90776
125.29199
125.67988
126.07142
126.45891
126.85054
127.24470
127.63779
128.03478
128.43890
128.83522
129.23602
129.64323
130.05697
130.47031
130.88245
131.29444
131.70815
132.13116
132.54663
132.96116
133.38395
133.80918
134.23534
134.65728
135.08863
135.52028
135.94731
136.38204
136.82034
137.25650
137.69956
138.14030
138.58439
139.03306
139.49159
139.94389
140.38822
140.84492
141.29916
141.76134
142.21803
142.68252
143.14737
143.61420
144.08566
144.56513
145.04016
145.51689
145.99097
146.47515
146.96398
147.45012
147.94264
148.43781
148.93556
149.43220
149.93049
150.42428
150.93254
151.43720
151.95579
152.46273
152.97713
153.49736
154.02131
154.54165
155.07187
155.60507
156.13681
156.67975
157.21155
157.75421
158.29928
158.84990
159.40139
159.95457
160.50815
161.06500
161.63388
162.20280
162.77478
163.34855
163.92005
164.49856
165.09358
165.68963
166.29097
166.88590
167.48154
168.07687
168.68523
169.29263
169.90910
170.52645
171.13651
171.76254
172.39203
173.02782
173.65706
174.30085
174.95255
175.59505
176.23933
176.90291
177.55957
178.23049
178.90715
179.60000
180.26850
180.96366
181.65893
182.35382
183.06102
183.76807
184.46222
185.16825
185.88337
186.60818
187.33696
188.06739
188.80860
189.55883
190.31347
191.07808
191.84249
192.60416
193.38260
194.16662
194.95365
195.74857
196.55780
197.35870
198.16310
198.97395
199.78462
200.61239
201.46030
202.31859
203.17323
204.00638
204.87223
205.73738
206.63154
207.52845
208.43571
209.34557
210.25707
211.17278
212.09679
213.03924
213.99850
214.95703
215.92822
216.89358
217.87716
218.85568
219.86459
220.87539
221.89246
222.94518
223.98928
225.03373
226.10647
227.17752
228.25559
229.35179
230.49280
231.59518
232.74256
233.85999
235.01792
236.17301
237.33735
238.51704
239.74653
240.97847
242.20786
243.44623
244.72848
246.00976
247.29492
248.62154
249.96422
251.30448
252.68255
254.03943
255.41934
256.85851
258.27739
259.73656
261.22662
262.71010
264.19394
265.72040
267.25546
268.81678
270.39872
272.05871
273.69522
275.39334
277.05398
278.77346
280.53597
282.29104
284.08035
285.91856
287.82942
289.67614
291.58592
293.52431
295.51655
297.51500
299.58825
301.67007
303.79172
305.95517
308.20284
310.43020
312.71972
315.03580
317.38815
319.84750
322.32150
324.86598
327.48175
330.13511
332.81079
335.58237
338.42122
341.36153
344.34656
347.40982
350.58426
353.80102
357.10306
360.48899
363.96352
367.56620
371.21328
375.11300
379.03163
383.05012
387.28043
391.69350
396.28515
401.07452
405.95636
411.16524
416.53846
422.02328
427.90258
434.11010
440.64988
447.64248
454.82113
462.43859
470.46979
479.03151
488.16312
498.06739
508.88264
520.98374
534.12666
548.37755
564.70540
583.54516
605.33938
631.29820
663.92515
708.20095
773.63132
913.87447
