0.096967975
0.19204721
0.28682326
0.38271453
0.47747417
0.57489384
0.67006890
0.76568173
0.86010277
0.95558608
1.0516461
1.1485740
1.2440933
1.3404875
1.4360050
1.5321615
1.6304141
1.7272570
1.8248189
1.9200907
2.0165807
2.1139353
2.2114567
2.3106963
2.4087801
2.5062322
2.6055878
2.7024600
2.8008474
2.8985508
2.9968161
3.0965194
3.1948344
3.2954016
3.3940737
3.4932831
3.5912724
3.6907437
3.7899206
3.8885818
3.9874185
4.0868429
4.1868508
4.2873579
4.3880195
4.4887440
4.5887377
4.6896950
4.7905102
4.8919908
4.9923392
5.0916944
5.1932995
5.2951983
5.3976520
5.4992450
5.6006387
5.7030711
5.8071734
5.9112062
6.0123961
6.1144341
6.2182176
6.3206272
6.4223793
6.5230506
6.6257190
6.7286533
6.8308131
6.9361192
7.0408033
7.1454143
7.2487302
7.3520939
7.4561806
7.5615961
7.6653164
7.7699868
7.8737750
7.9785244
8.0809730
8.1871031
8.2922904
8.3958920
8.5022396
8.6083954
8.7147467
8.8203680
8.9267594
9.0330948
9.1392177
9.2439584
9.3511842
9.4599186
9.5685402
9.6764526
9.7863468
9.8943611
10.002879
10.111319
10.218260
10.325542
10.430807
10.540765
10.648199
10.754977
10.861717
10.970242
11.078220
11.188089
11.299042
11.407223
11.518268
11.629990
11.738734
11.847110
11.955642
12.063987
12.174447
12.283758
12.394688
12.505500
12.616401
12.727306
12.840636
12.951346
13.063225
13.174632
13.286416
13.398454
13.510641
13.622964
13.734995
13.848711
13.962444
14.075898
14.189556
14.303229
14.415897
14.528825
14.644285
14.758653
14.872258
14.985921
15.099076
15.214086
15.327575
15.442016
15.556344
15.670781
15.787811
15.903222
16.019002
16.137746
16.251716
16.366973
16.484334
16.598397
16.714433
16.828928
16.945010
17.062642
17.180248
17.297801
17.411750
17.526349
17.643699
17.760021
17.877768
17.994714
18.112899
18.231856
18.351656
18.471262
18.591573
18.710367
18.827096
18.944564
19.063701
19.183543
19.302231
19.422679
19.542456
19.661235
19.780687
19.901314
20.022259
20.143801
20.266042
20.386843
20.509654
20.633722
20.754716
20.876601
20.998559
21.120758
21.243874
21.365692
21.488129
21.609613
21.732501
21.855141
21.978220
22.101770
22.226012
22.348050
22.471424
22.596750
22.720858
22.844696
22.968169
23.093565
23.218481
23.343392
23.469194
23.597237
23.723480
23.847206
23.972640
24.098480
24.222847
24.349483
24.475521
24.603804
24.729132
24.855375
24.981715
25.108587
25.237104
25.363471
25.492271
25.621047
25.751015
25.879755
26.007520
26.137129
26.265990
26.397000
26.526536
26.656394
26.785694
26.913698
27.043789
27.172973
27.305442
27.434545
27.563165
27.691129
27.825998
27.957526
28.089721
28.222489
28.353256
28.485757
28.618007
28.751221
28.885167
29.019054
29.153777
29.287292
29.421419
29.552181
29.687876
29.821640
29.953798
30.090488
30.223634
30.356373
30.490954
30.624846
30.758350
30.894488
31.030278
31.167309
31.302179
31.438499
31.574254
31.711734
31.848449
31.984950
32.121964
32.258713
32.397349
32.536397
32.673076
32.811410
32.950168
33.088187
33.228249
33.370116
33.511142
33.652516
33.791077
33.932571
34.074323
34.215490
34.355507
34.496131
34.637163
34.777577
34.918992
35.062604
35.202749
35.345997
35.490666
35.632812
35.775449
35.918018
36.057366
36.201380
36.343306
36.489392
36.635269
36.780140
36.923025
37.069503
37.215405
37.358367
37.503663
37.648107
37.794653
37.941261
38.087610
38.233009
38.381761
38.528048
38.671748
38.817946
38.965752
39.114322
39.262397
39.409553
39.555077
39.701215
39.851599
40.003524
40.152039
40.301736
40.451223
40.600709
40.750401
40.900171
41.053488
41.205053
41.356966
41.506598
41.656708
41.812292
41.965023
42.117084
42.271435
42.424878
42.577699
42.733428
42.886316
43.040796
43.194531
43.350600
43.507194
43.661356
43.817190
43.972626
44.130427
44.286203
44.440368
44.598001
44.755749
44.915016
45.072629
45.229210
45.387652
45.545535
45.701755
45.860428
46.020170
46.180345
46.341571
46.499859
46.657717
46.818039
46.979705
47.141132
47.301072
47.461995
47.624173
47.785253
47.948400
48.110633
48.274103
48.439820
48.603237
48.769261
48.936559
49.101756
49.265218
49.429252
49.596365
49.760382
49.925639
50.090140
50.258727
50.423665
50.589167
50.755868
50.923289
51.089421
51.258136
51.427440
51.598086
51.769746
51.939568
52.108892
52.276632
52.445628
52.617733
52.787459
52.962692
53.133405
53.302062
53.475976
53.648310
53.821307
53.993071
54.166968
54.339126
54.514939
54.689849
54.865988
55.041714
55.216476
55.394517
55.568952
55.743740
55.920153
56.098098
56.275123
56.451909
56.627635
56.805619
56.981672
57.159239
57.335990
57.513993
57.692930
57.870123
58.050990
58.233200
58.414947
58.595479
58.781872
58.967395
59.151074
59.335542
59.517729
59.704229
59.888668
60.075314
60.261129
60.445530
60.629969
60.816832
61.004828
61.190132
61.375551
61.563018
61.752253
61.938121
62.125867
62.315869
62.505069
62.693126
62.883541
63.071861
63.264384
63.457879
63.648888
63.839905
64.030217
64.218598
64.407632
64.600770
64.795376
64.986649
65.178395
65.373264
65.566063
65.758775
65.955060
66.152347
66.346207
66.544307
66.741673
66.941533
67.139148
67.336625
67.533049
67.733421
67.933948
68.133787
68.334532
68.534808
68.734165
68.936638
69.138659
69.342871
69.546195
69.745070
69.951718
70.151924
70.359255
70.564825
70.769063
70.978598
71.182050
71.388414
71.596996
71.804962
72.014560
72.224718
72.433965
72.644262
72.854177
73.061247
73.271866
73.484515
73.696694
73.904583
74.114492
74.330600
74.541821
74.757200
74.974930
75.194224
75.409342
75.623350
75.839464
76.057856
76.274105
76.496448
76.715137
76.935655
77.155146
77.373987
77.597643
77.822040
78.042241
78.261727
78.486506
78.708899
78.934991
79.157832
79.383606
79.613478
79.837999
80.067962
80.292766
80.518094
80.748395
80.975634
81.202191
81.433028
81.664620
81.895466
82.127000
82.360307
82.591507
82.825287
83.060461
83.290435
83.519914
83.758293
83.999033
84.236502
84.471370
84.706022
84.943842
85.180472
85.417488
85.656741
85.890531
86.129500
86.371149
86.612281
86.848797
87.091985
87.335847
87.574143
87.817271
88.064535
88.311786
88.558548
88.804916
89.051856
89.300623
89.551655
89.805099
90.053365
90.304525
90.557839
90.804797
91.055320
91.313869
91.574388
91.828072
92.084692
92.339143
92.594280
92.850855
93.110423
93.369133
93.627024
93.885564
94.140257
94.397972
94.659494
94.927810
95.189804
95.451881
95.711222
95.976995
96.241167
96.506014
96.780781
97.051492
97.322099
97.593112
97.860800
98.133621
98.409152
98.678653
98.952659
99.228216
99.500950
99.778249
100.05492
100.33681
100.61538
100.89287
101.17228
101.45547
101.73879
102.01803
102.29408
102.57708
102.86096
103.14334
103.43262
103.72044
104.00561
104.29588
104.58743
104.88333
105.17823
105.46927
105.76452
106.05379
106.34926
106.64454
106.93704
107.23519
107.53225
107.83026
108.12522
108.42705
108.72912
109.02384
109.32845
109.63688
109.94251
110.24672
110.54923
110.85774
111.17132
111.47837
111.78861
112.09484
112.40781
112.72139
113.04145
113.35630
113.67303
113.99002
114.31299
114.63717
114.95620
115.27843
115.60358
115.92461
116.24648
116.57034
116.89717
117.22435
117.54922
117.88075
118.21269
118.54568
118.87981
119.21608
119.55435
119.88959
120.23001
120.56575
120.89984
121.24038
121.58045
121.92556
122.26901
122.60707
122.95946
123.31036
123.66221
124.01132
124.35909
124.71115
125.06065
125.41289
125.77223
126.13559
126.49378
126.85319
127.21871
127.58189
127.94434
128.31445
128.67990
129.05035
129.41380
129.78221
130.16019
130.54081
130.91205
131.29057
131.66449
132.04650
132.42958
132.81848
133.20238
133.58436
133.97379
134.36300
134.75491
135.14926
135.53865
135.93223
136.32916
136.72767
137.13378
137.53581
137.94196
138.35389
138.76075
139.16843
139.58091
139.98842
140.39988
140.80642
141.22262
141.64025
142.06207
142.48878
142.91393
143.33664
143.75657
144.18974
144.62239
145.05878
145.49341
145.92162
146.36047
146.79889
147.24230
147.68690
148.13318
148.58983
149.04762
149.50564
149.96715
150.42765
150.88039
151.34072
151.80215
152.26600
152.72825
153.20387
153.67435
154.14369
154.62428
155.10468
155.58972
156.06278
156.54687
157.03470
157.52255
158.01301
158.50064
158.98896
159.48575
159.99249
160.49268
161.00072
161.50829
162.02507
162.53421
163.04758
163.57248
164.09491
164.61113
165.13695
165.66567
166.19337
166.71813
167.24924
167.78878
168.34449
168.89716
169.44724
170.01152
170.56940
171.13087
171.70156
172.26256
172.82425
173.39956
173.95928
174.52730
175.10000
175.68436
176.25988
176.85794
177.45223
178.05574
178.66263
179.27042
179.87681
180.48748
181.11167
181.72762
182.34207
182.97041
183.60976
184.25792
184.90986
185.55407
186.19912
186.86286
187.52188
188.19164
188.85587
189.53857
190.21894
190.89896
191.58899
192.28271
192.98234
193.67199
194.37355
195.08757
195.79310
196.50644
197.23922
197.96847
198.69671
199.44724
200.18944
200.95173
201.69330
202.46512
203.23675
203.99802
204.77394
205.56705
206.36295
207.16546
207.96134
208.77118
209.58524
210.40622
211.24062
212.08267
212.93302
213.77396
214.63912
215.48947
216.36248
217.24692
218.12054
219.02202
219.93418
220.84706
221.76451
222.68295
223.60894
224.54277
225.52598
226.49599
227.46178
228.44610
229.41981
230.43411
231.44345
232.47519
233.53064
234.57001
235.61566
236.66263
237.71998
238.80746
239.89809
240.98008
242.11116
243.26175
244.41646
245.58079
246.74276
247.92334
249.12432
250.31874
251.55524
252.79892
254.04865
255.33634
256.63683
257.94040
259.27272
260.61363
261.97263
263.33803
264.73562
266.16597
267.60005
269.06302
270.52183
272.03717
273.56564
275.10027
276.67908
278.24566
279.87457
281.54957
283.24170
284.96247
286.70846
288.44935
290.25670
292.04962
293.89172
295.80427
297.74062
299.69695
301.74559
303.76186
305.84572
307.96322
310.15931
312.38504
314.64245
316.94107
319.31084
321.78474
324.23875
326.82712
329.47015
332.15721
334.91574
337.74216
340.67134
343.69629
346.83892
350.02642
353.35462
356.74649
360.27975
363.90248
367.75898
371.68412
375.83367
380.15035
384.60653
389.27132
394.13964
399.32093
404.73244
410.45339
416.44144
423.03951
429.89381
437.16380
445.05949
453.68133
463.17551
473.45310
484.93941
497.97231
512.59598
530.05929
550.99383
576.89802
611.74991
665.32855
770.40295
