0.25292714
0.33724855
0.39650298
0.44512394
0.48627147
0.52332639
0.55735387
0.58914736
0.61818443
0.64630557
0.67305658
0.69879275
0.72339819
0.74708973
0.77049290
0.79259157
0.81426585
0.83560461
0.85619728
0.87641028
0.89657858
0.91592844
0.93501143
0.95399966
0.97245668
0.99047410
1.0084259
1.0263273
1.0437940
1.0610385
1.0778229
1.0947619
1.1110857
1.1272821
1.1437111
1.1596925
1.1756093
1.1912585
1.2069841
1.2223926
1.2379308
1.2531735
1.2683778
1.2836188
1.2988731
1.3134853
1.3283537
1.3431552
1.3575772
1.3721946
1.3868952
1.4012179
1.4154327
1.4295878
1.4440274
1.4582010
1.4721624
1.4860408
1.5000029
1.5135724
1.5273343
1.5411367
1.5547399
1.5682607
1.5819675
1.5953161
1.6086973
1.6221245
1.6356463
1.6489376
1.6621409
1.6754797
1.6885059
1.7016776
1.7149508
1.7281431
1.7413260
1.7543664
1.7673858
1.7803956
1.7933053
1.8061386
1.8191245
1.8318139
1.8447210
1.8574877
1.8703501
1.8828144
1.8955310
1.9082266
1.9206567
1.9332517
1.9460416
1.9585102
1.9709179
1.9832219
1.9956503
2.0082961
2.0207288
2.0329965
2.0455116
2.0581769
2.0704309
2.0826676
2.0949012
2.1071195
2.1194886
2.1318964
2.1441666
2.1564392
2.1687360
2.1808634
2.1930780
2.2053809
2.2177936
2.2300799
2.2422816
2.2542946
2.2665264
2.2786498
2.2908086
2.3029891
2.3151487
2.3271805
2.3392320
2.3514234
2.3635350
2.3757763
2.3878915
2.4000523
2.4122931
2.4241386
2.4362953
2.4485308
2.4605557
2.4726277
2.4845873
2.4965414
2.5085914
2.5207844
2.5327591
2.5448158
2.5568473
2.5688730
2.5809817
2.5930257
2.6049368
2.6168287
2.6287241
2.6406687
2.6528115
2.6649436
2.6771503
2.6891195
2.7008489
2.7125929
2.7247359
2.7367497
2.7490664
2.7610782
2.7731058
2.7852323
2.7975143
2.8096061
2.8215988
2.8337185
2.8455747
2.8576648
2.8696255
2.8815895
2.8934520
2.9055994
2.9177597
2.9300206
2.9422478
2.9542837
2.9663593
2.9784019
2.9904155
3.0024575
3.0145431
3.0266024
3.0386411
3.0506169
3.0626768
3.0746612
3.0869089
3.0990947
3.1112153
3.1232645
3.1349842
3.1472755
3.1594332
3.1715395
3.1837381
3.1960808
3.2082532
3.2204909
3.2328782
3.2450903
3.2572621
3.2695089
3.2819156
3.2939770
3.3062176
3.3183400
3.3305823
3.3429543
3.3552865
3.3677161
3.3799250
3.3921716
3.4045034
3.4169364
3.4290507
3.4414413
3.4540654
3.4663373
3.4787964
3.4911096
3.5033383
3.5154824
3.5279126
3.5403797
3.5527052
3.5651725
3.5777109
3.5900486
3.6024861
3.6150140
3.6275706
3.6399891
3.6524855
3.6650662
3.6775181
3.6899726
3.7023891
3.7151413
3.7277639
3.7405960
3.7531919
3.7658375
3.7784444
3.7911650
3.8035336
3.8163963
3.8290331
3.8416612
3.8545646
3.8674631
3.8804180
3.8930924
3.9055583
3.9185310
3.9315697
3.9443690
3.9571490
3.9699303
3.9828648
3.9957867
4.0088916
4.0218235
4.0347954
4.0475611
4.0606450
4.0735152
4.0865308
4.0993825
4.1123891
4.1253998
4.1383869
4.1512803
4.1642905
4.1772455
4.1904580
4.2035984
4.2168742
4.2299644
4.2429992
4.2561282
4.2693781
4.2825999
4.2959560
4.3090203
4.3222221
4.3356118
4.3490166
4.3621898
4.3755612
4.3891241
4.4026068
4.4158340
4.4292918
4.4428541
4.4562397
4.4699567
4.4834186
4.4969098
4.5106404
4.5241538
4.5374428
4.5510256
4.5646068
4.5782690
4.5917727
4.6056944
4.6194697
4.6332993
4.6470650
4.6606918
4.6745810
4.6885193
4.7024788
4.7162748
4.7302331
4.7441580
4.7579255
4.7715374
4.7853704
4.7994306
4.8130899
4.8273464
4.8412250
4.8554219
4.8695671
4.8835845
4.8976025
4.9116981
4.9255264
4.9396819
4.9540693
4.9684416
4.9826371
4.9967839
5.0114003
5.0257856
5.0400244
5.0542857
5.0689444
5.0833121
5.0977601
5.1122557
5.1268359
5.1411839
5.1557589
5.1704448
5.1850572
5.1995571
5.2142178
5.2290347
5.2437795
5.2585553
5.2736357
5.2882953
5.3031100
5.3178589
5.3327956
5.3477752
5.3629725
5.3781348
5.3930028
5.4078092
5.4229222
5.4383641
5.4534426
5.4687005
5.4837158
5.4990956
5.5145869
5.5297193
5.5449556
5.5604892
5.5759158
5.5912849
5.6069525
5.6224647
5.6377869
5.6533831
5.6688368
5.6844262
5.7001186
5.7157741
5.7314999
5.7474492
5.7630696
5.7788501
5.7944382
5.8103052
5.8261213
5.8422411
5.8584408
5.8743270
5.8906228
5.9070028
5.9230651
5.9390873
5.9554314
5.9714726
5.9881334
6.0045983
6.0208595
6.0370291
6.0535549
6.0699291
6.0860599
6.1022958
6.1188417
6.1354412
6.1520009
6.1687486
6.1851528
6.2018980
6.2185740
6.2352340
6.2521900
6.2690857
6.2859919
6.3029881
6.3200890
6.3373448
6.3544792
6.3715749
6.3889839
6.4060334
6.4234452
6.4407341
6.4579766
6.4754397
6.4929940
6.5105616
6.5280140
6.5458848
6.5635501
6.5810104
6.5988330
6.6165246
6.6345645
6.6528257
6.6704038
6.6882467
6.7062826
6.7243493
6.7426415
6.7606017
6.7785672
6.7968983
6.8154134
6.8340768
6.8523476
6.8706223
6.8890145
6.9073231
6.9258840
6.9443226
6.9628282
6.9819152
7.0007933
7.0199481
7.0383287
7.0572281
7.0758498
7.0945558
7.1135644
7.1327830
7.1526298
7.1719949
7.1914516
7.2108812
7.2302606
7.2499040
7.2694591
7.2893282
7.3093894
7.3287525
7.3487340
7.3685060
7.3884707
7.4082636
7.4283006
7.4484913
7.4687181
7.4890166
7.5091164
7.5295134
7.5497990
7.5702405
7.5910720
7.6117307
7.6323637
7.6530197
7.6734349
7.6948063
7.7160254
7.7371200
7.7583377
7.7798087
7.8015340
7.8228218
7.8441471
7.8658344
7.8872370
7.9092050
7.9308579
7.9525516
7.9743035
7.9962389
8.0178989
8.0395459
8.0613918
8.0834146
8.1055432
8.1273683
8.1495527
8.1722712
8.1944767
8.2169610
8.2396762
8.2625153
8.2854309
8.3083453
8.3309932
8.3540622
8.3774381
8.4007183
8.4238506
8.4473278
8.4709312
8.4943338
8.5177951
8.5413726
8.5652641
8.5894475
8.6133505
8.6377100
8.6619636
8.6865578
8.7110607
8.7352417
8.7593872
8.7839689
8.8089011
8.8336684
8.8589936
8.8841888
8.9090636
8.9348952
8.9601423
8.9854674
9.0109994
9.0364816
9.0622430
9.0878843
9.1135585
9.1394780
9.1654914
9.1920727
9.2183483
9.2450312
9.2713954
9.2982626
9.3249130
9.3517728
9.3792869
9.4066980
9.4340037
9.4611027
9.4887558
9.5166087
9.5446688
9.5727048
9.6001225
9.6286004
9.6569529
9.6856894
9.7141618
9.7429277
9.7717533
9.8008023
9.8304422
9.8599178
9.8895122
9.9195172
9.9494759
9.9793292
10.009388
10.040179
10.070448
10.099981
10.130597
10.161321
10.192446
10.222662
10.254005
10.286136
10.317713
10.349074
10.381026
10.413107
10.445830
10.478413
10.511196
10.543958
10.577318
10.610257
10.643449
10.677050
10.710538
10.744714
10.779362
10.813517
10.847950
10.883067
10.918373
10.953815
10.988258
11.024435
11.060790
11.097034
11.134220
11.171044
11.208264
11.245902
11.283897
11.321139
11.358847
11.397034
11.435690
11.474405
11.513074
11.551723
11.590619
11.629978
11.670640
11.711399
11.752029
11.792560
11.833626
11.874827
11.917027
11.959800
12.001950
12.044722
12.087796
12.131282
12.175550
12.219714
12.264472
12.309846
12.355194
12.401247
12.447288
12.494352
12.540902
12.587887
12.635730
12.683931
12.733228
12.781703
12.831448
12.881918
12.931458
12.982838
13.034871
13.086256
13.137663
13.190559
13.243949
13.298457
13.353234
13.408767
13.463247
13.518856
13.575667
13.632325
13.689358
13.747415
13.807440
13.866862
13.927903
13.991129
14.052551
14.116112
14.180755
14.244584
14.310133
14.375499
14.443038
14.510474
14.580181
14.650537
14.721372
14.793248
14.865635
14.939070
15.012449
15.088915
15.164894
15.241242
15.318803
15.398535
15.480679
15.561018
15.643734
15.727510
15.811829
15.899205
15.986808
16.076293
16.167726
16.260309
16.354514
16.451091
16.547611
16.645412
16.744793
16.846784
16.951925
17.057630
17.166770
17.275219
17.382905
17.497805
17.615955
17.737575
17.859848
17.982226
18.109828
18.237243
18.369924
18.502408
18.637523
18.781127
18.921628
19.062606
19.206537
19.359191
19.508541
19.664861
19.824617
19.988783
20.158258
20.333992
20.509123
20.688075
20.868619
21.056768
21.249081
21.443033
21.642242
21.849597
22.059128
22.271437
22.486392
22.706889
22.936958
23.174383
23.414078
23.672878
23.927279
24.186701
24.458547
24.727053
25.004145
25.288554
25.580116
25.883343
26.188015
26.498039
26.821069
27.151718
27.494915
27.845817
28.209878
28.575495
28.953522
29.357842
29.755271
30.162119
30.580605
31.007519
31.444958
31.887021
32.352787
32.824998
33.309579
33.803668
34.319558
34.831279
35.361190
35.914031
36.498637
37.104782
37.720363
38.362923
39.011276
39.687677
40.383100
41.102891
41.831823
42.567970
43.341908
44.146045
44.960643
45.809803
46.697341
47.593280
48.506160
49.455473
50.443471
51.441987
52.498293
53.598831
54.715864
55.857418
57.019441
58.246371
59.494222
60.803062
62.138115
63.513108
64.914038
66.364757
67.870719
69.403801
70.974216
72.639407
74.351543
76.132031
77.935204
79.782984
81.709923
83.703549
85.765761
87.869668
90.017587
92.225774
94.536252
96.985221
99.487648
101.98725
104.54621
107.23427
109.99157
112.71198
115.52823
118.43711
121.41748
124.37331
127.42862
130.55242
133.77307
137.11830
140.45087
143.93945
147.55775
151.12304
154.65402
158.23581
162.05967
165.89125
169.67589
173.47149
177.20665
180.96249
184.79092
188.72458
192.73090
196.82668
200.85638
204.81512
208.93537
213.20784
217.53130
221.82444
226.26048
230.66360
235.06519
239.53060
244.07710
248.78736
253.66983
258.42996
263.25249
268.08560
272.95646
277.94334
283.00394
288.23874
293.48386
298.74189
303.95355
309.25513
314.61733
320.13808
325.41599
330.75522
336.10358
341.61213
347.01192
352.53339
357.79020
363.20190
368.78840
374.40009
380.15006
385.98290
391.95321
397.92255
404.25276
410.87290
417.56046
424.22503
430.73008
437.35312
444.01332
451.00304
457.91235
464.55582
471.13219
477.65503
484.28804
491.20163
498.26840
505.32030
512.52090
519.67999
526.93879
534.46082
541.80334
549.23924
556.86500
564.25399
571.66664
579.19926
586.94889
594.95007
603.09561
611.33094
619.67822
627.91549
635.63475
643.61807
651.78073
660.20946
668.81612
677.27133
685.83222
694.61589
703.44461
711.91248
720.43854
729.17009
738.63696
748.21236
757.72327
767.26311
776.54436
786.17570
795.42137
804.84611
814.22663
824.15585
834.74211
845.73488
856.14647
866.67435
877.13570
888.23966
898.94851
910.43249
921.56484
932.71307
944.47181
955.79452
968.06110
980.51473
992.98434
1007.2120
1020.5304
1034.9546
1050.5020
1065.5038
1081.0463
1098.6506
1115.2263
1134.6343
1154.4594
1175.4199
1196.4405
1220.4393
1244.5555
1271.9787
1302.9666
1339.9273
1378.2138
1422.5366
1479.1047
1547.5560
1635.5717
1825.3458
