0.086400761
0.17295465
0.25825482
0.34365226
0.43225266
0.52002681
0.60852418
0.69620415
0.78400292
0.87083341
0.95857429
1.0464569
1.1350380
1.2228081
1.3089241
1.3967340
1.4854914
1.5732176
1.6627506
1.7519900
1.8405107
1.9284367
2.0176089
2.1074748
2.1968077
2.2867927
2.3759860
2.4663482
2.5556501
2.6459013
2.7342584
2.8239729
2.9143458
3.0055580
3.0951217
3.1854551
3.2749120
3.3651953
3.4562198
3.5481123
3.6404509
3.7316091
3.8225727
3.9149183
4.0058280
4.0986119
4.1907919
4.2822112
4.3720593
4.4645685
4.5569370
4.6495654
4.7427527
4.8341920
4.9273519
5.0214742
5.1132796
5.2076280
5.3019638
5.3948037
5.4900670
5.5843707
5.6788068
5.7725699
5.8668746
5.9608523
6.0549032
6.1492742
6.2431501
6.3366429
6.4321301
6.5296143
6.6236201
6.7179956
6.8115007
6.9071947
7.0039845
7.1003441
7.1957484
7.2917416
7.3881727
7.4851057
7.5831669
7.6808059
7.7769558
7.8732260
7.9698326
8.0668354
8.1628807
8.2599543
8.3578857
8.4571835
8.5545145
8.6519098
8.7491213
8.8477405
8.9459402
9.0460759
9.1450447
9.2448455
9.3442752
9.4440683
9.5424871
9.6408706
9.7407175
9.8411573
9.9389717
10.038327
10.137887
10.237416
10.337067
10.437773
10.536655
10.638070
10.739235
10.839247
10.940497
11.042530
11.142444
11.243307
11.345701
11.447372
11.550317
11.653634
11.756795
11.858578
11.958838
12.060133
12.163540
12.265136
12.368415
12.469143
12.571460
12.674304
12.776270
12.880267
12.983492
13.087868
13.192021
13.297895
13.400913
13.504163
13.608540
13.712337
13.816966
13.923536
14.027503
14.133900
14.238301
14.343897
14.449340
14.555007
14.660432
14.766209
14.873769
14.980854
15.085807
15.191858
15.299938
15.407121
15.512972
15.619613
15.727180
15.834907
15.943046
16.051452
16.160752
16.270377
16.379494
16.486626
16.595185
16.703160
16.812216
16.921518
17.032149
17.142669
17.250681
17.360406
17.469869
17.581670
17.690564
17.800772
17.912606
18.022800
18.134389
18.244323
18.354443
18.465061
18.575931
18.687274
18.798333
18.911219
19.023135
19.134712
19.247467
19.362477
19.475654
19.589080
19.702440
19.816005
19.928767
20.042217
20.155087
20.269449
20.383108
20.498453
20.611993
20.725646
20.841028
20.955330
21.070171
21.185796
21.301576
21.416448
21.533507
21.650242
21.767261
21.883167
22.000193
22.117702
22.235414
22.350246
22.466817
22.583683
22.701433
22.817529
22.934438
23.053567
23.171804
23.288806
23.407452
23.525947
23.646147
23.767804
23.886670
24.005711
24.124842
24.244782
24.364144
24.485053
24.605290
24.724912
24.844427
24.966872
25.087494
25.210981
25.332527
25.454763
25.576253
25.698530
25.822030
25.943150
26.065620
26.189287
26.309394
26.430383
26.553045
26.677012
26.801726
26.927553
27.050732
27.175247
27.299651
27.423052
27.550041
27.672543
27.798915
27.924025
28.049586
28.175323
28.302167
28.429733
28.555044
28.684141
28.810311
28.936864
29.061961
29.188582
29.315197
29.441896
29.568950
29.697727
29.826406
29.953757
30.082328
30.211110
30.341287
30.470326
30.600336
30.732036
30.864532
30.996085
31.128846
31.260651
31.392388
31.525008
31.656481
31.789510
31.921599
32.054636
32.190570
32.322036
32.455479
32.588641
32.719496
32.855268
32.988943
33.122403
33.256783
33.391997
33.526040
33.659505
33.793887
33.930366
34.067096
34.201985
34.339441
34.475492
34.610323
34.745803
34.881387
35.018189
35.156360
35.291251
35.427903
35.566664
35.704081
35.843369
35.983490
36.124818
36.262525
36.401799
36.540145
36.681828
36.820678
36.959113
37.102868
37.244013
37.386873
37.530187
37.673998
37.817614
37.959826
38.099234
38.242969
38.386592
38.530848
38.673870
38.814879
38.959149
39.106292
39.250461
39.393969
39.539183
39.684741
39.831285
39.979080
40.125426
40.274645
40.421982
40.570265
40.717321
40.865784
41.012888
41.158699
41.306419
41.456219
41.602875
41.753060
41.904175
42.052265
42.200484
42.348009
42.496958
42.646747
42.796041
42.950503
43.105208
43.259206
43.409564
43.562415
43.713383
43.865294
44.021278
44.173325
44.327266
44.483075
44.637611
44.794298
44.949175
45.100972
45.254929
45.408222
45.563089
45.722395
45.879741
46.034778
46.189600
46.346285
46.504692
46.660880
46.819290
46.977151
47.133351
47.294957
47.454669
47.613480
47.773608
47.935312
48.097993
48.261799
48.422507
48.583260
48.743561
48.907833
49.070418
49.231769
49.394639
49.559548
49.724313
49.886478
50.051554
50.219301
50.381988
50.549904
50.713987
50.879179
51.043864
51.210177
51.377890
51.545840
51.716908
51.886610
52.054956
52.224561
52.396261
52.565032
52.735078
52.904210
53.072925
53.245396
53.418989
53.589773
53.763793
53.934276
54.105087
54.276256
54.447533
54.621344
54.794214
54.964610
55.135807
55.310565
55.485484
55.660697
55.834505
56.009050
56.185449
56.362091
56.539137
56.717639
56.895196
57.073053
57.251079
57.431512
57.609260
57.786863
57.966938
58.147448
58.323861
58.504905
58.686691
58.869750
59.054851
59.235922
59.421197
59.607881
59.792873
59.974444
60.161350
60.347399
60.533813
60.716612
60.904844
61.090448
61.274268
61.461937
61.649853
61.838688
62.026195
62.214635
62.401857
62.591758
62.781004
62.972823
63.165117
63.356165
63.549789
63.741215
63.934575
64.131684
64.327909
64.523444
64.717714
64.913819
65.110069
65.304587
65.500845
65.697381
65.894599
66.095007
66.295976
66.496213
66.691512
66.889873
67.092533
67.295145
67.496925
67.698131
67.900849
68.104776
68.309344
68.516881
68.719812
68.925027
69.130009
69.332225
69.539655
69.745810
69.953420
70.159880
70.369332
70.579183
70.790060
70.997535
71.205033
71.414573
71.624780
71.835070
72.049766
72.261723
72.478666
72.694377
72.909460
73.125414
73.343903
73.556319
73.773399
73.990561
74.208339
74.428160
74.650859
74.870916
75.093973
75.313466
75.530500
75.752787
75.976199
76.199373
76.421315
76.643466
76.865449
77.091701
77.318587
77.542565
77.768830
77.996624
78.227517
78.452637
78.682180
78.909103
79.137012
79.368570
79.599187
79.832105
80.065794
80.296121
80.528858
80.763606
80.999580
81.230368
81.468777
81.704005
81.941776
82.181480
82.418364
82.657816
82.898560
83.136610
83.383028
83.626424
83.870705
84.111472
84.353393
84.601000
84.845163
85.095434
85.340767
85.589029
85.837040
86.088525
86.337827
86.586662
86.839266
87.087914
87.338872
87.587564
87.838559
88.093326
88.348316
88.601332
88.857891
89.116436
89.374898
89.632838
89.887471
90.144856
90.407184
90.672284
90.935362
91.199836
91.464096
91.729780
92.000625
92.264333
92.537200
92.805244
93.079850
93.348911
93.617728
93.886618
94.161922
94.437748
94.710301
94.983017
95.255561
95.538833
95.815871
96.092115
96.372125
96.651297
96.930584
97.210372
97.495291
97.780839
98.066340
98.350874
98.636973
98.924728
99.210484
99.503093
99.795858
100.08622
100.37766
100.67018
100.96303
101.25845
101.55465
101.85657
102.15173
102.45157
102.75706
103.06565
103.36630
103.66631
103.97341
104.28433
104.59038
104.89307
105.20099
105.50969
105.81930
106.13154
106.44257
106.75617
107.07073
107.38540
107.70306
108.02031
108.33707
108.65585
108.98067
109.29982
109.62282
109.94681
110.27344
110.60282
110.93369
111.26200
111.59290
111.92813
112.26269
112.59890
112.93119
113.26859
113.60329
113.93615
114.28354
114.62657
114.97350
115.31917
115.66783
116.00909
116.35035
116.69947
117.04562
117.39636
117.74944
118.10433
118.45511
118.80731
119.16772
119.52516
119.88370
120.24321
120.60584
120.97500
121.34852
121.71823
122.09327
122.46197
122.83411
123.20875
123.59357
123.97101
124.35435
124.73739
125.12554
125.50306
125.89438
126.28211
126.67066
127.06502
127.45289
127.84619
128.24712
128.63961
129.02541
129.43238
129.83708
130.23946
130.65625
131.07531
131.48574
131.89605
132.31050
132.72344
133.13712
133.55743
133.98194
134.39561
134.81784
135.24217
135.67399
136.10762
136.54167
136.97451
137.41361
137.85869
138.29840
138.74778
139.19712
139.64014
140.08395
140.52799
140.98307
141.43680
141.89476
142.35446
142.80874
143.27553
143.74399
144.21297
144.68293
145.15660
145.64204
146.11717
146.60645
147.09352
147.58269
148.06702
148.55966
149.06222
149.55916
150.06404
150.56244
151.07214
151.57329
152.08785
152.60179
153.11260
153.63708
154.15115
154.67140
155.20224
155.74055
156.27542
156.81273
157.35002
157.90303
158.45554
158.99818
159.54602
160.09559
160.65731
161.21325
161.77260
162.33599
162.90493
163.47934
164.05585
164.62851
165.21575
165.79000
166.37848
166.96162
167.54376
168.15250
168.74927
169.36856
169.98335
170.59668
171.22495
171.84794
172.46701
173.09151
173.72212
174.37513
175.01127
175.65179
176.30092
176.94531
177.61248
178.28005
178.95763
179.63075
180.30497
180.98915
181.69170
182.38145
183.08307
183.77557
184.49191
185.20737
185.91668
186.63418
187.34542
188.09219
188.82505
189.56898
190.31254
191.08307
191.85844
192.62199
193.39754
194.16816
194.94921
195.74889
196.53841
197.33810
198.15741
198.95938
199.78638
200.62796
201.48619
202.32648
203.16368
204.02661
204.89910
205.76657
206.64342
207.53536
208.44558
209.34053
210.24690
211.16316
212.10427
213.03072
213.96488
214.89809
215.85840
216.81906
217.80942
218.78424
219.78886
220.79544
221.81977
222.84477
223.87413
224.92214
225.98566
227.04817
228.14319
229.23419
230.32183
231.45080
232.56847
233.70606
234.84525
236.01391
237.20135
238.37184
239.58009
240.78477
241.99885
243.22616
244.48684
245.77681
247.05678
248.36916
249.67605
250.99908
252.34805
253.70261
255.07430
256.45566
257.86456
259.30101
260.73932
262.18945
263.67727
265.16296
266.66680
268.20059
269.79980
271.40302
273.02293
274.67055
276.33595
278.02954
279.74722
281.49233
283.26461
285.08867
286.92445
288.80988
290.70979
292.64468
294.59305
296.57942
298.61690
300.65856
302.74721
304.83364
307.02685
309.29284
311.52990
313.83535
316.19135
318.62729
321.11142
323.63181
326.22380
328.85840
331.54560
334.30033
337.15192
339.98848
342.92398
345.93773
349.04048
352.27096
355.51312
358.95043
362.42110
366.00676
369.71607
373.52368
377.49843
381.65120
385.83614
390.21263
394.69027
399.38651
404.22925
409.30370
414.53103
419.99565
425.77428
431.87315
438.36997
445.17766
452.18758
459.83047
467.84283
476.41237
485.54511
495.48827
506.00806
517.74671
530.53373
544.91407
561.27000
579.75796
601.58920
627.24431
659.62044
703.21241
769.47324
899.46295
