0.35316469
0.46117025
0.53607247
0.59578720
0.64708436
0.69270909
0.73478550
0.77403601
0.81022776
0.84456776
0.87748911
0.90860948
0.93879238
0.96760812
0.99509772
1.0218785
1.0480123
1.0729507
1.0979231
1.1220238
1.1457854
1.1688812
1.1915087
1.2137636
1.2354534
1.2566884
1.2775358
1.2981416
1.3188240
1.3392268
1.3592958
1.3791815
1.3983696
1.4178837
1.4367715
1.4557334
1.4743274
1.4923604
1.5105555
1.5289012
1.5469341
1.5647765
1.5825371
1.6002880
1.6175925
1.6349567
1.6522113
1.6691594
1.6862788
1.7030835
1.7195749
1.7361817
1.7527101
1.7687621
1.7850537
1.8011409
1.8174993
1.8331223
1.8489862
1.8646861
1.8803361
1.8958209
1.9116089
1.9270773
1.9424595
1.9576358
1.9729664
1.9883290
2.0034329
2.0183636
2.0338373
2.0488545
2.0636228
2.0785328
2.0935385
2.1081165
2.1226636
2.1374602
2.1522047
2.1665443
2.1811565
2.1957228
2.2100721
2.2243928
2.2388870
2.2531966
2.2675958
2.2819060
2.2962533
2.3106536
2.3248374
2.3388727
2.3530924
2.3671444
2.3815197
2.3955577
2.4097470
2.4236663
2.4374776
2.4512933
2.4649573
2.4787947
2.4924575
2.5061854
2.5199803
2.5338245
2.5474895
2.5610055
2.5748479
2.5884103
2.6020976
2.6155736
2.6293068
2.6430710
2.6567270
2.6703140
2.6837683
2.6971450
2.7106009
2.7240963
2.7376408
2.7513403
2.7645975
2.7780306
2.7914945
2.8049763
2.8184136
2.8319414
2.8452760
2.8584651
2.8716070
2.8847373
2.8980911
2.9115378
2.9246835
2.9380398
2.9513511
2.9646748
2.9780280
2.9913627
3.0045422
3.0178391
3.0313506
3.0445379
3.0580136
3.0712419
3.0843907
3.0976909
3.1108880
3.1239936
3.1370951
3.1502496
3.1634802
3.1767382
3.1897860
3.2029186
3.2163582
3.2295926
3.2426788
3.2560621
3.2691591
3.2823692
3.2953125
3.3083434
3.3216994
3.3346726
3.3478258
3.3607789
3.3738898
3.3870111
3.4002441
3.4130700
3.4262670
3.4394520
3.4526928
3.4656245
3.4787822
3.4922222
3.5053850
3.5185695
3.5320044
3.5451888
3.5585993
3.5718662
3.5848416
3.5978685
3.6112730
3.6244022
3.6375526
3.6507397
3.6639898
3.6772181
3.6903040
3.7034476
3.7165302
3.7294209
3.7424867
3.7557553
3.7691106
3.7820347
3.7951876
3.8084001
3.8217616
3.8348971
3.8481604
3.8614580
3.8746406
3.8878337
3.9012097
3.9145775
3.9276549
3.9407765
3.9539735
3.9672747
3.9807985
3.9940745
4.0072263
4.0206172
4.0339932
4.0474343
4.0608016
4.0739751
4.0873063
4.1006552
4.1137908
4.1273897
4.1407188
4.1541894
4.1674953
4.1810631
4.1945859
4.2078035
4.2210894
4.2344788
4.2480499
4.2615363
4.2750441
4.2887080
4.3020572
4.3154165
4.3289932
4.3427717
4.3564308
4.3700025
4.3836015
4.3973915
4.4109947
4.4244687
4.4382220
4.4519783
4.4656123
4.4793325
4.4929218
4.5066968
4.5202264
4.5340852
4.5478387
4.5616116
4.5752886
4.5889557
4.6029067
4.6167121
4.6306026
4.6442419
4.6580000
4.6718947
4.6859264
4.6996631
4.7134333
4.7274276
4.7414597
4.7551779
4.7692656
4.7830922
4.7971382
4.8109613
4.8250537
4.8393832
4.8534336
4.8675770
4.8817031
4.8958417
4.9099206
4.9240297
4.9379953
4.9522287
4.9664117
4.9805658
4.9945752
5.0087320
5.0229682
5.0371515
5.0513850
5.0654578
5.0800526
5.0945273
5.1087527
5.1229854
5.1372915
5.1518105
5.1663121
5.1807131
5.1950861
5.2093502
5.2235983
5.2380049
5.2524066
5.2668781
5.2812078
5.2956980
5.3103589
5.3246842
5.3395288
5.3539151
5.3687669
5.3834499
5.3980201
5.4127455
5.4274330
5.4422732
5.4572548
5.4720354
5.4869955
5.5019511
5.5169020
5.5319811
5.5469507
5.5620770
5.5772404
5.5921222
5.6071918
5.6221591
5.6373793
5.6523414
5.6676108
5.6828914
5.6983598
5.7135205
5.7289553
5.7444120
5.7599056
5.7750928
5.7905247
5.8061015
5.8216137
5.8372053
5.8527091
5.8683054
5.8836596
5.8990785
5.9147069
5.9302967
5.9460037
5.9617542
5.9771936
5.9930088
6.0089324
6.0245685
6.0402593
6.0562390
6.0719725
6.0876204
6.1034634
6.1195054
6.1354350
6.1514619
6.1673020
6.1830585
6.1992665
6.2153033
6.2315341
6.2474409
6.2633846
6.2796583
6.2959336
6.3120480
6.3283986
6.3448061
6.3613976
6.3777050
6.3942562
6.4108814
6.4276306
6.4440024
6.4608262
6.4777221
6.4941976
6.5109386
6.5278318
6.5444995
6.5612590
6.5782227
6.5949746
6.6119684
6.6285788
6.6453720
6.6624099
6.6795399
6.6965600
6.7138270
6.7311988
6.7487067
6.7657278
6.7833089
6.8007433
6.8183304
6.8355508
6.8530853
6.8702236
6.8872961
6.9046406
6.9221909
6.9396337
6.9572464
6.9747827
6.9925557
7.0100820
7.0282033
7.0462963
7.0638905
7.0817434
7.0997104
7.1176287
7.1356022
7.1537569
7.1717900
7.1902591
7.2084140
7.2268726
7.2449819
7.2633863
7.2817601
7.3003667
7.3191291
7.3375147
7.3560359
7.3749969
7.3938088
7.4126986
7.4316779
7.4502891
7.4693524
7.4880026
7.5068666
7.5260523
7.5450413
7.5643179
7.5833043
7.6023179
7.6214012
7.6408824
7.6602830
7.6796930
7.6990731
7.7180972
7.7377982
7.7572940
7.7770945
7.7967046
7.8165362
7.8364887
7.8564588
7.8763612
7.8963004
7.9160926
7.9361679
7.9565965
7.9768894
7.9972150
8.0175354
8.0377371
8.0581996
8.0784651
8.0989839
8.1197066
8.1402686
8.1616455
8.1824660
8.2031609
8.2242248
8.2449400
8.2663582
8.2871077
8.3083823
8.3295601
8.3506254
8.3722816
8.3940853
8.4157552
8.4373077
8.4589268
8.4808816
8.5024467
8.5244665
8.5462725
8.5683617
8.5904937
8.6128398
8.6347716
8.6572484
8.6797539
8.7024034
8.7249981
8.7475430
8.7704739
8.7928886
8.8153782
8.8385007
8.8611913
8.8839836
8.9069092
8.9303717
8.9536709
8.9767113
9.0003595
9.0240447
9.0475764
9.0712387
9.0950338
9.1188635
9.1424118
9.1663773
9.1901359
9.2141779
9.2384513
9.2628803
9.2869802
9.3115193
9.3360477
9.3604789
9.3849485
9.4102578
9.4348930
9.4600432
9.4851413
9.5105311
9.5355815
9.5611972
9.5864151
9.6117732
9.6372643
9.6629747
9.6892496
9.7147736
9.7410139
9.7670577
9.7938319
9.8204419
9.8469917
9.8736817
9.9005790
9.9277502
9.9546555
9.9816015
10.008838
10.036192
10.063596
10.091097
10.119108
10.146976
10.175048
10.203039
10.231098
10.259209
10.288247
10.316990
10.345477
10.374523
10.404124
10.433378
10.462393
10.491481
10.520853
10.550564
10.580176
10.609810
10.640036
10.670315
10.700460
10.731146
10.761830
10.792263
10.823367
10.854392
10.885594
10.916767
10.948556
10.980468
11.011602
11.043856
11.075811
11.108037
11.140754
11.173349
11.206376
11.239265
11.272815
11.306054
11.339952
11.373326
11.407842
11.441792
11.475360
11.510181
11.544179
11.578970
11.615038
11.650945
11.686983
11.722749
11.759206
11.796442
11.833139
11.869866
11.906883
11.943899
11.981414
12.019074
12.057282
12.096184
12.134296
12.172577
12.211595
12.250604
12.290319
12.329376
12.369616
12.409587
12.450157
12.491313
12.532454
12.574270
12.615560
12.657902
12.700136
12.742546
12.786041
12.829525
12.873839
12.917877
12.962695
13.007718
13.052638
13.098415
13.144336
13.190149
13.237038
13.283636
13.332121
13.379690
13.428707
13.477077
13.526501
13.576563
13.626513
13.677278
13.730256
13.781957
13.834836
13.886888
13.938989
13.993100
14.046948
14.103207
14.157842
14.213674
14.269895
14.327505
14.385005
14.444478
14.503721
14.562710
14.623586
14.683650
14.745525
14.808897
14.873338
14.938683
15.004036
15.068896
15.135642
15.202586
15.270537
15.340599
15.411397
15.482862
15.557453
15.630119
15.703233
15.777698
15.855490
15.931020
16.010202
16.090593
16.171515
16.252039
16.333456
16.417323
16.502845
16.589936
16.679236
16.768877
16.858699
16.950899
17.044832
17.142267
17.241180
17.340672
17.438783
17.540759
17.644921
17.754123
17.860893
17.970591
18.082042
18.194979
18.312419
18.429737
18.551691
18.672260
18.795717
18.921932
19.048945
19.180993
19.314301
19.451415
19.590588
19.731370
19.878327
20.024576
20.177174
20.332363
20.490188
20.652434
20.818423
20.990146
21.160232
21.335466
21.515944
21.699508
21.883403
22.076080
22.271322
22.469028
22.675347
22.886945
23.098900
23.318095
23.539099
23.771218
24.003401
24.242665
24.498480
24.749622
25.007465
25.274480
25.540885
25.825696
26.103916
26.388443
26.681393
26.984324
27.298658
27.614322
27.945645
28.288522
28.636304
28.989227
29.353531
29.722660
30.097464
30.482727
30.877760
31.282921
31.710449
32.148740
32.602175
33.070522
33.548267
34.052211
34.547892
35.065781
35.608396
36.152263
36.719486
37.300164
37.888865
38.492349
39.127152
39.773357
40.436736
41.118278
41.812016
42.524258
43.264671
44.010447
44.777280
45.586902
46.406140
47.251546
48.127992
49.036615
49.963156
50.932170
51.944820
52.952365
54.027302
55.135283
56.268824
57.422974
58.612039
59.811245
61.075993
62.373174
63.672938
65.056834
66.454128
67.923982
69.408107
70.915327
72.507122
74.122685
75.779069
77.502327
79.297795
81.130007
83.031180
84.933166
86.910454
88.950341
91.033912
93.183229
95.400981
97.667329
99.978411
102.34835
104.76120
107.20804
109.71227
112.36358
115.02033
117.83021
120.73822
123.62015
126.56683
129.53164
132.47331
135.48728
138.50668
141.57420
144.77077
147.99919
151.25994
154.43023
157.69830
161.11648
164.51009
167.99641
171.42464
174.86608
178.40855
181.99193
185.67738
189.41319
193.22900
196.98444
200.79517
204.54035
208.32440
212.15924
216.02869
220.01576
224.10775
228.19340
232.40367
236.58305
240.84564
245.18572
249.59228
254.10764
258.55136
263.11734
267.59024
272.07546
276.70501
281.40402
286.20908
291.08978
296.03541
301.04707
306.06003
311.04469
316.12986
321.13574
326.16953
331.27024
336.40080
341.64869
347.01994
352.37813
357.86600
363.44610
368.96907
374.57112
380.40643
385.95726
391.63855
397.31381
403.25901
409.21591
415.41978
421.70619
427.94975
434.34425
440.71432
446.78353
452.74913
458.93783
465.57130
472.03079
478.48403
485.11284
491.85273
498.61804
505.23108
512.15920
518.87979
526.13236
533.52197
541.12825
548.54687
556.02238
563.43850
570.74011
578.04313
585.46224
592.62052
599.98942
607.71908
615.29720
623.21579
630.96165
638.59778
646.14848
654.17783
662.27579
670.28441
679.07907
687.61772
696.30804
704.90145
713.49177
722.58603
732.31796
741.91261
751.83059
761.74029
771.42568
781.26760
790.72943
799.64867
808.74083
818.79403
828.84917
839.66932
850.23533
860.88405
871.84792
882.86752
894.53984
905.32766
916.58189
928.32447
939.73131
953.14801
965.89483
978.78289
991.23559
1004.5764
1018.6635
1033.1999
1048.0724
1063.6394
1081.3107
1098.2099
1115.4537
1134.0239
1152.4114
1172.7645
1193.8180
1218.3775
1244.4553
1274.1899
1304.6898
1341.1654
1381.3492
1429.0522
1496.1368
1595.3334
1798.8859
