3.5485907
4.6550206
5.4226543
6.0533100
6.5892797
7.0612437
7.4924097
7.8930168
8.2642322
8.6159121
8.9485175
9.2715238
9.5782584
9.8731254
10.153281
10.428654
10.697377
10.956508
11.209064
11.455290
11.698539
11.936383
12.171257
12.397773
12.625503
12.847475
13.062280
13.273731
13.485023
13.689992
13.893924
14.097242
14.299118
14.492988
14.689790
14.880000
15.066660
15.254305
15.441213
15.625824
15.807501
15.986971
16.166212
16.345802
16.521615
16.695100
16.868994
17.042557
17.210691
17.380983
17.550682
17.717492
17.884177
18.049071
18.212226
18.374040
18.538118
18.699508
18.859302
19.021628
19.183454
19.340187
19.494739
19.651264
19.806843
19.960853
20.115165
20.268467
20.420699
20.573025
20.726435
20.879571
21.032240
21.177827
21.327688
21.473262
21.623213
21.769389
21.918798
22.063821
22.210736
22.357578
22.502954
22.647399
22.790865
22.934922
23.078526
23.222287
23.365146
23.506577
23.648186
23.788233
23.931287
24.070696
24.210634
24.352331
24.492392
24.631373
24.768544
24.907154
25.047467
25.183287
25.320615
25.458984
25.597244
25.735172
25.869551
26.006276
26.141025
26.277560
26.411597
26.545799
26.680408
26.816238
26.949353
27.085885
27.221454
27.355281
27.488004
27.621244
27.754010
27.886913
28.020514
28.152031
28.284863
28.415078
28.548533
28.679817
28.813896
28.945407
29.076782
29.206858
29.336406
29.468326
29.597515
29.726769
29.857437
29.987918
30.116636
30.246299
30.374930
30.505971
30.637922
30.769442
30.900042
31.030339
31.157649
31.288096
31.418358
31.549514
31.677979
31.807404
31.934673
32.062433
32.188854
32.316129
32.445033
32.573932
32.702186
32.830157
32.958018
33.085992
33.214203
33.342817
33.468763
33.595626
33.725466
33.852989
33.981724
34.111142
34.240166
34.367414
34.494354
34.622521
34.749609
34.875974
35.004428
35.129464
35.255731
35.384490
35.508798
35.634134
35.760411
35.886838
36.013512
36.140822
36.268298
36.393337
36.519596
36.648723
36.776433
36.902009
37.028721
37.153060
37.279890
37.406611
37.534038
37.660234
37.785760
37.913737
38.038565
38.164468
38.292543
38.420109
38.548021
38.674594
38.800553
38.925959
39.048851
39.174339
39.299684
39.426572
39.554403
39.680755
39.805885
39.933016
40.061041
40.186650
40.311334
40.437283
40.563927
40.692249
40.820474
40.946786
41.073713
41.198580
41.325140
41.451354
41.577793
41.703160
41.831747
41.957622
42.085313
42.215157
42.340502
42.465465
42.592790
42.720021
42.844862
42.971315
43.100217
43.227557
43.353870
43.482898
43.609653
43.736837
43.864764
43.991051
44.118552
44.246265
44.373907
44.497847
44.624657
44.753286
44.879733
45.008211
45.138229
45.266432
45.393123
45.522178
45.648426
45.775137
45.904365
46.031116
46.158026
46.288114
46.417362
46.544714
46.675632
46.803512
46.932072
47.059270
47.187161
47.314723
47.441614
47.572664
47.700674
47.829155
47.957154
48.085665
48.215654
48.346102
48.476548
48.606024
48.734730
48.864425
48.993581
49.122637
49.251843
49.382657
49.510983
49.640737
49.771651
49.900784
50.032144
50.159835
50.287816
50.416873
50.547063
50.676533
50.807225
50.937624
51.071029
51.201202
51.334333
51.468334
51.599748
51.728475
51.860654
51.993207
52.125282
52.256547
52.389178
52.521300
52.654819
52.788182
52.918211
53.050676
53.180770
53.313410
53.444258
53.577135
53.709744
53.839907
53.971317
54.105095
54.237776
54.369157
54.501043
54.634883
54.768330
54.901500
55.036844
55.169145
55.303089
55.435728
55.571926
55.706091
55.840019
55.975763
56.110146
56.246669
56.381917
56.517401
56.655329
56.791011
56.927456
57.062345
57.198798
57.333989
57.471905
57.607650
57.744793
57.882710
58.021332
58.157653
58.292520
58.430185
58.566141
58.700807
58.839684
58.974646
59.113143
59.250365
59.386454
59.524714
59.663847
59.803248
59.942221
60.082971
60.220168
60.357989
60.496665
60.636124
60.775447
60.915479
61.052267
61.191115
61.329558
61.470648
61.610628
61.752125
61.893422
62.034999
62.178410
62.321043
62.461672
62.604789
62.746905
62.887144
63.028748
63.170872
63.309857
63.451071
63.593916
63.738700
63.880861
64.023195
64.164502
64.308854
64.453264
64.597857
64.743228
64.885863
65.028832
65.171034
65.316615
65.459556
65.605573
65.750365
65.894010
66.037635
66.183682
66.329272
66.473502
66.618609
66.763469
66.907906
67.053933
67.201321
67.348231
67.497465
67.644325
67.792359
67.937005
68.086238
68.234552
68.384136
68.533277
68.682747
68.831758
68.979708
69.127173
69.276578
69.423858
69.571064
69.720042
69.868991
70.019439
70.168363
70.318764
70.470887
70.621312
70.772629
70.922660
71.075252
71.226145
71.375800
71.529010
71.679772
71.828918
71.980750
72.135143
72.287532
72.441124
72.593490
72.746395
72.901392
73.055967
73.212330
73.368825
73.523172
73.679434
73.836406
73.989505
74.145592
74.301866
74.457699
74.616960
74.772142
74.925752
75.082546
75.241330
75.397222
75.554314
75.710293
75.873026
76.033022
76.191836
76.349294
76.510114
76.670733
76.829404
76.991999
77.155298
77.316296
77.475943
77.637595
77.797490
77.958102
78.121340
78.286590
78.449241
78.610421
78.773839
78.936481
79.100093
79.265813
79.429330
79.593184
79.756784
79.920447
80.085013
80.251910
80.418298
80.583635
80.750013
80.914098
81.076928
81.247181
81.416424
81.583587
81.749598
81.920270
82.083848
82.254008
82.421269
82.587067
82.758961
82.927604
83.098857
83.266518
83.438121
83.610601
83.775476
83.949013
84.123984
84.294072
84.465969
84.637684
84.811839
84.985208
85.162372
85.335895
85.511975
85.687850
85.861602
86.033421
86.206932
86.382947
86.560341
86.735131
86.912129
87.090725
87.265624
87.444551
87.625461
87.805267
87.982335
88.161458
88.341620
88.523813
88.704255
88.886900
89.066598
89.244243
89.426576
89.606089
89.788735
89.972997
90.153075
90.337667
90.520890
90.705189
90.890739
91.074689
91.259006
91.443536
91.632065
91.817968
92.004748
92.190277
92.378073
92.569160
92.760479
92.951486
93.136836
93.323829
93.513937
93.703627
93.895903
94.088615
94.281946
94.470823
94.661403
94.854989
95.047830
95.243194
95.439733
95.632592
95.827363
96.025548
96.220162
96.415882
96.609899
96.805982
97.004282
97.201709
97.399887
97.600483
97.801968
98.001274
98.202074
98.404525
98.606119
98.808476
99.011187
99.214517
99.412202
99.617798
99.821697
100.02681
100.22841
100.43190
100.63447
100.83891
101.04620
101.25142
101.46106
101.66915
101.87759
102.09119
102.30046
102.51135
102.72254
102.93161
103.14591
103.35307
103.56408
103.77595
103.98548
104.20078
104.41154
104.62589
104.84321
105.05942
105.27582
105.49140
105.70766
105.92658
106.14918
106.37207
106.58894
106.80895
107.03062
107.24777
107.46886
107.68953
107.90879
108.13363
108.36174
108.58306
108.80944
109.03672
109.26273
109.48836
109.71685
109.94505
110.17236
110.39958
110.62801
110.85833
111.08873
111.32279
111.55343
111.78770
112.01936
112.25185
112.48327
112.71865
112.95246
113.18827
113.42595
113.66339
113.90173
114.14386
114.38289
114.62360
114.86519
115.10607
115.35005
115.59465
115.84151
116.08835
116.33535
116.58499
116.83501
117.08064
117.32602
117.57432
117.82360
118.07254
118.32316
118.57141
118.82511
119.08119
119.33418
119.59307
119.85133
120.11104
120.37066
120.62595
120.88736
121.14759
121.40899
121.67146
121.92936
122.19547
122.45286
122.71435
122.98030
123.24571
123.51469
123.77911
124.04610
124.31631
124.58211
124.85438
125.12841
125.40237
125.67571
125.94917
126.22322
126.49750
126.77947
127.05602
127.33469
127.61345
127.89447
128.17665
128.45551
128.74017
129.02354
129.30392
129.59297
129.87651
130.16154
130.45335
130.74625
131.03437
131.32836
131.61785
131.92130
132.21686
132.51645
132.81673
133.11718
133.42161
133.72137
134.02692
134.32978
134.63310
134.94438
135.25211
135.56251
135.87410
136.18943
136.50635
136.82287
137.13636
137.45241
137.76743
138.08739
138.40793
138.72883
139.05380
139.37494
139.69726
140.02643
140.35492
140.68023
141.01985
141.34788
141.68437
142.02318
142.35996
142.69219
143.03183
143.36598
143.69962
144.04434
144.38950
144.73730
145.10147
145.44896
145.79833
146.15077
146.50429
146.85967
147.22749
147.58334
147.94516
148.31593
148.68065
149.05162
149.41563
149.78033
150.15897
150.53052
150.90663
151.27861
151.65688
152.03307
152.41077
152.79077
153.17158
153.55314
153.93907
154.32014
154.71684
155.11196
155.50150
155.90530
156.30534
156.71296
157.11934
157.52320
157.93405
158.34191
158.75454
159.17257
159.58813
160.01243
160.43193
160.85856
161.28028
161.71421
162.14641
162.58666
163.01755
163.45953
163.90271
164.34307
164.79192
165.23998
165.69777
166.15470
166.60104
167.06727
167.52751
167.98441
168.45743
168.93032
169.40465
169.88458
170.36067
170.84419
171.32630
171.80465
172.29280
172.78606
173.28020
173.78383
174.28321
174.78936
175.29795
175.81130
176.33041
176.83916
177.35911
177.88039
178.40769
178.93830
179.47228
180.01639
180.56430
181.11976
181.67885
182.24796
182.80172
183.36952
183.93782
184.50880
185.09006
185.67586
186.26249
186.84743
187.44250
188.03573
188.64332
189.25778
189.87742
190.49418
191.11956
191.75588
192.38845
193.03548
193.68707
194.33521
194.98542
195.65298
196.32152
196.99942
197.68609
198.38059
199.08198
199.77427
200.48553
201.20123
201.92074
202.65519
203.39538
204.13175
204.88107
205.63761
206.40474
207.17363
207.93538
208.72650
209.53383
210.33806
211.15801
211.98698
212.81688
213.67175
214.53509
215.41838
216.28572
217.17629
218.07115
218.97061
219.88612
220.82293
221.75390
222.70012
223.64433
224.61943
225.58043
226.59208
227.59701
228.62915
229.67919
230.72760
231.80416
232.89502
234.00745
235.12519
236.26666
237.43078
238.61047
239.78450
240.99829
242.25373
243.50518
244.77238
246.08189
247.42025
248.76004
250.13142
251.53461
252.95892
254.39627
255.89248
257.41125
258.98596
260.58472
262.15303
263.83482
265.48278
267.18370
268.95011
270.72395
272.57629
274.47241
276.40862
278.41564
280.50379
282.63593
284.83344
287.09922
289.48098
291.92308
294.38891
296.96082
299.64914
302.50619
305.43021
308.38626
311.56859
314.86347
318.35339
321.99715
325.82451
329.91261
334.21218
338.79873
343.69256
348.84858
354.48060
360.65112
367.38442
374.73518
383.15046
392.75581
403.75520
417.21231
433.55517
455.35211
488.61481
552.14655
