3.8260201
5.0434856
5.8693103
6.5391456
7.1111516
7.6342851
8.1021460
8.5287845
8.9302324
9.3040656
9.6629534
10.003542
10.334114
10.653396
10.956597
11.252906
11.536256
11.816933
12.086556
12.349614
12.611067
12.864154
13.112647
13.359824
13.597157
13.829647
14.061401
14.283052
14.504286
14.727622
14.945138
15.161645
15.372175
15.580923
15.790971
15.997838
16.199322
16.395341
16.595929
16.789368
16.984410
17.176012
17.368050
17.560257
17.746930
17.931431
18.117695
18.300123
18.483453
18.662242
18.839961
19.016975
19.193364
19.372818
19.547282
19.720664
19.891275
20.062366
20.233775
20.405385
20.569989
20.735372
20.899893
21.064780
21.230836
21.392794
21.556173
21.716992
21.879412
22.041136
22.199833
22.358721
22.516372
22.674636
22.830686
22.988959
23.146558
23.302833
23.459647
23.613349
23.766936
23.918163
24.071419
24.224554
24.376711
24.529581
24.679066
24.827388
24.977972
25.126361
25.277686
25.427613
25.573960
25.721214
25.868872
26.015688
26.161306
26.308738
26.454820
26.600418
26.745749
26.889814
27.034877
27.179133
27.320691
27.464621
27.607610
27.753104
27.895610
28.039016
28.182721
28.323327
28.464311
28.605628
28.748573
28.888375
29.028374
29.170200
29.309341
29.451544
29.591689
29.731152
29.872186
30.009185
30.148458
30.286914
30.427641
30.564632
30.703649
30.840619
30.977745
31.115036
31.254244
31.393495
31.532026
31.667426
31.802139
31.937375
32.072696
32.208457
32.343227
32.479897
32.616471
32.749364
32.883159
33.016447
33.152154
33.287956
33.420756
33.555135
33.690202
33.825920
33.958729
34.092978
34.227764
34.358640
34.492543
34.625041
34.758759
34.891770
35.025536
35.156686
35.289502
35.423874
35.558380
35.691072
35.825341
35.956765
36.091109
36.223112
36.355931
36.489645
36.623346
36.754263
36.886350
37.018396
37.147884
37.280191
37.412530
37.542970
37.673064
37.805489
37.936411
38.069147
38.202102
38.332947
38.459927
38.590661
38.722458
38.852244
38.980399
39.110667
39.240914
39.371780
39.505370
39.638031
39.771115
39.901477
40.032875
40.164541
40.298919
40.429116
40.560885
40.690161
40.821529
40.953898
41.084450
41.214811
41.345929
41.474544
41.606798
41.738567
41.867936
41.996961
42.129178
42.259720
42.389534
42.519757
42.652322
42.785178
42.917386
43.047652
43.179029
43.308859
43.439604
43.570365
43.700396
43.829336
43.959657
44.089918
44.222091
44.353698
44.483950
44.616774
44.747636
44.879302
45.012991
45.144301
45.273799
45.406103
45.537114
45.667935
45.802879
45.932911
46.064110
46.193047
46.321667
46.449981
46.581675
46.712063
46.843783
46.974366
47.106491
47.237112
47.366561
47.496861
47.626942
47.756867
47.890793
48.021135
48.152505
48.284699
48.417060
48.548430
48.681179
48.814424
48.946519
49.077799
49.210033
49.340814
49.472791
49.603140
49.732297
49.864533
49.995595
50.126896
50.256226
50.383752
50.514236
50.644995
50.777373
50.912258
51.046165
51.180034
51.310984
51.447595
51.580061
51.712847
51.846234
51.980632
52.110365
52.243632
52.376371
52.509440
52.641727
52.772467
52.907071
53.042169
53.174840
53.307794
53.440147
53.571301
53.705238
53.840804
53.973675
54.105270
54.237177
54.371096
54.503564
54.637901
54.771792
54.907701
55.042202
55.176649
55.312692
55.446247
55.579516
55.711443
55.844352
55.977851
56.115482
56.251744
56.385392
56.521609
56.659405
56.794045
56.929537
57.063921
57.198749
57.336354
57.472724
57.607991
57.743645
57.878281
58.014185
58.150393
58.287003
58.426879
58.561734
58.698394
58.834286
58.970797
59.109564
59.247180
59.384696
59.521032
59.657147
59.793115
59.929669
60.068089
60.207417
60.343708
60.482241
60.621429
60.760976
60.899985
61.036861
61.176383
61.313191
61.453462
61.591124
61.728586
61.868777
62.009288
62.149740
62.288913
62.427577
62.565880
62.706039
62.847121
62.986381
63.126989
63.268139
63.408742
63.546751
63.687345
63.827238
63.968816
64.108478
64.249750
64.389084
64.528242
64.671613
64.813842
64.956503
65.098890
65.240204
65.384229
65.526988
65.670166
65.815119
65.955927
66.098745
66.241913
66.385207
66.527594
66.670739
66.812206
66.956391
67.100881
67.246344
67.391881
67.538211
67.682139
67.826366
67.969632
68.113209
68.257699
68.402574
68.547053
68.689933
68.837531
68.983020
69.127441
69.272123
69.417212
69.564085
69.710633
69.854653
70.002573
70.147899
70.298727
70.446972
70.596700
70.744499
70.895264
71.041552
71.191673
71.340287
71.488863
71.637074
71.787425
71.934796
72.084679
72.232998
72.383343
72.532364
72.683472
72.832085
72.981617
73.129648
73.282574
73.434511
73.586427
73.740568
73.892245
74.043345
74.198846
74.349987
74.501205
74.652426
74.804040
74.957224
75.111159
75.264486
75.418374
75.571776
75.726176
75.880209
76.034336
76.188261
76.342999
76.497354
76.651168
76.808246
76.962194
77.116501
77.272554
77.428558
77.584881
77.743996
77.901652
78.057977
78.215836
78.373956
78.532067
78.689399
78.845792
79.003904
79.162587
79.322052
79.481112
79.642226
79.802494
79.961853
80.120291
80.278189
80.437022
80.597779
80.758256
80.919001
81.078812
81.238681
81.399056
81.560710
81.723628
81.884493
82.042520
82.207088
82.366819
82.527832
82.690271
82.852944
83.014989
83.181646
83.345027
83.509415
83.671342
83.838247
84.003443
84.169354
84.335683
84.501172
84.666402
84.834574
84.999426
85.164946
85.329605
85.499166
85.666828
85.836751
86.003478
86.172821
86.341730
86.510175
86.678155
86.846547
87.014448
87.185435
87.356391
87.527126
87.698736
87.870818
88.042206
88.213650
88.388049
88.560466
88.734381
88.905261
89.078801
89.251326
89.424868
89.597670
89.771373
89.944598
90.119764
90.295583
90.471155
90.645501
90.821997
91.000979
91.175991
91.352183
91.528994
91.706877
91.883976
92.061309
92.240744
92.417132
92.596483
92.776011
92.954852
93.134997
93.318160
93.499596
93.680352
93.859614
94.042876
94.223740
94.406312
94.588918
94.771517
94.953718
95.136274
95.320292
95.504347
95.689221
95.870565
96.054254
96.238135
96.424078
96.610941
96.793907
96.982688
97.168022
97.354759
97.542609
97.727317
97.913121
98.106029
98.293910
98.483905
98.675677
98.863201
99.050398
99.243023
99.432101
99.624954
99.820848
100.01230
100.20336
100.39706
100.58809
100.78167
100.97852
101.17356
101.37065
101.56231
101.75846
101.95487
102.15022
102.34778
102.54572
102.74250
102.94407
103.14358
103.34137
103.54117
103.74241
103.94390
104.14716
104.34930
104.55192
104.75706
104.95926
105.16053
105.36437
105.56871
105.77518
105.97987
106.18808
106.39549
106.60014
106.80693
107.01036
107.21641
107.42181
107.63141
107.83718
108.04644
108.25808
108.47217
108.68864
108.90519
109.11804
109.32958
109.53890
109.75481
109.96852
110.18162
110.39708
110.61186
110.82716
111.04283
111.26179
111.47949
111.69477
111.91394
112.13221
112.35465
112.56986
112.79119
113.01330
113.23716
113.45884
113.67924
113.90229
114.12772
114.35221
114.57558
114.79753
115.02173
115.24940
115.47498
115.69987
115.92709
116.15726
116.39213
116.62467
116.85607
117.08759
117.32046
117.55191
117.78733
118.02501
118.25911
118.49822
118.73754
118.97415
119.21241
119.44913
119.68912
119.92954
120.16835
120.40802
120.64865
120.89058
121.13192
121.37206
121.61450
121.86298
122.10678
122.35447
122.60364
122.85033
123.09786
123.34631
123.59787
123.84979
124.09556
124.34970
124.60504
124.85844
125.11250
125.36066
125.61580
125.87232
126.12885
126.39278
126.65031
126.91385
127.17393
127.43458
127.69672
127.95742
128.21995
128.49420
128.75887
129.02562
129.29417
129.56331
129.83510
130.10466
130.37688
130.64610
130.91837
131.18911
131.45704
131.73094
132.00644
132.28504
132.56515
132.84460
133.12253
133.40078
133.68583
133.96931
134.25208
134.53754
134.82255
135.10778
135.39197
135.68021
135.96692
136.25285
136.54446
136.84007
137.13083
137.42374
137.72149
138.01954
138.31876
138.61346
138.91074
139.20646
139.51266
139.81285
140.11406
140.42091
140.72627
141.03834
141.34831
141.65586
141.96284
142.27775
142.58534
142.89825
143.21545
143.52880
143.84798
144.16716
144.48782
144.80655
145.13197
145.45694
145.79015
146.11763
146.44772
146.78121
147.11508
147.44576
147.77861
148.11582
148.44968
148.78741
149.11876
149.46075
149.80543
150.14408
150.48639
150.83501
151.18402
151.53273
151.88392
152.24604
152.60474
152.96682
153.32538
153.68876
154.04722
154.41267
154.77292
155.13865
155.50978
155.88221
156.25231
156.62961
157.00330
157.38198
157.75464
158.13353
158.51120
158.89067
159.27762
159.66060
160.04867
160.44179
160.83475
161.23010
161.62919
162.03022
162.43250
162.84048
163.24867
163.65780
164.06869
164.48383
164.90724
165.32301
165.75141
166.17381
166.59700
167.02970
167.45860
167.89682
168.32715
168.76588
169.20824
169.66011
170.10726
170.54835
171.00981
171.47036
171.93255
172.39304
172.84702
173.32096
173.79038
174.26214
174.74565
175.22674
175.70926
176.18989
176.67532
177.17107
177.66379
178.15517
178.65774
179.15400
179.65301
180.17279
180.68361
181.20649
181.72798
182.25069
182.77717
183.31480
183.84948
184.39485
184.94136
185.49579
186.04439
186.60376
187.16671
187.72788
188.30126
188.88321
189.45321
190.04416
190.62672
191.23207
191.82462
192.44038
193.04812
193.66973
194.29354
194.92128
195.57371
196.21293
196.84627
197.49349
198.14629
198.81039
199.47917
200.16142
200.84912
201.54308
202.23117
202.93555
203.64981
204.36249
205.08981
205.83386
206.56538
207.32257
208.07319
208.83736
209.60323
210.39231
211.18514
211.98108
212.78252
213.58487
214.40877
215.23826
216.07660
216.92327
217.80162
218.67565
219.58146
220.49761
221.42253
222.35081
223.30895
224.24067
225.20156
226.20431
227.21308
228.22033
229.26002
230.28776
231.35676
232.43625
233.52600
234.63833
235.79186
236.95643
238.11705
239.30698
240.53828
241.78324
243.04795
244.32228
245.64654
246.99590
248.36806
249.75541
251.15151
252.62182
254.10579
255.62824
257.18963
258.82964
260.45790
262.13420
263.85290
265.60619
267.44949
269.36503
271.30772
273.30621
275.36984
277.52167
279.76663
282.06248
284.45130
286.97335
289.53713
292.27470
295.06733
298.03449
301.16475
304.46485
307.90378
311.57334
315.46570
319.68479
324.16351
328.95155
334.26300
340.02375
346.45400
353.73764
361.94914
371.33847
382.78710
396.81630
415.55750
442.90160
499.46479
