0.25079595
0.33561272
0.39703884
0.44719820
0.49126011
0.53238824
0.57039744
0.60543461
0.63846137
0.67119761
0.70262292
0.73297164
0.76260102
0.79099675
0.81913258
0.84661812
0.87399574
0.90065922
0.92678731
0.95326176
0.97895231
1.0043356
1.0294847
1.0543130
1.0791221
1.1039397
1.1285324
1.1530342
1.1772361
1.2011499
1.2251518
1.2490397
1.2730801
1.2973235
1.3217693
1.3457517
1.3698526
1.3939749
1.4176942
1.4416342
1.4654049
1.4891557
1.5127974
1.5369102
1.5608070
1.5849106
1.6089739
1.6328030
1.6567820
1.6804031
1.7044431
1.7283622
1.7525109
1.7767192
1.8007978
1.8248985
1.8493414
1.8739256
1.8983490
1.9227759
1.9478284
1.9722648
1.9969682
2.0220271
2.0468626
2.0719561
2.0966170
2.1218479
2.1470228
2.1722895
2.1983403
2.2234807
2.2491077
2.2748732
2.3007157
2.3261434
2.3520764
2.3778636
2.4040984
2.4309533
2.4570991
2.4836490
2.5105132
2.5372607
2.5637504
2.5904794
2.6175995
2.6448086
2.6712901
2.6980445
2.7257624
2.7533785
2.7810725
2.8087199
2.8365197
2.8644348
2.8923712
2.9202324
2.9485206
2.9768289
3.0051663
3.0343719
3.0629861
3.0918650
3.1209266
3.1500654
3.1792763
3.2083863
3.2377602
3.2670803
3.2966722
3.3265148
3.3562315
3.3865092
3.4166212
3.4467143
3.4773059
3.5078211
3.5382603
3.5688358
3.5997923
3.6308089
3.6619194
3.6931562
3.7245835
3.7560425
3.7875112
3.8189883
3.8502369
3.8819767
3.9144195
3.9467774
3.9793538
4.0123834
4.0452503
4.0783142
4.1115997
4.1449064
4.1782978
4.2108909
4.2445953
4.2782968
4.3120677
4.3458739
4.3801627
4.4145650
4.4485937
4.4828778
4.5172721
4.5520266
4.5867438
4.6221992
4.6577137
4.6930995
4.7289495
4.7645074
4.8005804
4.8363027
4.8724531
4.9084713
4.9444518
4.9812431
5.0182913
5.0552918
5.0919704
5.1288668
5.1669617
5.2042383
5.2420590
5.2800975
5.3172965
5.3553249
5.3940445
5.4316705
5.4705884
5.5087907
5.5479554
5.5868970
5.6258920
5.6649789
5.7054654
5.7457385
5.7855192
5.8252023
5.8649388
5.9055251
5.9464139
5.9868802
6.0281703
6.0695347
6.1106664
6.1522488
6.1937195
6.2350979
6.2762807
6.3180797
6.3600980
6.4031776
6.4461059
6.4886126
6.5315270
6.5748502
6.6179326
6.6616232
6.7053089
6.7492368
6.7931055
6.8366809
6.8816047
6.9269956
6.9717940
7.0172140
7.0624056
7.1073811
7.1535849
7.1996521
7.2462332
7.2923348
7.3386000
7.3861476
7.4331697
7.4797999
7.5261434
7.5738394
7.6213270
7.6695211
7.7172048
7.7655599
7.8136042
7.8622782
7.9111256
7.9611978
8.0094980
8.0592959
8.1098957
8.1596261
8.2101693
8.2611985
8.3115668
8.3627549
8.4136553
8.4653812
8.5170123
8.5681578
8.6199779
8.6722819
8.7241410
8.7768405
8.8295869
8.8809001
8.9342773
8.9880381
9.0417978
9.0963773
9.1503114
9.2039369
9.2585404
9.3125671
9.3674695
9.4226554
9.4779497
9.5337945
9.5906107
9.6479318
9.7046621
9.7612002
9.8180443
9.8750864
9.9310798
9.9893299
10.046573
10.104909
10.163697
10.222764
10.280833
10.340561
10.400128
10.459339
10.518991
10.579398
10.640756
10.702571
10.764043
10.824293
10.885146
10.946181
11.008688
11.071298
11.133670
11.196566
11.258795
11.321761
11.384988
11.449638
11.513546
11.577104
11.641949
11.707879
11.772465
11.837170
11.902384
11.969364
12.035222
12.101929
12.168765
12.235675
12.304516
12.371084
12.437983
12.507141
12.575407
12.644430
12.714515
12.783348
12.853361
12.922714
12.994465
13.065505
13.135736
13.206698
13.279191
13.350438
13.422877
13.494444
13.566078
13.637626
13.709906
13.782536
13.855629
13.929185
14.004027
14.078632
14.154370
14.230059
14.306901
14.383180
14.458947
14.537419
14.614955
14.692894
14.771339
14.850091
14.927598
15.005885
15.084980
15.164383
15.245174
15.325512
15.406376
15.487918
15.567864
15.649060
15.731104
15.814240
15.896543
15.981115
16.063682
16.146860
16.230400
16.315261
16.400605
16.486116
16.571455
16.658436
16.746176
16.832695
16.921072
17.008299
17.097296
17.185657
17.274130
17.365308
17.455530
17.544424
17.635856
17.726869
17.817735
17.910661
18.002540
18.094278
18.187019
18.280546
18.373278
18.466375
18.558814
18.653584
18.748857
18.845846
18.942581
19.038656
19.135334
19.231780
19.330688
19.427401
19.525736
19.622742
19.722752
19.820313
19.917633
20.017247
20.118752
20.219241
20.320324
20.421679
20.525528
20.627996
20.732681
20.838028
20.942514
21.048563
21.155301
21.261216
21.367387
21.473820
21.580233
21.687742
21.796011
21.904351
22.011407
22.119799
22.228584
22.339181
22.449505
22.561262
22.673967
22.786554
22.900439
23.011259
23.125482
23.238361
23.353926
23.468946
23.585130
23.702478
23.818801
23.935978
24.052421
24.171424
24.292043
24.410300
24.529985
24.651040
24.773272
24.896594
25.017510
25.139171
25.263529
25.386313
25.508683
25.634899
25.761321
25.888631
26.012768
26.140624
26.266489
26.394436
26.523957
26.652321
26.782685
26.912702
27.041404
27.174307
27.306490
27.438837
27.572977
27.708656
27.843900
27.979211
28.116056
28.253797
28.393185
28.529978
28.670646
28.808987
28.948481
29.090880
29.232784
29.374218
29.516305
29.661065
29.803116
29.947505
30.091075
30.237450
30.383944
30.531521
30.677969
30.826317
30.975482
31.123473
31.270653
31.422853
31.575126
31.728028
31.882739
32.037210
32.190992
32.345564
32.500912
32.659186
32.817198
32.974663
33.132496
33.291358
33.451076
33.611585
33.775755
33.935758
34.099939
34.264322
34.428729
34.595155
34.762743
34.930220
35.096741
35.263514
35.433025
35.602731
35.770522
35.941404
36.111561
36.284858
36.456020
36.630815
36.805331
36.978735
37.157729
37.334395
37.513722
37.695802
37.878357
38.058614
38.237927
38.418225
38.599217
38.786160
38.973094
39.162442
39.349552
39.538165
39.725922
39.916380
40.109410
40.302500
40.497524
40.691464
40.885170
41.079348
41.274093
41.470446
41.672182
41.867653
42.066658
42.268818
42.468704
42.676293
42.880418
43.084381
43.291132
43.497201
43.702920
43.913529
44.121942
44.331881
44.546474
44.758821
44.969154
45.184810
45.401964
45.620700
45.839701
46.059480
46.277206
46.501509
46.723131
46.947957
47.175259
47.401453
47.628682
47.856020
48.081869
48.314311
48.547716
48.783300
49.020356
49.257092
49.492224
49.728142
49.964222
50.202035
50.442951
50.680140
50.926400
51.171000
51.418739
51.668749
51.917512
52.168018
52.421148
52.672070
52.922037
53.174867
53.430192
53.685076
53.945528
54.205531
54.467280
54.726405
54.987838
55.254640
55.527150
55.795729
56.065851
56.336916
56.610238
56.884109
57.157364
57.435152
57.711819
57.988188
58.271354
58.550532
58.832795
59.114367
59.403813
59.691191
59.981031
60.273832
60.563302
60.860484
61.156948
61.453189
61.758261
62.060634
62.355886
62.662937
62.970247
63.275687
63.579443
63.888919
64.197640
64.510087
64.822872
65.133757
65.452608
65.769466
66.093172
66.418844
66.743966
67.073694
67.400675
67.722576
68.055459
68.385813
68.721041
69.055641
69.393026
69.734449
70.074918
70.417113
70.769084
71.112098
71.461958
71.813220
72.167912
72.527518
72.885337
73.240221
73.605372
73.971613
74.341235
74.705215
75.079409
75.448008
75.819571
76.196155
76.570193
76.953035
77.338497
77.727143
78.110902
78.495860
78.885839
79.273426
79.667564
80.073976
80.468215
80.870455
81.273488
81.682884
82.086339
82.496199
82.911000
83.325308
83.748088
84.168869
84.595144
85.012977
85.445269
85.878304
86.313536
86.751998
87.186286
87.627390
88.068055
88.520466
88.975029
89.420971
89.875731
90.333586
90.788441
91.251107
91.722821
92.200295
92.668703
93.139768
93.620044
94.103017
94.583551
95.072903
95.564571
96.064513
96.557242
97.054248
97.549672
98.048690
98.559740
99.068863
99.587997
100.10997
100.63385
101.15349
101.67254
102.20189
102.73531
103.26681
103.79590
104.33397
104.87735
105.41846
105.97354
106.53169
107.09514
107.65625
108.22715
108.80495
109.37997
109.96241
110.53565
111.12673
111.71468
112.30418
112.90379
113.51409
114.11624
114.73522
115.34098
115.96404
116.58085
117.21565
117.84480
118.48821
119.11720
119.76209
120.40360
121.06397
121.72127
122.39210
123.06117
123.72888
124.40205
125.08057
125.77144
126.44918
127.15014
127.84508
128.54170
129.26457
129.97951
130.69972
131.42554
132.15356
132.88187
133.62661
134.36915
135.12474
135.88130
136.64088
137.40917
138.17773
138.95474
139.73530
140.52867
141.32861
142.12837
142.94487
143.76172
144.58223
145.39865
146.24071
147.08104
147.92589
148.76977
149.61998
150.47389
151.33485
152.21100
153.11184
154.01423
154.91197
155.81714
156.71880
157.63043
158.56017
159.49858
160.43930
161.37475
162.32653
163.28727
164.24108
165.22560
166.20093
167.18930
168.18358
169.20561
170.23422
171.26328
172.31650
173.36954
174.42925
175.51601
176.58534
177.66998
178.75359
179.84136
180.95045
182.08694
183.19752
184.33952
185.48266
186.63113
187.79992
188.97427
190.16099
191.36078
192.57330
193.78152
195.01351
196.26410
197.53287
198.80662
200.09050
201.39135
202.70479
204.03055
205.36071
206.69918
208.06989
209.43021
210.81335
212.20929
213.60849
215.03324
216.48324
217.90438
219.36335
220.84116
222.34561
223.85732
225.37909
226.91283
228.45535
230.02204
231.62521
233.22984
234.83923
236.46353
238.10200
239.76948
241.45776
243.16788
244.90549
246.66381
248.44256
250.21417
252.03218
253.83690
255.69906
257.53937
259.43790
261.37324
263.30939
265.27500
267.26249
269.26519
271.28573
273.29682
275.37380
277.48981
279.61384
281.78793
283.99008
286.21547
288.44568
290.72379
293.03472
295.32699
297.66602
300.02328
302.43598
304.89823
307.40857
309.89644
312.47739
315.06146
317.70703
320.39850
323.12171
325.86303
328.67107
331.49771
334.35967
337.24038
340.26038
343.26134
346.30443
349.42147
352.56735
355.82447
359.07050
362.37026
365.77182
369.20306
372.68306
376.17767
379.82583
383.49139
387.29548
391.06796
394.90523
398.89224
402.91537
407.07873
411.29017
415.52090
419.85583
424.29363
428.88180
433.50315
438.15415
442.90822
447.87096
453.01951
458.21716
463.49632
468.92884
474.45284
480.12151
485.92401
491.82131
498.02038
504.35883
510.81348
517.53625
524.43243
531.54523
538.89834
546.46617
554.23113
562.20929
570.52647
579.17166
588.28855
597.45823
607.11462
617.19371
627.73886
638.54360
650.07936
662.00246
674.61503
687.65563
701.71496
716.42056
732.14435
749.13638
766.89567
785.92740
806.73753
829.57141
854.17496
881.88940
912.46579
946.85680
986.49548
1033.2401
1091.8509
1167.8720
1279.6047
1488.0718
