0.065234451
0.086608411
0.10167706
0.11372051
0.12403660
0.13349747
0.14189831
0.14988116
0.15725715
0.16417357
0.17085876
0.17718548
0.18340442
0.18933053
0.19502542
0.20056342
0.20593844
0.21134295
0.21644542
0.22154123
0.22654244
0.23136999
0.23607237
0.24068950
0.24530930
0.24978118
0.25422625
0.25861811
0.26293427
0.26724273
0.27142799
0.27563461
0.27973127
0.28378180
0.28789491
0.29189625
0.29590457
0.29984572
0.30365104
0.30754981
0.31138669
0.31517111
0.31887482
0.32258015
0.32628158
0.32997628
0.33362093
0.33726367
0.34088639
0.34453262
0.34810613
0.35165685
0.35515700
0.35864955
0.36215085
0.36558876
0.36899959
0.37245855
0.37584952
0.37929716
0.38267425
0.38603652
0.38937718
0.39274760
0.39611539
0.39945050
0.40275396
0.40607748
0.40939374
0.41262746
0.41592144
0.41918642
0.42240608
0.42559403
0.42883766
0.43209919
0.43530935
0.43854347
0.44175810
0.44498794
0.44814108
0.45134642
0.45445756
0.45762035
0.46075865
0.46391814
0.46709729
0.47025942
0.47341026
0.47653127
0.47962654
0.48277185
0.48584623
0.48897296
0.49213181
0.49525217
0.49829832
0.50138038
0.50439648
0.50744489
0.51054985
0.51360346
0.51668100
0.51978466
0.52287933
0.52592518
0.52897465
0.53198620
0.53500046
0.53799551
0.54105495
0.54411667
0.54719781
0.55024503
0.55322462
0.55627292
0.55927003
0.56224493
0.56527907
0.56832227
0.57133061
0.57434179
0.57733334
0.58031510
0.58332343
0.58632327
0.58926467
0.59220177
0.59523410
0.59823699
0.60126299
0.60427179
0.60725616
0.61032667
0.61330178
0.61633074
0.61928985
0.62226035
0.62526913
0.62822247
0.63120850
0.63424627
0.63720342
0.64021283
0.64322250
0.64619025
0.64917835
0.65220166
0.65520381
0.65821376
0.66123480
0.66423331
0.66724953
0.67019860
0.67319895
0.67618898
0.67919101
0.68212837
0.68516885
0.68813288
0.69109340
0.69411257
0.69710666
0.70006627
0.70303130
0.70602344
0.70902590
0.71206206
0.71506629
0.71805752
0.72113715
0.72417708
0.72719850
0.73022502
0.73324201
0.73630121
0.73932046
0.74234670
0.74537875
0.74837303
0.75140536
0.75444944
0.75747074
0.76052390
0.76359706
0.76665662
0.76975549
0.77281375
0.77585520
0.77887822
0.78196005
0.78500740
0.78809574
0.79118976
0.79423240
0.79728466
0.80035369
0.80339780
0.80647774
0.80955479
0.81266526
0.81573233
0.81884324
0.82192498
0.82502371
0.82813656
0.83123994
0.83433366
0.83739911
0.84053453
0.84364275
0.84671308
0.84984466
0.85299306
0.85613877
0.85924585
0.86237220
0.86548990
0.86860070
0.87176166
0.87488585
0.87804151
0.88119196
0.88427083
0.88740428
0.89060649
0.89380507
0.89697581
0.90012297
0.90331234
0.90653251
0.90972463
0.91295871
0.91610915
0.91931570
0.92251398
0.92572927
0.92890608
0.93211675
0.93531302
0.93855971
0.94179312
0.94498870
0.94822598
0.95148633
0.95474325
0.95798408
0.96130439
0.96460265
0.96788258
0.97117007
0.97438614
0.97765018
0.98101431
0.98428011
0.98759941
0.99088271
0.99421678
0.99749787
1.0008370
1.0041299
1.0075090
1.0108458
1.0142256
1.0175499
1.0209379
1.0242977
1.0276890
1.0310184
1.0344176
1.0377853
1.0411032
1.0444485
1.0478774
1.0512600
1.0546686
1.0580814
1.0615202
1.0649341
1.0684235
1.0718773
1.0752565
1.0787416
1.0822063
1.0857034
1.0891923
1.0926509
1.0961315
1.0995727
1.1030567
1.1065202
1.1100733
1.1135876
1.1171745
1.1207233
1.1242164
1.1277390
1.1313697
1.1349167
1.1385002
1.1421509
1.1457701
1.1493565
1.1530185
1.1566563
1.1602939
1.1639062
1.1675984
1.1712371
1.1749089
1.1786601
1.1822970
1.1859899
1.1896601
1.1934090
1.1971681
1.2008513
1.2045600
1.2082441
1.2119033
1.2155974
1.2193564
1.2230400
1.2267688
1.2305526
1.2343518
1.2381816
1.2419741
1.2457739
1.2495348
1.2532956
1.2571774
1.2610282
1.2649045
1.2688046
1.2726886
1.2765076
1.2804047
1.2841960
1.2881394
1.2919795
1.2958007
1.2997303
1.3035899
1.3075563
1.3115048
1.3154821
1.3194215
1.3234367
1.3274717
1.3315148
1.3356067
1.3396112
1.3437370
1.3478191
1.3519666
1.3560216
1.3600885
1.3642542
1.3683874
1.3725088
1.3766627
1.3807267
1.3848599
1.3891175
1.3933275
1.3974819
1.4016814
1.4058622
1.4101026
1.4143934
1.4186858
1.4229136
1.4271921
1.4315290
1.4358122
1.4401737
1.4445194
1.4489161
1.4533131
1.4576907
1.4621185
1.4665174
1.4709110
1.4752595
1.4796657
1.4841659
1.4886366
1.4931412
1.4976125
1.5021946
1.5068238
1.5114033
1.5160136
1.5205313
1.5251518
1.5298589
1.5345195
1.5392156
1.5438794
1.5485830
1.5532757
1.5579595
1.5627340
1.5674761
1.5722476
1.5770637
1.5818058
1.5866373
1.5914259
1.5962867
1.6011173
1.6059802
1.6107616
1.6157120
1.6206684
1.6256192
1.6306372
1.6356501
1.6406176
1.6456685
1.6507665
1.6558089
1.6608625
1.6659802
1.6710806
1.6761564
1.6812319
1.6864148
1.6916463
1.6969114
1.7020789
1.7072565
1.7126593
1.7179191
1.7232293
1.7286339
1.7340456
1.7394583
1.7448871
1.7502853
1.7557199
1.7611741
1.7666359
1.7721609
1.7777274
1.7832754
1.7887807
1.7943339
1.7999031
1.8056072
1.8113722
1.8170317
1.8227794
1.8285154
1.8341979
1.8400155
1.8458638
1.8518045
1.8576494
1.8635065
1.8694276
1.8754170
1.8813852
1.8873556
1.8933923
1.8995164
1.9056925
1.9118740
1.9179860
1.9241454
1.9303146
1.9365592
1.9428499
1.9492148
1.9554887
1.9617679
1.9681855
1.9746992
1.9811851
1.9876189
1.9941598
2.0008093
2.0074654
2.0140950
2.0206850
2.0274836
2.0342530
2.0409503
2.0477720
2.0546605
2.0615775
2.0685050
2.0754735
2.0824181
2.0893972
2.0964805
2.1036358
2.1108032
2.1181481
2.1254580
2.1327927
2.1402560
2.1475730
2.1550781
2.1625876
2.1700842
2.1776225
2.1853791
2.1930881
2.2009366
2.2087379
2.2167242
2.2246326
2.2325885
2.2406184
2.2486963
2.2569483
2.2649632
2.2732153
2.2815840
2.2900239
2.2983666
2.3066964
2.3151453
2.3237036
2.3323770
2.3410484
2.3498998
2.3586062
2.3674921
2.3764986
2.3854779
2.3946209
2.4037694
2.4129941
2.4223377
2.4315510
2.4410069
2.4503451
2.4599860
2.4696380
2.4793013
2.4891960
2.4989372
2.5088132
2.5187533
2.5288848
2.5393764
2.5496664
2.5599287
2.5704659
2.5811284
2.5917983
2.6024494
2.6133196
2.6243140
2.6354414
2.6465819
2.6578288
2.6690015
2.6804168
2.6920233
2.7037892
2.7155257
2.7274322
2.7393174
2.7512644
2.7635906
2.7758556
2.7882058
2.8008518
2.8135533
2.8265944
2.8393636
2.8527064
2.8657645
2.8792420
2.8927323
2.9064363
2.9202977
2.9342867
2.9484994
2.9625681
2.9769519
2.9916844
3.0063832
3.0212158
3.0362335
3.0513619
3.0667351
3.0822425
3.0980722
3.1137748
3.1299942
3.1464616
3.1624791
3.1793184
3.1961138
3.2130426
3.2304587
3.2481762
3.2660446
3.2840318
3.3021654
3.3209350
3.3398596
3.3582596
3.3773978
3.3968424
3.4166007
3.4365033
3.4569990
3.4777751
3.4990798
3.5199076
3.5414406
3.5635002
3.5860969
3.6089695
3.6314344
3.6550336
3.6789403
3.7031809
3.7264619
3.7512791
3.7764639
3.8019450
3.8288385
3.8546263
3.8810285
3.9079693
3.9353725
3.9638692
3.9920184
4.0211205
4.0507004
4.0799298
4.1098354
4.1405055
4.1716718
4.2032875
4.2359279
4.2698391
4.3030154
4.3371041
4.3718056
4.4074859
4.4431046
4.4810330
4.5195280
4.5577082
4.5968187
4.6365357
4.6766792
4.7179048
4.7592613
4.8020657
4.8453755
4.8891665
4.9348572
4.9800988
5.0269239
5.0744775
5.1231601
5.1726358
5.2234575
5.2758454
5.3289060
5.3830243
5.4375682
5.4930456
5.5488614
5.6071543
5.6674012
5.7285181
5.7895410
5.8518081
5.9170877
5.9813121
6.0472720
6.1154332
6.1862210
6.2598651
6.3324924
6.4076159
6.4833030
6.5613905
6.6432510
6.7239676
6.8062673
6.8905057
6.9775208
7.0662535
7.1596960
7.2503216
7.3439492
7.4403762
7.5392149
7.6399330
7.7442121
7.8503937
7.9602680
8.0705170
8.1826876
8.3008008
8.4214163
8.5413433
8.6694386
8.8010351
8.9304054
9.0625189
9.1975178
9.3361876
9.4806773
9.6268727
9.7785616
9.9329836
10.090344
10.253056
10.415303
10.587818
10.761709
10.935954
11.115763
11.299706
11.490199
11.681054
11.876108
12.084254
12.289319
12.502479
12.723089
12.944861
13.171452
13.405737
13.646628
13.901863
14.159800
14.421837
14.691432
14.963125
15.244855
15.541580
15.839301
16.144158
16.450819
16.761570
17.077309
17.400449
17.729714
18.078104
18.429993
18.792438
19.172193
19.557573
19.944019
20.345159
20.763307
21.179085
21.613767
22.058849
22.523001
22.989908
23.465778
23.947490
24.457678
24.973426
25.499289
26.033236
26.594368
27.170770
27.750664
28.359871
28.964769
29.578582
30.221970
30.875339
31.545448
32.241492
32.965183
33.710075
34.483223
35.267946
36.081899
36.908045
37.743740
38.591635
39.439762
40.335108
41.240563
42.183927
43.154751
44.142428
45.160866
46.202457
47.264160
48.364299
49.475940
50.628191
51.833926
53.073215
54.339671
55.610405
56.910945
58.237419
59.640969
61.039566
62.496586
63.997646
65.564869
67.135539
68.753908
70.400194
72.090459
73.836346
75.590049
77.407592
79.249778
81.110724
83.017363
84.983412
86.997065
89.021215
91.095551
93.161780
95.331082
97.567925
99.856434
102.13675
104.47883
106.88017
109.34743
111.86343
114.42978
117.02464
119.68940
122.34547
125.00096
127.68201
130.37115
133.19081
136.09640
138.97971
141.90352
144.88700
147.94927
150.91324
154.04920
157.25011
160.46475
163.67891
166.86636
170.12194
173.44496
176.87935
180.33871
183.80083
187.20723
190.66715
194.18434
197.80403
201.65760
205.42028
209.21717
213.10632
217.02247
220.91560
224.71492
228.66480
232.66307
236.69918
240.66045
244.59624
248.58493
252.67907
256.85594
261.18781
265.49415
270.03812
274.45900
279.03147
283.65467
288.38564
293.24321
298.06120
302.90573
307.76054
312.74167
317.88804
323.16977
328.33079
333.51353
338.72640
343.92849
349.27948
354.89434
360.55532
366.26432
372.21215
377.99673
383.85795
389.55238
395.12511
400.86768
406.76057
412.63484
418.36022
424.19866
430.15009
436.39021
442.70364
448.85817
455.11255
461.36292
467.56393
473.73354
479.75232
485.77885
491.82719
497.83972
504.42147
511.11899
517.73699
524.31810
531.03603
537.93780
545.16933
552.39086
559.80014
567.25844
574.71719
582.03339
589.59577
597.16980
604.66207
612.50306
619.56995
626.69103
634.69874
642.23243
650.12051
658.34354
666.91326
674.95539
683.15172
691.44497
700.09351
708.87044
717.72079
726.73550
735.59877
744.66432
753.13675
761.82383
771.16684
780.45940
789.73571
799.00845
808.58822
818.16703
828.22191
838.43072
848.71439
859.07004
868.95582
879.11319
890.00162
900.66713
911.20199
922.64479
933.96957
945.98322
957.96956
970.70905
984.17917
997.57146
1010.8813
1024.7367
1039.4862
1054.0363
1069.4462
1086.2882
1105.0350
1124.2872
1143.3951
1164.6171
1186.5959
1210.3406
1237.2998
1265.2804
1296.3526
1327.5994
1359.6290
1397.1506
1442.8560
1497.2228
1576.8785
1681.6745
1892.0336
