0.15861717
0.20475519
0.23672834
0.26252688
0.28439748
0.30399354
0.32147863
0.33774845
0.35297856
0.36725654
0.38074129
0.39370706
0.40615691
0.41816579
0.42979158
0.44091343
0.45164705
0.46223603
0.47255825
0.48258770
0.49232747
0.50170909
0.51128133
0.52060858
0.52970222
0.53852194
0.54717192
0.55561034
0.56406624
0.57234278
0.58033235
0.58834228
0.59635110
0.60419169
0.61187935
0.61954093
0.62704788
0.63442695
0.64175131
0.64910088
0.65635691
0.66363209
0.67086808
0.67814221
0.68511237
0.69204550
0.69898735
0.70588889
0.71271629
0.71949969
0.72624287
0.73300926
0.73965183
0.74631152
0.75292913
0.75944204
0.76575606
0.77218610
0.77861800
0.78507905
0.79144530
0.79786549
0.80418592
0.81045340
0.81668362
0.82285320
0.82901935
0.83524778
0.84145131
0.84753530
0.85362761
0.85976875
0.86581141
0.87170989
0.87775037
0.88371305
0.88985067
0.89575277
0.90166434
0.90758166
0.91338526
0.91913089
0.92499766
0.93082362
0.93669042
0.94255835
0.94836754
0.95417128
0.95987791
0.96562321
0.97133304
0.97706764
0.98260948
0.98838801
0.99403338
0.99973697
1.0054354
1.0110776
1.0168196
1.0224304
1.0280599
1.0336730
1.0392089
1.0448370
1.0504466
1.0560777
1.0617556
1.0671767
1.0727607
1.0782269
1.0837557
1.0893040
1.0947624
1.1002546
1.1057028
1.1111846
1.1165910
1.1220166
1.1274503
1.1328865
1.1382817
1.1436377
1.1489548
1.1543580
1.1597512
1.1651417
1.1705062
1.1758640
1.1812645
1.1866729
1.1921045
1.1975096
1.2028557
1.2081941
1.2135504
1.2188930
1.2243071
1.2296138
1.2349379
1.2401913
1.2454092
1.2507883
1.2561115
1.2613179
1.2666201
1.2719066
1.2772629
1.2824692
1.2878329
1.2931476
1.2983839
1.3036519
1.3089321
1.3142274
1.3195752
1.3248722
1.3301320
1.3354003
1.3406691
1.3459458
1.3511914
1.3564282
1.3617120
1.3669073
1.3721751
1.3773829
1.3826707
1.3878857
1.3930582
1.3982532
1.4035261
1.4088445
1.4141293
1.4194540
1.4245834
1.4298613
1.4350659
1.4403470
1.4456307
1.4509100
1.4561768
1.4614331
1.4667245
1.4720052
1.4772817
1.4824008
1.4876896
1.4928262
1.4980743
1.5033773
1.5086219
1.5138267
1.5190333
1.5243223
1.5295101
1.5347410
1.5400074
1.5452908
1.5505644
1.5558435
1.5611107
1.5663404
1.5715435
1.5768529
1.5820995
1.5873975
1.5926849
1.5979103
1.6030749
1.6083463
1.6136183
1.6189020
1.6241403
1.6293572
1.6346781
1.6398964
1.6451504
1.6504685
1.6557414
1.6610339
1.6663413
1.6715713
1.6767016
1.6819427
1.6871203
1.6923942
1.6976363
1.7028630
1.7082178
1.7135571
1.7188547
1.7241375
1.7294763
1.7348244
1.7401724
1.7454745
1.7506961
1.7561166
1.7613153
1.7666844
1.7719892
1.7773198
1.7826418
1.7879121
1.7931839
1.7984980
1.8037789
1.8091068
1.8144103
1.8197178
1.8250592
1.8304316
1.8357937
1.8410820
1.8464207
1.8515904
1.8569433
1.8622690
1.8676743
1.8730533
1.8784581
1.8837677
1.8890411
1.8944155
1.8997093
1.9050657
1.9104103
1.9159895
1.9213134
1.9267210
1.9320501
1.9374564
1.9428600
1.9483122
1.9537072
1.9591999
1.9645355
1.9699803
1.9753596
1.9807767
1.9862218
1.9917164
1.9971407
2.0026182
2.0079686
2.0134636
2.0188786
2.0242076
2.0295366
2.0349393
2.0403419
2.0458403
2.0512083
2.0567296
2.0622019
2.0677362
2.0731228
2.0785755
2.0840977
2.0895958
2.0951094
2.1005686
2.1060539
2.1115854
2.1170469
2.1225492
2.1280737
2.1335713
2.1392024
2.1447039
2.1501441
2.1556505
2.1612332
2.1668132
2.1722577
2.1776772
2.1831039
2.1885567
2.1941286
2.1995757
2.2051724
2.2107328
2.2162358
2.2217347
2.2272846
2.2328432
2.2384686
2.2439468
2.2494971
2.2550683
2.2607356
2.2663087
2.2718057
2.2773789
2.2829713
2.2885617
2.2941982
2.2997517
2.3053003
2.3108774
2.3165165
2.3221912
2.3278008
2.3333721
2.3390504
2.3446160
2.3503908
2.3559762
2.3616654
2.3673273
2.3729878
2.3785094
2.3840928
2.3898380
2.3955658
2.4012240
2.4068306
2.4125237
2.4182824
2.4238561
2.4294190
2.4351371
2.4407549
2.4465065
2.4522350
2.4579133
2.4636904
2.4693136
2.4750756
2.4808267
2.4865490
2.4923241
2.4979597
2.5036929
2.5094886
2.5152320
2.5210013
2.5268402
2.5325308
2.5382892
2.5440192
2.5498581
2.5555999
2.5613584
2.5671149
2.5729225
2.5786586
2.5845071
2.5902656
2.5960350
2.6018367
2.6076476
2.6135118
2.6192884
2.6250272
2.6309330
2.6367686
2.6426522
2.6485254
2.6544020
2.6602209
2.6661457
2.6719484
2.6778397
2.6836707
2.6895696
2.6954243
2.7013735
2.7072774
2.7131953
2.7191025
2.7251384
2.7310360
2.7370052
2.7429765
2.7488590
2.7547502
2.7607187
2.7666327
2.7724932
2.7784421
2.7843658
2.7902413
2.7962214
2.8021432
2.8080276
2.8139382
2.8199248
2.8259960
2.8319821
2.8379281
2.8438243
2.8498394
2.8558183
2.8617977
2.8677793
2.8737489
2.8798132
2.8857022
2.8917101
2.8977850
2.9038879
2.9100211
2.9161418
2.9221150
2.9281943
2.9342872
2.9402682
2.9464204
2.9525622
2.9587684
2.9648872
2.9709437
2.9770991
2.9831890
2.9893001
2.9954256
3.0016434
3.0078977
3.0139675
3.0200607
3.0262153
3.0325128
3.0386966
3.0448783
3.0510595
3.0571483
3.0633893
3.0695358
3.0756815
3.0818052
3.0879311
3.0940891
3.1002174
3.1064025
3.1126148
3.1187705
3.1249659
3.1311302
3.1373346
3.1435896
3.1498549
3.1562014
3.1624945
3.1687399
3.1749287
3.1811878
3.1874197
3.1936901
3.2000192
3.2063188
3.2127270
3.2189767
3.2253192
3.2314942
3.2378367
3.2440936
3.2504001
3.2566811
3.2630573
3.2693718
3.2757638
3.2821586
3.2885686
3.2949115
3.3012588
3.3075991
3.3139032
3.3202483
3.3266759
3.3329459
3.3393721
3.3458527
3.3522945
3.3587556
3.3652250
3.3715903
3.3780149
3.3844282
3.3908301
3.3972710
3.4038012
3.4101487
3.4165580
3.4230896
3.4295721
3.4360155
3.4424151
3.4489647
3.4554601
3.4619092
3.4682211
3.4747587
3.4812102
3.4877427
3.4942475
3.5006419
3.5072563
3.5137662
3.5202655
3.5268245
3.5335169
3.5401610
3.5467122
3.5532864
3.5597891
3.5664229
3.5729292
3.5794761
3.5860745
3.5926675
3.5992672
3.6058942
3.6124702
3.6190564
3.6256893
3.6322273
3.6387632
3.6454617
3.6521581
3.6587834
3.6654238
3.6719944
3.6786244
3.6854223
3.6921853
3.6987622
3.7053975
3.7120567
3.7188292
3.7255420
3.7323232
3.7389348
3.7457465
3.7523338
3.7591383
3.7660230
3.7727589
3.7795579
3.7863465
3.7931419
3.7998642
3.8065703
3.8133027
3.8200627
3.8268853
3.8336500
3.8404705
3.8473296
3.8541481
3.8609717
3.8677158
3.8746911
3.8815229
3.8882335
3.8949943
3.9018660
3.9086294
3.9155215
3.9223001
3.9290907
3.9358459
3.9426643
3.9495843
3.9564782
3.9633919
3.9702534
3.9772138
3.9841342
3.9910133
3.9979267
4.0049232
4.0118624
4.0187892
4.0257071
4.0327078
4.0396833
4.0467038
4.0536085
4.0607274
4.0677321
4.0747737
4.0818010
4.0888472
4.0959154
4.1028217
4.1099479
4.1171459
4.1242828
4.1314162
4.1384655
4.1455279
4.1525900
4.1595421
4.1666679
4.1737672
4.1809264
4.1879461
4.1950351
4.2020199
4.2089070
4.2161489
4.2232451
4.2303306
4.2374119
4.2444590
4.2516411
4.2587943
4.2660740
4.2731568
4.2803681
4.2875209
4.2946948
4.3019196
4.3091892
4.3164522
4.3235665
4.3307679
4.3380398
4.3453478
4.3525201
4.3598436
4.3670865
4.3743874
4.3816553
4.3890198
4.3963557
4.4036174
4.4109611
4.4181433
4.4254844
4.4328687
4.4402600
4.4476214
4.4550379
4.4623992
4.4696699
4.4770430
4.4843511
4.4917609
4.4991792
4.5065121
4.5137784
4.5211466
4.5284937
4.5358704
4.5432794
4.5506376
4.5580383
4.5653710
4.5728118
4.5802430
4.5876421
4.5951285
4.6025278
4.6100941
4.6173904
4.6249007
4.6324316
4.6398221
4.6473049
4.6548048
4.6623029
4.6698530
4.6773491
4.6848669
4.6923492
4.6998622
4.7072921
4.7147997
4.7222656
4.7299080
4.7373258
4.7448264
4.7524033
4.7600399
4.7674366
4.7750670
4.7826837
4.7902177
4.7979541
4.8055261
4.8131843
4.8208423
4.8283852
4.8358917
4.8435029
4.8510676
4.8588795
4.8666142
4.8743109
4.8818585
4.8896075
4.8973946
4.9050899
4.9129810
4.9208804
4.9285599
4.9364252
4.9441150
4.9518552
4.9595770
4.9672612
4.9750837
4.9828646
4.9906868
4.9984401
5.0062486
5.0139901
5.0219058
5.0298097
5.0375319
5.0453978
5.0532692
5.0610029
5.0688996
5.0768760
5.0848164
5.0926702
5.1004909
5.1083647
5.1162414
5.1241655
5.1319203
5.1398547
5.1478799
5.1556896
5.1635460
5.1714996
5.1793172
5.1873810
5.1953425
5.2032845
5.2113147
5.2192529
5.2272212
5.2354788
5.2434757
5.2516335
5.2596849
5.2677665
5.2757228
5.2837361
5.2917510
5.2998134
5.3078493
5.3159035
5.3239235
5.3319948
5.3401109
5.3479760
5.3561251
5.3642034
5.3724089
5.3804819
5.3886315
5.3968615
5.4050826
5.4132778
5.4215090
5.4295649
5.4378545
5.4460538
5.4541596
5.4622839
5.4704945
5.4786630
5.4867673
5.4949136
5.5029352
5.5111307
5.5193329
5.5275995
5.5359319
5.5441654
5.5524118
5.5607085
5.5689610
5.5773396
5.5856785
5.5940366
5.6023540
5.6107388
5.6189996
5.6273222
5.6356411
5.6439061
5.6521176
5.6605162
5.6689280
5.6773339
5.6857665
5.6943789
5.7026474
5.7110551
5.7194528
5.7278554
5.7362363
5.7446790
5.7530443
5.7615343
5.7698888
5.7782518
5.7867426
5.7951856
5.8034518
5.8119669
5.8204301
5.8289837
5.8373460
5.8458198
5.8543202
5.8628461
5.8714069
5.8800353
5.8886006
5.8971942
5.9059073
5.9144818
5.9230880
5.9316150
5.9401925
5.9487173
5.9572941
5.9659413
5.9744350
5.9828602
5.9917424
6.0002966
6.0087514
6.0175691
6.0261679
6.0348877
6.0436389
6.0522063
6.0608343
6.0695865
6.0781554
6.0868323
6.0956531
6.1044592
6.1132144
6.1219288
6.1305730
6.1392177
6.1479415
6.1567222
6.1655698
6.1742758
6.1831876
6.1919168
6.2007832
6.2096100
6.2185066
6.2272560
6.2360719
6.2449244
6.2537478
6.2625129
6.2712201
6.2800147
6.2888459
6.2976770
6.3067362
6.3156761
6.3246585
6.3336191
6.3425356
6.3515632
6.3603950
6.3692138
6.3781547
6.3871648
6.3962194
6.4052558
6.4141533
6.4232996
6.4325018
6.4414433
6.4503836
6.4593352
6.4683789
6.4773799
6.4864049
6.4956324
6.5047593
6.5138827
6.5229606
6.5321838
6.5413610
6.5503210
6.5593504
6.5682942
6.5776325
6.5868900
6.5960134
6.6051659
6.6142400
6.6231784
6.6322499
6.6413983
6.6503496
6.6594523
6.6684124
6.6775195
6.6867047
6.6958918
6.7050861
6.7142932
6.7236430
6.7329322
6.7421393
6.7514479
6.7607056
6.7699303
6.7791771
6.7884587
6.7977965
6.8071843
6.8166617
6.8259713
6.8352904
6.8447609
6.8541177
6.8634599
6.8727308
6.8820320
6.8914309
6.9009132
6.9101872
6.9196031
6.9288670
6.9383786
6.9478319
6.9572906
6.9667236
6.9761903
6.9857899
6.9952834
7.0047770
7.0143622
7.0238998
7.0333002
7.0429023
7.0524038
7.0619840
7.0716692
7.0811596
7.0907755
7.1002766
7.1097556
7.1190534
7.1285927
7.1381162
7.1476267
7.1573766
7.1669228
7.1765496
7.1860880
7.1958941
7.2054880
7.2152670
7.2250198
7.2349190
7.2446038
7.2542979
7.2639578
7.2737953
7.2836336
7.2934702
7.3031797
7.3130347
7.3227629
7.3325439
7.3423908
7.3522056
7.3619330
7.3717915
7.3816767
7.3914992
7.4012155
7.4109428
7.4208930
7.4307452
7.4406242
7.4504170
7.4603305
7.4700795
7.4799330
7.4896521
7.4996167
7.5094164
7.5192166
7.5291133
7.5390984
7.5490194
7.5589245
7.5687554
7.5788452
7.5889916
7.5990760
7.6089906
7.6190333
7.6291207
7.6391384
7.6489036
7.6590225
7.6690682
7.6792094
7.6893714
7.6996523
7.7097276
7.7199952
7.7299650
7.7400417
7.7501542
7.7601839
7.7703357
7.7805672
7.7907076
7.8009020
7.8111665
7.8213042
7.8315796
7.8417621
7.8520686
7.8622835
7.8723675
7.8824549
7.8925953
7.9029775
7.9134136
7.9236838
7.9340070
7.9442616
7.9547126
7.9649064
7.9752612
7.9857045
7.9959493
8.0061816
8.0163563
8.0265412
8.0371270
8.0475292
8.0579600
8.0682814
8.0788017
8.0893457
8.0997545
8.1101603
8.1205698
8.1307919
8.1413159
8.1516613
8.1621879
8.1725143
8.1829524
8.1933837
8.2036911
8.2142986
8.2246973
8.2352601
8.2457534
8.2561685
8.2669349
8.2775554
8.2881647
8.2986825
8.3093881
8.3199243
8.3304658
8.3412756
8.3517877
8.3624337
8.3730806
8.3839144
8.3946343
8.4052421
8.4159165
8.4267812
8.4375676
8.4482343
8.4590640
8.4698729
8.4806745
8.4914640
8.5022983
8.5131003
8.5238205
8.5346302
8.5454727
8.5561453
8.5670168
8.5778283
8.5886180
8.5992972
8.6101091
8.6209144
8.6316933
8.6426181
8.6538215
8.6648099
8.6756266
8.6863732
8.6973318
8.7082533
8.7190818
8.7300236
8.7408474
8.7516409
8.7627233
8.7737554
8.7848436
8.7959298
8.8069084
8.8179810
8.8289444
8.8402086
8.8514882
8.8625566
8.8736150
8.8846552
8.8957465
8.9068682
8.9178559
8.9289766
8.9400529
8.9509461
8.9620608
8.9733358
8.9844641
8.9956694
9.0068363
9.0180727
9.0293326
9.0405106
9.0517169
9.0627973
9.0739218
9.0850901
9.0962250
9.1075623
9.1187105
9.1300564
9.1412214
9.1524967
9.1638143
9.1751618
9.1863031
9.1978147
9.2092837
9.2206040
9.2319501
9.2433989
9.2544921
9.2660176
9.2774483
9.2889148
9.2999029
9.3113356
9.3226402
9.3341121
9.3455970
9.3573176
9.3688045
9.3801626
9.3915683
9.4033114
9.4150257
9.4266780
9.4382191
9.4497334
9.4611585
9.4728075
9.4843612
9.4961021
9.5077269
9.5193432
9.5309470
9.5425540
9.5540382
9.5655040
9.5770981
9.5888931
9.6006503
9.6122045
9.6238474
9.6356321
9.6472052
9.6589269
9.6709221
9.6826629
9.6946295
9.7066013
9.7183233
9.7300457
9.7417974
9.7535608
9.7651978
9.7771572
9.7890135
9.8010531
9.8129089
9.8248194
9.8366599
9.8486451
9.8605126
9.8724986
9.8843433
9.8963544
9.9082953
9.9201476
9.9320550
9.9439165
9.9558866
9.9677275
9.9796653
9.9916112
10.003684
10.015617
10.027720
10.039819
10.051952
10.063878
10.075742
10.087878
10.100126
10.112096
10.124284
10.136333
10.148404
10.160952
10.172858
10.185189
10.197190
10.209433
10.221456
10.233493
10.245709
10.257966
10.270409
10.282720
10.295018
10.307210
10.319525
10.331769
10.344014
10.356225
10.368424
10.380855
10.393096
10.405550
10.417915
10.430354
10.442690
10.455004
10.467195
10.479725
10.492186
10.504579
10.517075
10.529515
10.542151
10.554687
10.567118
10.579795
10.592385
10.604999
10.617499
10.630233
10.642714
10.655487
10.668043
10.680675
10.693411
10.706121
10.718962
10.731626
10.744067
10.756712
10.769338
10.782067
10.794918
10.807743
10.820340
10.833027
10.845983
10.858791
10.871627
10.884184
10.897066
10.909920
10.922767
10.935681
10.948347
10.961503
10.974377
10.987184
11.000078
11.012932
11.025775
11.038817
11.051804
11.064719
11.077743
11.090837
11.103811
11.116572
11.129543
11.142375
11.155295
11.168313
11.181229
11.194087
11.207067
11.220004
11.233372
11.246385
11.259275
11.272272
11.285313
11.298553
11.311327
11.324629
11.337921
11.351148
11.364419
11.377647
11.390728
11.403708
11.416909
11.430089
11.443473
11.456789
11.469948
11.483079
11.496354
11.509629
11.523348
11.536719
11.550268
11.563627
11.576938
11.590636
11.603920
11.617434
11.630808
11.643978
11.657427
11.670670
11.684423
11.698085
11.711598
11.725024
11.738554
11.752004
11.765514
11.779037
11.792773
11.806259
11.819653
11.833067
11.846516
11.859847
11.873532
11.887194
11.900960
11.914466
11.928048
11.941753
11.955222
11.968459
11.982311
11.996242
12.009968
12.023842
12.037643
12.051631
12.065399
12.079110
12.093067
12.106842
12.120819
12.134869
12.148773
12.162627
12.176579
12.190565
12.204254
12.218270
12.232205
12.246426
12.260363
12.274364
12.288483
12.302404
12.316184
12.330098
12.343896
12.358156
12.372070
12.386176
12.400265
12.414342
12.428325
12.442631
12.456496
12.470666
12.485029
12.499042
12.513041
12.527349
12.541673
12.555872
12.570005
12.584153
12.598430
12.612675
12.626956
12.641498
12.655942
12.670381
12.684562
12.698600
12.713360
12.727723
12.741876
12.756469
12.770728
12.785250
12.799857
12.814140
12.828382
12.842856
12.857372
12.871831
12.886313
12.900724
12.915336
12.929783
12.944224
12.958625
12.973340
12.987855
13.002549
13.017065
13.031622
13.046162
13.060789
13.075360
13.090069
13.104633
13.119246
13.133925
13.148609
13.163306
13.178113
13.192748
13.207379
13.222108
13.236966
13.251547
13.266215
13.281117
13.295789
13.310680
13.325691
13.340639
13.355412
13.370507
13.385460
13.400636
13.415355
13.430332
13.445316
13.460227
13.475220
13.490308
13.505464
13.520743
13.535849
13.550599
13.565857
13.580668
13.595763
13.610763
13.625955
13.641220
13.656350
13.671353
13.686646
13.701553
13.716741
13.731730
13.746854
13.761762
13.777029
13.792360
13.807440
13.822596
13.837890
13.853234
13.868333
13.883859
13.899190
13.914217
13.929878
13.945088
13.960401
13.976030
13.991124
14.006571
14.022513
14.038245
14.053714
14.069044
14.084389
14.099979
14.115598
14.131043
14.146413
14.161718
14.177355
14.192848
14.208414
14.224033
14.239748
14.255563
14.271336
14.287097
14.302786
14.318245
14.333842
14.349525
14.365148
14.380830
14.396409
14.412034
14.427625
14.443551
14.459494
14.475218
14.491418
14.506912
14.522853
14.538430
14.554094
14.569841
14.585628
14.601533
14.617467
14.633686
14.649651
14.665649
14.681751
14.697859
14.713836
14.729846
14.745845
14.761952
14.777798
14.793791
14.809833
14.826011
14.842231
14.858101
14.874268
14.890312
14.906769
14.923204
14.939278
14.955421
14.971832
14.988066
15.004231
15.020403
15.036871
15.053111
15.069785
15.086172
15.102690
15.119338
15.135824
15.152154
15.168618
15.184956
15.201381
15.217875
15.234341
15.250777
15.267108
15.283392
15.300005
15.316312
15.332536
15.348968
15.365862
15.382422
15.398827
15.415303
15.431940
15.448724
15.465222
15.481850
15.498475
15.515338
15.532057
15.549034
15.565685
15.582198
15.599083
15.615666
15.632304
15.649204
15.666067
15.682521
15.699263
15.716101
15.732969
15.750089
15.767150
15.783694
15.800773
15.817612
15.834569
15.851685
15.868373
15.885221
15.902040
15.919211
15.936410
15.953290
15.970471
15.987650
16.004944
16.022272
16.039205
16.056228
16.073420
16.090506
16.107610
16.124855
16.141895
16.158942
16.176257
16.193132
16.210604
16.227712
16.244906
16.262113
16.279648
16.296865
16.314083
16.331367
16.348728
16.366470
16.383937
16.400917
16.418289
16.435941
16.453750
16.471344
16.489028
16.506266
16.523893
16.541361
16.558965
16.576452
16.593854
16.611729
16.629223
16.647033
16.664317
16.681989
16.700033
16.717824
16.735700
16.753218
16.770995
16.788630
16.806421
16.824177
16.842294
16.860235
16.878594
16.896462
16.914413
16.932481
16.950622
16.968470
16.986641
17.004929
17.022812
17.040610
17.058495
17.076519
17.095002
17.112931
17.130943
17.148965
17.166939
17.185229
17.203375
17.221295
17.239496
17.257569
17.275673
17.294061
17.312055
17.330122
17.348165
17.366569
17.384882
17.403121
17.421271
17.439487
17.457725
17.476059
17.494585
17.513135
17.531756
17.550116
17.568573
17.587203
17.606012
17.624528
17.643101
17.661735
17.680281
17.698913
17.717652
17.736210
17.754902
17.773816
17.792332
17.810925
17.829563
17.848038
17.866731
17.885175
17.903787
17.922572
17.941508
17.960213
17.978885
17.997835
18.016639
18.035761
18.054600
18.073428
18.092254
18.111368
18.129537
18.148631
18.167708
18.186669
18.205737
18.224527
18.243879
18.262475
18.281386
18.300476
18.319382
18.338646
18.357639
18.376893
18.395814
18.414765
18.433817
18.453305
18.472713
18.491945
18.511049
18.530699
18.550124
18.569646
18.588810
18.607803
18.627188
18.646302
18.665615
18.685385
18.704646
18.723768
18.743222
18.762532
18.781995
18.801227
18.820443
18.839958
18.859285
18.878448
18.897937
18.917186
18.936738
18.956122
18.975665
18.995241
19.014782
19.034404
19.054214
19.073569
19.093066
19.113053
19.132507
19.152211
19.171807
19.191958
19.211810
19.231584
19.251575
19.271377
19.291201
19.311163
19.331470
19.351351
19.371484
19.391088
19.410808
19.430656
19.450759
19.470533
19.490463
19.510426
19.530515
19.550689
19.570960
19.591131
19.611060
19.631069
19.650958
19.670946
19.690929
19.711407
19.731465
19.751581
19.772095
19.792398
19.812869
19.833130
19.853634
19.874151
19.894467
19.914720
19.935338
19.955880
19.976647
19.997499
20.018161
20.038562
20.058960
20.079659
20.100462
20.120942
20.141371
20.161743
20.182776
20.203347
20.223892
20.244846
20.265536
20.286608
20.307441
20.328523
20.349560
20.369992
20.390820
20.411788
20.432490
20.453267
20.474133
20.494700
20.515794
20.536827
20.557674
20.578211
20.599229
20.620094
20.640892
20.661792
20.682948
20.704155
20.725571
20.746867
20.768238
20.789361
20.810470
20.832194
20.853293
20.874551
20.895794
20.916828
20.938263
20.959737
20.980970
21.002474
21.023693
21.045204
21.066466
21.088212
21.109431
21.130887
21.152302
21.173868
21.195507
21.216990
21.238181
21.259381
21.280470
21.302337
21.324002
21.345404
21.366892
21.389022
21.411092
21.432777
21.454493
21.476185
21.497904
21.519675
21.541468
21.563379
21.585073
21.606635
21.628780
21.650707
21.672419
21.694552
21.716140
21.738209
21.760168
21.782245
21.804237
21.826678
21.848990
21.871377
21.893454
21.915600
21.937818
21.959972
21.981822
22.003922
22.025784
22.047957
22.070311
22.092542
22.114795
22.137439
22.159759
22.182076
22.204130
22.226954
22.249474
22.271788
22.294290
22.316611
22.338955
22.361562
22.383939
22.406442
22.428948
22.451476
22.473821
22.496317
22.519030
22.541712
22.564701
22.587318
22.609994
22.632764
22.655431
22.678614
22.701393
22.724628
22.747501
22.770362
22.793648
22.816393
22.839070
22.862278
22.885221
22.908175
22.930881
22.954162
22.977257
23.000427
23.023603
23.046234
23.069078
23.092311
23.115491
23.139091
23.162001
23.185723
23.208868
23.231749
23.255317
23.278206
23.301898
23.325211
23.348441
23.371383
23.394593
23.418191
23.441568
23.464972
23.488383
23.511883
23.535150
23.558532
23.582245
23.605591
23.629060
23.652648
23.676293
23.700030
23.723844
23.747508
23.771690
23.795141
23.819012
23.842727
23.866307
23.890083
23.913901
23.937923
23.962015
23.986119
24.009857
24.033510
24.057503
24.081498
24.105294
24.128886
24.153075
24.177341
24.201422
24.225780
24.249971
24.274293
24.298793
24.323030
24.347045
24.371023
24.395267
24.419341
24.443616
24.467967
24.492620
24.516709
24.541115
24.565456
24.589659
24.614147
24.638484
24.662969
24.687488
24.712113
24.736595
24.761334
24.786018
24.810547
24.834842
24.859273
24.883460
24.908177
24.932846
24.958314
24.982817
25.007851
25.032667
25.057550
25.082064
25.107229
25.131915
25.157015
25.181978
25.206742
25.232113
25.257032
25.281961
25.306747
25.331464
25.356607
25.381963
25.407090
25.432135
25.458008
25.483279
25.508607
25.534291
25.559588
25.584868
25.610127
25.635667
25.661370
25.686785
25.712110
25.737570
25.762946
25.788591
25.813659
25.838900
25.864569
25.890128
25.916227
25.941754
25.967245
25.993152
26.018705
26.044209
26.069357
26.095174
26.121103
26.146748
26.171881
26.197858
26.223791
26.249868
26.275380
26.301322
26.327322
26.352747
26.378336
26.404705
26.430543
26.456360
26.482387
26.507683
26.533489
26.559419
26.585487
26.611810
26.638075
26.663632
26.689886
26.716206
26.742721
26.768872
26.794859
26.821245
26.847681
26.874016
26.900217
26.926806
26.953030
26.979325
27.005642
27.032045
27.058404
27.085202
27.111669
27.138240
27.165029
27.191548
27.218492
27.245397
27.272661
27.299592
27.326326
27.353014
27.379562
27.406440
27.433275
27.460135
27.486909
27.513989
27.541049
27.567719
27.594544
27.621934
27.648804
27.676147
27.703207
27.730085
27.757328
27.784827
27.811714
27.838994
27.866653
27.893870
27.920667
27.947658
27.974699
28.002181
28.029809
28.056994
28.084395
28.111780
28.139423
28.166690
28.194116
28.221615
28.249227
28.276493
28.304018
28.331783
28.359446
28.387075
28.414830
28.442291
28.469702
28.497371
28.525167
28.553187
28.581338
28.608633
28.635905
28.663358
28.691110
28.719043
28.747256
28.775456
28.803286
28.831205
28.859398
28.887728
28.915640
28.944111
28.972610
29.000630
29.028566
29.056902
29.085215
29.113735
29.141886
29.170583
29.198791
29.227297
29.255271
29.283264
29.311631
29.340035
29.368588
29.396767
29.425550
29.454868
29.483974
29.512812
29.541505
29.570425
29.599015
29.627677
29.656168
29.684895
29.713730
29.742678
29.771651
29.800800
29.829476
29.858238
29.887325
29.915932
29.945323
29.973829
30.003159
30.032202
30.060879
30.089669
30.119113
30.148530
30.177723
30.207060
30.235913
30.265008
30.294458
30.323708
30.352357
30.381568
30.410844
30.440735
30.469639
30.498946
30.528844
30.558202
30.587878
30.617225
30.646789
30.676413
30.705992
30.735872
30.766212
30.796559
30.826648
30.857006
30.886534
30.916580
30.946145
30.975840
31.006063
31.036010
31.066082
31.096085
31.126358
31.156960
31.186778
31.216524
31.246273
31.275954
31.306205
31.336420
31.366125
31.396846
31.427154
31.457585
31.487757
31.518230
31.548576
31.579094
31.608848
31.639038
31.668928
31.699540
31.730009
31.760926
31.791526
31.822531
31.852404
31.882787
31.913936
31.944642
31.975217
32.006017
32.036501
32.066899
32.097896
32.128956
32.159844
32.190842
32.221850
32.252962
32.284257
32.315031
32.346158
32.377245
32.408671
32.439550
32.470996
32.502235
32.533433
32.564766
32.596631
32.628266
32.659962
32.691560
32.723018
32.754211
32.785567
32.817046
32.849180
32.880350
32.912506
32.943888
32.975384
33.007117
33.038820
33.070633
33.102856
33.134906
33.167124
33.199658
33.231582
33.263330
33.295332
33.327413
33.359799
33.391691
33.423567
33.455496
33.487623
33.519770
33.551350
33.583346
33.616116
33.648480
33.681423
33.713951
33.745823
33.777746
33.810372
33.842520
33.874744
33.907144
33.939989
33.972548
34.005072
34.037818
34.070496
34.102861
34.136298
34.169523
34.202088
34.234522
34.267385
34.300202
34.333533
34.366741
34.399763
34.432936
34.465469
34.498355
34.531337
34.564246
34.597557
34.631348
34.664717
34.698497
34.731803
34.765087
34.798468
34.831551
34.865312
34.898881
34.932128
34.965422
34.998892
35.032421
35.066378
35.099833
35.134026
35.167886
35.201625
35.235239
35.268638
35.302191
35.336182
35.369777
35.403899
35.437735
35.471930
35.505793
35.540241
35.574259
35.607768
35.641900
35.675569
35.709487
35.743605
35.777965
35.812093
35.846596
35.880475
35.914998
35.949206
35.983531
36.017638
36.051370
36.085728
36.121116
36.155826
36.189952
36.224236
36.258534
36.292362
36.327272
36.362312
36.396825
36.431695
36.466228
36.501090
36.536153
36.570665
36.605931
36.640717
36.675809
36.711130
36.746552
36.781789
36.816008
36.850889
36.886048
36.921098
36.956498
36.992041
37.027867
37.063100
37.098019
37.133018
37.168652
37.204169
37.239875
37.275465
37.310500
37.345690
37.381300
37.417051
37.453626
37.488701
37.524609
37.560247
37.595776
37.631394
37.667130
37.703316
37.739894
37.775761
37.811687
37.847825
37.883659
37.919541
37.955244
37.991273
38.027730
38.063695
38.099922
38.136420
38.173602
38.210018
38.246472
38.283407
38.320177
38.356936
38.393376
38.430039
38.466734
38.503370
38.539783
38.576372
38.613096
38.649698
38.686307
38.722993
38.759806
38.796717
38.832855
38.869405
38.905888
38.942124
38.979433
39.016481
39.053593
39.090793
39.128162
39.165541
39.202375
39.239749
39.275932
39.312869
39.350517
39.387858
39.424903
39.462287
39.500036
39.537102
39.574929
39.611890
39.649530
39.687071
39.725261
39.762774
39.800699
39.838707
39.876352
39.914587
39.952549
39.990539
40.028307
40.065997
40.104625
40.142094
40.181480
40.219359
40.256918
40.295215
40.333543
40.371171
40.409260
40.447724
40.486542
40.524733
40.562589
40.601519
40.640057
40.678251
40.716205
40.754753
40.792866
40.831722
40.870238
40.908853
40.947052
40.985291
41.024311
41.063726
41.103483
41.142885
41.181665
41.220949
41.260637
41.300012
41.339476
41.378439
41.418464
41.457137
41.496630
41.536018
41.575592
41.615436
41.654472
41.693651
41.733375
41.772451
41.812405
41.852093
41.891890
41.931501
41.970189
42.009899
42.049577
42.089674
42.129183
42.169531
42.210057
42.250320
42.290745
42.330703
42.370475
42.410497
42.450934
42.491733
42.532170
42.572319
42.612563
42.652465
42.692932
42.732831
42.772967
42.813482
42.853290
42.893681
42.935045
42.976210
43.016757
43.058411
43.099018
43.139876
43.180392
43.221276
43.261891
43.303540
43.345307
43.385714
43.426557
43.468300
43.509160
43.550840
43.592162
43.632789
43.674092
43.715870
43.756327
43.797596
43.838779
43.880344
43.921088
43.963137
44.004141
44.045741
44.087487
44.129615
44.171887
44.213721
44.255270
44.297464
44.339732
44.381736
44.423368
44.465633
44.508105
44.550475
44.593014
44.634785
44.677033
44.719256
44.761911
44.804219
44.846252
44.888172
44.930952
44.973526
45.016477
45.058486
45.100769
45.143267
45.186257
45.228511
45.271586
45.313758
45.356533
45.398903
45.441568
45.485216
45.528192
45.571634
45.613915
45.656811
45.700329
45.744072
45.787272
45.830053
45.873397
45.915508
45.959676
46.003314
46.047456
46.090135
46.133469
46.177150
46.220628
46.263954
46.307309
46.351019
46.394758
46.439459
46.483087
46.526999
46.570844
46.614631
46.658271
46.701778
46.745787
46.789976
46.833872
46.878743
46.922451
46.967008
47.011665
47.055506
47.100188
47.145044
47.189592
47.234233
47.278560
47.323768
47.368072
47.412092
47.455963
47.500955
47.546046
47.590850
47.635473
47.680249
47.724774
47.769947
47.814702
47.859436
47.904413
47.949884
47.995756
48.040760
48.086216
48.132383
48.178183
48.223599
48.269694
48.314847
48.360255
48.405259
48.450798
48.496572
48.542063
48.587511
48.632699
48.678502
48.724049
48.770035
48.816120
48.861993
48.907867
48.953770
48.999030
49.045510
49.092098
49.139334
49.185954
49.232019
49.278217
49.325320
49.372468
49.419512
49.465951
49.512614
49.560075
49.606531
49.653228
49.700309
49.746304
49.793104
49.841280
49.887882
49.934781
49.982733
50.030576
50.077199
50.123850
50.171151
50.219208
50.267227
50.315175
50.362295
50.409624
50.456747
50.503174
50.551360
50.598740
50.645653
50.693244
50.741519
50.789585
50.837186
50.886500
50.934918
50.983512
51.030468
51.078514
51.127489
51.176149
51.224532
51.271911
51.320287
51.369184
51.418417
51.467005
51.515128
51.563660
51.610973
51.661334
51.709786
51.757895
51.806821
51.856334
51.905612
51.954234
52.002720
52.052403
52.101661
52.150849
52.200040
52.248574
52.297973
52.347525
52.397638
52.447724
52.497310
52.546452
52.594866
52.643887
52.693623
52.743923
52.793707
52.843065
52.892427
52.942049
52.992822
53.042721
53.093022
53.143190
53.193127
53.242615
53.292093
53.342548
53.392798
53.442776
53.493516
53.543824
53.595291
53.645661
53.696393
53.746972
53.797242
53.848283
53.899015
53.950657
54.001037
54.051492
54.102354
54.153345
54.205409
54.256844
54.307771
54.359439
54.410469
54.462063
54.512416
54.563976
54.616140
54.667932
54.719581
54.770897
54.822952
54.875003
54.927035
54.978792
55.030189
55.082020
55.133353
55.185110
55.237206
55.289502
55.342420
55.394412
55.446345
55.498006
55.549876
55.602682
55.655269
55.707946
55.761096
55.814055
55.866236
55.919784
55.972621
56.025391
56.078852
56.132823
56.185768
56.238470
56.291754
56.344466
56.398108
56.451592
56.505923
56.559159
56.612031
56.665742
56.718909
56.772402
56.824908
56.878844
56.932632
56.985415
57.039379
57.093347
57.147178
57.200702
57.255391
57.309291
57.363411
57.417665
57.470745
57.525452
57.579262
57.632167
57.686150
57.739446
57.794588
57.849212
57.903365
57.957910
58.012327
58.066824
58.120995
58.175625
58.230834
58.286092
58.340768
58.395722
58.450542
58.505390
58.561063
58.616217
58.671356
58.726851
58.782801
58.837833
58.893723
58.949286
59.005268
59.060957
59.116322
59.172316
59.228541
59.284533
59.339607
59.395150
59.451425
59.507455
59.562756
59.618805
59.676012
59.733087
59.790018
59.846755
59.901951
59.958919
60.015090
60.072782
60.129968
60.186481
60.242897
60.299674
60.357323
60.414213
60.471940
60.528962
60.586104
60.643792
60.701607
60.758627
60.816482
60.874612
60.932916
60.990629
61.049231
61.107746
61.165871
61.222952
61.280599
61.337749
61.395344
61.453791
61.512343
61.571090
61.629415
61.687846
61.745989
61.804446
61.862984
61.921977
61.981012
62.040155
62.099385
62.158709
62.218415
62.278211
62.337023
62.395341
62.454059
62.513852
62.573347
62.631209
62.688850
62.748757
62.807080
62.866236
62.925678
62.985373
63.044740
63.104534
63.165002
63.225131
63.284749
63.344979
63.405406
63.465180
63.524507
63.585270
63.645303
63.706367
63.766260
63.826364
63.887739
63.947971
64.008759
64.069460
64.130960
64.191483
64.251746
64.312384
64.373556
64.434427
64.495544
64.557758
64.618079
64.679487
64.741507
64.803432
64.864231
64.925831
64.988277
65.050021
65.111588
65.173570
65.235407
65.297512
65.359586
65.421153
65.482865
65.544895
65.606694
65.669694
65.732692
65.794727
65.857562
65.920624
65.983756
66.046982
66.110505
66.173562
66.236391
66.299358
66.362628
66.426444
66.489009
66.551207
66.614083
66.677103
66.740564
66.803468
66.865426
66.929361
66.993384
67.057432
67.121300
67.184459
67.249001
67.312835
67.375340
67.439859
67.503481
67.566851
67.630093
67.694343
67.758911
67.822959
67.887013
67.952587
68.017676
68.081498
68.146796
68.211501
68.277039
68.341931
68.407144
68.471554
68.536067
68.600243
68.665085
68.729771
68.794971
68.859966
68.924932
68.990289
69.055654
69.121593
69.187073
69.251742
69.317668
69.384103
69.450795
69.516083
69.581339
69.646721
69.713234
69.780029
69.846698
69.912335
69.978825
70.045845
70.113194
70.179298
70.246470
70.313011
70.380548
70.448745
70.515139
70.580717
70.648497
70.716268
70.784013
70.850765
70.918343
70.986870
71.054381
71.120889
71.190878
71.258901
71.327210
71.395814
71.464078
71.532873
71.602022
71.670667
71.739872
71.807507
71.876399
71.945551
72.013715
72.082055
72.150661
72.219075
72.288680
72.357374
72.426485
72.494449
72.564280
72.634581
72.704530
72.774187
72.843337
72.912401
72.983137
73.052029
73.121602
73.190723
73.260506
73.329343
73.399884
73.469631
73.540270
73.609980
73.680833
73.751545
73.822300
73.893473
73.963611
74.034957
74.106070
74.176518
74.248421
74.317989
74.389041
74.460110
74.531616
74.603414
74.674578
74.744710
74.815930
74.887652
74.958425
75.029189
75.100287
75.172150
75.243868
75.314698
75.387434
75.458863
75.531503
75.604635
75.677610
75.750024
75.823857
75.897032
75.968009
76.039968
76.112661
76.186248
76.257825
76.330964
76.403188
76.476658
76.550590
76.625082
76.698494
76.771995
76.846747
76.921627
76.995355
77.070218
77.144784
77.219299
77.293197
77.369004
77.441725
77.516092
77.589451
77.664168
77.738018
77.812421
77.886671
77.962120
78.037553
78.113084
78.188320
78.263407
78.338413
78.415351
78.490925
78.566440
78.642259
78.718010
78.795015
78.869974
78.946019
79.021551
79.098447
79.174712
79.250707
79.326685
79.402178
79.476876
79.553084
79.629929
79.706382
79.784141
79.860792
79.939198
80.014425
80.090170
80.167007
80.244744
80.320403
80.397375
80.474798
80.552313
80.630256
80.706865
80.784606
80.861989
80.939689
81.017657
81.095720
81.173295
81.251073
81.329162
81.408597
81.486728
81.564715
81.643149
81.721492
81.800834
81.879750
81.958225
82.037395
82.115844
82.195497
82.273338
82.352867
82.434251
82.512342
82.593323
82.672652
82.752360
82.832858
82.913423
82.994061
83.074106
83.152734
83.232749
83.313222
83.392100
83.472657
83.552189
83.632976
83.716612
83.795961
83.877410
83.959764
84.042246
84.123248
84.205565
84.288673
84.369906
84.450645
84.531449
84.613280
84.695934
84.778635
84.861621
84.943312
85.024770
85.107111
85.189521
85.272156
85.353807
85.436352
85.519340
85.602275
85.684429
85.768315
85.850695
85.933332
86.016534
86.099003
86.180982
86.264456
86.348530
86.432247
86.516111
86.599501
86.683932
86.768482
86.852328
86.936757
87.020775
87.105404
87.189761
87.275560
87.361147
87.444736
87.530389
87.616599
87.703166
87.787987
87.873392
87.959192
88.045160
88.131233
88.216441
88.300999
88.385997
88.472671
88.557287
88.642324
88.728491
88.815715
88.901087
88.987689
89.074731
89.162150
89.249157
89.335901
89.422391
89.509622
89.598911
89.686716
89.773440
89.861044
89.949709
90.037058
90.125210
90.213454
90.300878
90.388190
90.476873
90.564219
90.653096
90.742757
90.830211
90.918951
91.009360
91.097031
91.186421
91.274947
91.362906
91.452730
91.540997
91.631714
91.720745
91.809620
91.899261
91.988937
92.078983
92.168798
92.259766
92.349071
92.437796
92.527740
92.618143
92.707731
92.796307
92.887528
92.978201
93.067453
93.159241
93.249328
93.340141
93.432322
93.522828
93.612937
93.704808
93.796217
93.887496
93.978659
94.070537
94.163441
94.255071
94.347794
94.440226
94.531979
94.623655
94.717327
94.809747
94.901836
94.995359
95.089054
95.183885
95.276434
95.371381
95.464156
95.559014
95.652703
95.746717
95.840041
95.932672
96.024858
96.119169
96.214672
96.310673
96.404909
96.500799
96.595061
96.691380
96.786907
96.882340
96.977788
97.071273
97.166311
97.262269
97.359434
97.455028
97.550544
97.647670
97.743848
97.838948
97.934670
98.031373
98.128705
98.225781
98.321664
98.419664
98.515712
98.612751
98.710801
98.805663
98.903716
99.002801
99.101118
99.198192
99.296601
99.393603
99.491837
99.587702
99.686167
99.783243
99.882580
99.982264
100.08128
100.17887
100.27673
100.37610
100.47377
100.57223
100.67082
100.77167
100.87111
100.96939
101.07166
101.17219
101.27219
101.37219
101.47340
101.57211
101.67235
101.77200
101.87292
101.97399
102.07439
102.17488
102.27582
102.37752
102.47957
102.58174
102.68276
102.78486
102.88683
102.98904
103.09009
103.19325
103.29497
103.39808
103.50063
103.60323
103.70727
103.80882
103.91175
104.01530
104.11882
104.22257
104.32628
104.42917
104.53283
104.63454
104.73939
104.84431
104.94775
105.05147
105.15601
105.26147
105.36901
105.47306
105.57772
105.68145
105.78635
105.89105
105.99794
106.10487
106.21042
106.31668
106.42354
106.52840
106.63642
106.74271
106.84926
106.95604
107.06313
107.17148
107.27657
107.38453
107.49261
107.60001
107.70719
107.81370
107.92213
108.03124
108.13826
108.24614
108.35515
108.46551
108.57317
108.68138
108.79186
108.90286
109.01184
109.12039
109.22852
109.33696
109.44552
109.55507
109.66645
109.77611
109.88566
109.99442
110.10319
110.21378
110.32464
110.43578
110.54783
110.65874
110.76913
110.87971
110.99246
111.10444
111.21395
111.32513
111.43825
111.55053
111.66296
111.77476
111.88794
111.99949
112.11247
112.22564
112.33874
112.45193
112.56541
112.67964
112.79414
112.90816
113.02174
113.13387
113.24819
113.36411
113.47841
113.59318
113.70685
113.82100
113.93750
114.05410
114.16903
114.28315
114.39854
114.51438
114.63051
114.74666
114.86249
114.97788
115.09430
115.21102
115.32564
115.44216
115.56002
115.67736
115.79534
115.91196
116.02747
116.14481
116.26227
116.38206
116.49811
116.61645
116.73295
116.85105
116.97107
117.08858
117.20797
117.32803
117.44775
117.56683
117.68754
117.80792
117.92768
118.04736
118.16751
118.28715
118.40675
118.52572
118.64600
118.76601
118.88761
119.01003
119.13061
119.25063
119.37282
119.49387
119.61549
119.73705
119.85910
119.98275
120.10513
120.22736
120.34966
120.47148
120.59416
120.71649
120.83843
120.96283
121.08744
121.20992
121.33333
121.45874
121.58336
121.70749
121.83225
121.95695
122.07911
122.20601
122.33048
122.45613
122.58131
122.70694
122.83263
122.95939
123.08642
123.21402
123.34219
123.46726
123.59553
123.72280
123.84856
123.97558
124.10360
124.22965
124.35788
124.48292
124.60917
124.73630
124.86211
124.99056
125.11875
125.24522
125.37332
125.50016
125.62999
125.75837
125.88624
126.01634
126.14781
126.27760
126.40581
126.53629
126.66808
126.79726
126.92873
127.05973
127.18983
127.32256
127.45302
127.58208
127.71366
127.84607
127.98165
128.11346
128.24459
128.37916
128.51116
128.64158
128.77300
128.90612
129.03766
129.17288
129.30527
129.43967
129.57209
129.70735
129.84036
129.97775
130.11163
130.24769
130.38069
130.51290
130.64941
130.78784
130.92108
131.05513
131.19172
131.32679
131.46541
131.60391
131.73813
131.87436
132.01159
132.14876
132.28772
132.42635
132.56498
132.70333
132.84220
132.97860
133.11691
133.25569
133.39393
133.53347
133.67165
133.81127
133.95175
134.09380
134.23384
134.37348
134.51305
134.65035
134.79259
134.93531
135.07352
135.21447
135.35685
135.49587
135.63529
135.77811
135.92018
136.06384
136.20598
136.35035
136.49518
136.63911
136.78132
136.92519
137.06767
137.21232
137.35669
137.49843
137.64178
137.78623
137.93108
138.07476
138.22136
138.36459
138.51237
138.65727
138.80181
138.94750
139.09349
139.23972
139.38700
139.53343
139.68080
139.82744
139.97512
140.12077
140.26743
140.41455
140.55925
140.70539
140.85345
141.00156
141.14961
141.30100
141.45152
141.60023
141.74986
141.90037
142.05233
142.19928
142.34901
142.49786
142.65099
142.80097
142.95350
143.10653
143.25782
143.40836
143.55890
143.71242
143.86246
144.01635
144.17122
144.32410
144.47734
144.63109
144.78581
144.93977
145.09441
145.24664
145.40170
145.55170
145.70732
145.86363
146.01843
146.17188
146.32908
146.48285
146.64091
146.79978
146.95510
147.11586
147.27419
147.43150
147.58774
147.74483
147.90337
148.05849
148.21922
148.37797
148.53639
148.69362
148.84855
149.00876
149.16621
149.32711
149.48501
149.64672
149.80529
149.96485
150.12618
150.28350
150.44396
150.60648
150.77010
150.93516
151.09928
151.26054
151.42261
151.58598
151.74821
151.90846
152.06971
152.23486
152.40112
152.56513
152.72795
152.89427
153.05892
153.22555
153.38966
153.55414
153.72025
153.88592
154.05126
154.21998
154.38694
154.55386
154.71946
154.88680
155.05346
155.21869
155.38693
155.55544
155.72418
155.88819
156.05578
156.22292
156.39190
156.56064
156.72575
156.89680
157.06626
157.23318
157.40395
157.57543
157.74768
157.91546
158.08888
158.25573
158.43043
158.60250
158.77789
158.94880
159.12172
159.29319
159.46464
159.63714
159.81183
159.98922
160.15826
160.33075
160.50400
160.67874
160.85645
161.03159
161.21117
161.39044
161.56418
161.74165
161.91844
162.09656
162.27384
162.45339
162.63177
162.80682
162.98313
163.16301
163.34238
163.52151
163.70164
163.87804
164.05940
164.23785
164.41937
164.60021
164.78102
164.96561
165.14450
165.32158
165.50064
165.68166
165.86397
166.04835
166.23109
166.41568
166.60322
166.78655
166.97168
167.15618
167.33669
167.52193
167.70877
167.89277
168.07775
168.26409
168.45216
168.63441
168.82049
169.00690
169.19012
169.37748
169.56782
169.75599
169.94336
170.13108
170.32006
170.51130
170.70081
170.89279
171.08411
171.27487
171.46582
171.65956
171.84577
172.03329
172.22093
172.41257
172.60914
172.80103
172.99765
173.19284
173.38938
173.58400
173.78261
173.97628
174.16848
174.36371
174.55829
174.75538
174.95250
175.15158
175.34680
175.54331
175.74381
175.94391
176.14293
176.33956
176.53563
176.73512
176.93649
177.13289
177.33170
177.53164
177.72941
177.93103
178.12977
178.32976
178.53385
178.73702
178.93665
179.13795
179.34033
179.54643
179.74930
179.95277
180.16054
180.36676
180.57240
180.77304
180.97610
181.18239
181.38644
181.58920
181.79645
182.00581
182.21255
182.41587
182.62428
182.83117
183.03920
183.24900
183.45934
183.66347
183.87108
184.07918
184.28677
184.49616
184.70772
184.91967
185.13455
185.34397
185.55531
185.76992
185.98463
186.19613
186.41550
186.63092
186.84588
187.06196
187.27365
187.48937
187.70287
187.92195
188.13844
188.35476
188.57285
188.79292
189.01254
189.22693
189.44720
189.66423
189.88050
190.09746
190.31423
190.53545
190.75330
190.97380
191.19489
191.42037
191.64384
191.86706
192.08736
192.30674
192.52968
192.75442
192.97669
193.20577
193.42831
193.65145
193.87584
194.09870
194.32420
194.54865
194.77549
195.00032
195.22572
195.45008
195.67695
195.90399
196.13456
196.36440
196.59181
196.81788
197.04849
197.27888
197.50900
197.73833
197.97047
198.20101
198.43603
198.66418
198.90030
199.13740
199.36915
199.59986
199.84055
200.07480
200.31033
200.54143
200.78100
201.01496
201.25152
201.48875
201.72498
201.96313
202.20060
202.43611
202.67744
202.91929
203.15952
203.40147
203.64486
203.88246
204.12099
204.36230
204.60310
204.84300
205.08550
205.32996
205.57402
205.81673
206.06249
206.30663
206.55307
206.79791
207.04392
207.29207
207.53891
207.78866
208.03561
208.28370
208.53530
208.78677
209.03880
209.28493
209.53204
209.77981
210.02855
210.28277
210.53686
210.78639
211.03443
211.28715
211.53490
211.78958
212.04448
212.29881
212.55257
212.81306
213.07497
213.33212
213.58904
213.84807
214.11043
214.36965
214.62460
214.88621
215.14117
215.40312
215.66183
215.91934
216.17993
216.44200
216.70090
216.96880
217.23220
217.49788
217.75878
218.02315
218.29118
218.55514
218.82312
219.08925
219.35612
219.62425
219.89523
220.16432
220.43529
220.70343
220.97413
221.24020
221.50863
221.78066
222.04834
222.31941
222.59637
222.87020
223.13940
223.41453
223.68682
223.95964
224.24209
224.51711
224.79236
225.06779
225.34772
225.62443
225.90264
226.17860
226.46072
226.74241
227.02549
227.30311
227.58698
227.86781
228.14944
228.43082
228.70852
228.99306
229.28066
229.56346
229.84968
230.13199
230.41598
230.70295
230.99140
231.27981
231.56333
231.84492
232.13017
232.42053
232.70812
233.00119
233.28911
233.57855
233.86723
234.16234
234.45230
234.74830
235.04278
235.33430
235.63359
235.92809
236.22393
236.52187
236.82684
237.12948
237.43069
237.72873
238.02528
238.32744
238.63163
238.94037
239.23530
239.53985
239.84402
240.14802
240.45331
240.75688
241.06105
241.36443
241.67249
241.98189
242.29021
242.60303
242.91412
243.22505
243.53396
243.84711
244.15570
244.46860
244.78562
245.10117
245.41689
245.72958
246.04832
246.36717
246.68428
247.00299
247.32153
247.63757
247.95187
248.26609
248.58741
248.91538
249.23522
249.55916
249.88022
250.20530
250.53175
250.86082
251.19039
251.51628
251.84076
252.16856
252.49356
252.82410
253.14782
253.47641
253.80753
254.13469
254.46490
254.79839
255.13415
255.46756
255.79488
256.13425
256.46632
256.79953
257.13414
257.47234
257.80518
258.14267
258.48061
258.81883
259.15754
259.49064
259.83250
260.17225
260.51119
260.85354
261.19916
261.53957
261.88880
262.23373
262.57629
262.92145
263.26791
263.61782
263.97153
264.31802
264.67336
265.02223
265.37859
265.73541
266.08961
266.43899
266.79445
267.15534
267.51099
267.86887
268.22559
268.58495
268.94506
269.31465
269.67786
270.04295
270.40282
270.76827
271.13274
271.50468
271.86250
272.23353
272.59801
272.96874
273.33454
273.70335
274.07426
274.44745
274.82035
275.19619
275.56468
275.94146
276.31235
276.68193
277.06205
277.43959
277.82019
278.19586
278.57813
278.96346
279.34307
279.72330
280.10704
280.49171
280.87304
281.26108
281.64635
282.03651
282.42152
282.81102
283.20193
283.60223
283.99382
284.37836
284.77132
285.15930
285.55307
285.95277
286.34447
286.74649
287.14908
287.54989
287.95294
288.35831
288.75755
289.16761
289.56521
289.97331
290.38493
290.78838
291.19292
291.60349
292.01033
292.42644
292.83706
293.24983
293.65140
294.06151
294.48357
294.89239
295.31267
295.73390
296.15236
296.57529
297.00122
297.42659
297.84649
298.27012
298.69215
299.11623
299.54383
299.96666
300.39408
300.82005
301.25260
301.68351
302.11549
302.54612
302.97824
303.41643
303.85551
304.29055
304.72887
305.16452
305.60188
306.04911
306.49286
306.93283
307.38528
307.83160
308.27028
308.72434
309.16514
309.61764
310.06790
310.52348
310.96887
311.42883
311.88356
312.33765
312.80042
313.26739
313.72046
314.18751
314.65117
315.12025
315.58532
316.04749
316.51900
316.98955
317.45307
317.93696
318.40921
318.88228
319.35587
319.83319
320.31684
320.79099
321.27106
321.74347
322.22627
322.70992
323.19783
323.68341
324.17069
324.65794
325.14866
325.63598
326.12851
326.62825
327.10946
327.59908
328.10778
328.59842
329.09693
329.59587
330.10004
330.61222
331.11570
331.62318
332.12341
332.62577
333.13011
333.64503
334.16312
334.67687
335.18172
335.69105
336.20220
336.71513
337.23122
337.74321
338.25542
338.77025
339.28919
339.80992
340.34108
340.86509
341.39494
341.92686
342.46407
342.99652
343.52878
344.06114
344.59641
345.13428
345.67513
346.21821
346.75709
347.30470
347.84913
348.38470
348.93454
349.48889
350.04314
350.59802
351.14238
351.69974
352.25665
352.82243
353.38729
353.95030
354.51368
355.07320
355.64057
356.21086
356.78303
357.35254
357.93581
358.50158
359.07664
359.65423
360.23468
360.80475
361.39032
361.97639
362.56410
363.14726
363.73661
364.34256
364.93401
365.53905
366.14588
366.74166
367.34151
367.94357
368.55291
369.15550
369.76820
370.37342
370.97890
371.58040
372.19749
372.81844
373.45602
374.07824
374.69222
375.31861
375.93309
376.56517
377.20463
377.83281
378.47517
379.09414
379.72592
380.37401
381.00835
381.65151
382.29724
382.95647
383.60373
384.26871
384.92424
385.58780
386.23917
386.90367
387.56508
388.23832
388.90437
389.57227
390.24951
390.92040
391.58401
392.25751
392.92546
393.61075
394.28974
394.97733
395.67023
396.36041
397.06012
397.75897
398.45636
399.15696
399.86225
400.56511
401.27172
401.97937
402.70220
403.40557
404.11808
404.83480
405.56004
406.27948
407.00734
407.72891
408.45308
409.18152
409.92270
410.66136
411.39104
412.13772
412.89261
413.64714
414.40508
415.15215
415.89461
416.65577
417.41909
418.17236
418.94390
419.71955
420.50015
421.26969
422.05081
422.84124
423.62312
424.40180
425.19778
425.99316
426.78006
427.57753
428.38666
429.17924
429.98751
430.79784
431.61983
432.43506
433.24669
434.07007
434.87301
435.71829
436.53915
437.37094
438.19904
439.04723
439.89940
440.74697
441.59498
442.44027
443.28499
444.13111
444.99914
445.88612
446.76663
447.63084
448.51262
449.39898
450.28774
451.18214
452.09192
452.98503
453.89330
454.79982
455.72088
456.64614
457.55749
458.48826
459.41574
460.33924
461.27331
462.20834
463.14346
464.08019
465.03615
465.98013
466.91678
467.87729
468.84492
469.82601
470.80580
471.77891
472.75401
473.73370
474.71115
475.70482
476.69796
477.70041
478.71272
479.70861
480.70880
481.72752
482.75344
483.78550
484.82417
485.83728
486.88843
487.93558
488.98235
490.03640
491.09280
492.16712
493.24593
494.36065
495.44048
496.52167
497.61572
498.71638
499.80995
500.93024
502.04878
503.17044
504.30330
505.44534
506.56781
507.70500
508.86967
510.02705
511.18435
512.34718
513.53293
514.70979
515.87468
517.06521
518.26194
519.44538
520.67045
521.86274
523.10873
524.33910
525.56863
526.81394
528.05864
529.32650
530.58689
531.86090
533.13527
534.44491
535.74245
537.04816
538.34906
539.65556
540.97210
542.30269
543.64170
545.00081
546.35382
547.74902
549.15040
550.51836
551.87704
553.28621
554.69116
556.10371
557.52467
558.94980
560.39561
561.84069
563.29688
564.77678
566.22193
567.71704
569.21328
570.69453
572.23141
573.77042
575.31499
576.86715
578.40028
579.95447
581.53786
583.11945
584.70304
586.34120
587.96819
589.62226
591.28191
592.96961
594.68045
596.40411
598.13085
599.84510
601.57727
603.32592
605.06048
606.82359
608.61312
610.43147
612.26921
614.14071
616.02417
617.90816
619.79998
621.69410
623.62892
625.54295
627.48882
629.45090
631.43468
633.43507
635.46409
637.51469
639.61002
641.69022
643.82724
645.95944
648.11930
650.30605
652.49869
654.72879
656.97568
659.21910
661.49376
663.82111
666.14971
668.56570
670.98044
673.42248
675.92842
678.38371
680.91052
683.44861
685.97705
688.64636
691.29932
694.01188
696.76812
699.51027
702.32314
705.16734
708.07548
711.03938
714.01968
717.03680
720.12689
723.27501
726.47412
729.70816
733.04931
736.40758
739.94230
743.44903
747.00084
750.63799
754.33343
758.21784
762.10853
766.08517
770.19909
774.36773
778.67671
783.06336
787.56861
792.18232
796.87368
801.78204
806.84604
812.07212
817.44992
822.97434
828.79956
834.78451
841.04214
847.52198
854.37135
861.41158
868.94657
876.83175
885.19750
893.96501
903.21697
913.07084
923.83808
935.45081
947.87155
961.86940
977.42300
994.83923
1015.0915
1038.6734
1067.9264
1106.3532
1162.6265
1268.0664
