4.6416179
5.9707268
6.8798204
7.6085410
8.2229822
8.7549536
9.2511319
9.7095864
10.134966
10.532274
10.905429
11.261396
11.603204
11.931996
12.244416
12.550642
12.849090
13.141712
13.420304
13.694565
13.960657
14.224018
14.475976
14.726808
14.971112
15.212756
15.447053
15.677853
15.908417
16.133559
16.355332
16.573683
16.791302
17.005630
17.216851
17.421325
17.622892
17.827353
18.028781
18.223369
18.417755
18.609342
18.800978
18.990556
19.178876
19.364397
19.551843
19.737903
19.921879
20.104985
20.284588
20.464147
20.642247
20.818271
20.990544
21.163812
21.334648
21.503120
21.671783
21.838582
22.005192
22.170112
22.338195
22.504559
22.670542
22.832644
22.992704
23.156967
23.317099
23.479452
23.639662
23.797388
23.954616
24.113427
24.271348
24.427628
24.583484
24.740360
24.895116
25.047001
25.199444
25.351458
25.502378
25.652506
25.803869
25.951803
26.103107
26.253593
26.401579
26.548771
26.693406
26.841933
26.987041
27.133435
27.279851
27.424381
27.569302
27.712280
27.856579
28.001439
28.145036
28.286311
28.429537
28.571549
28.714970
28.858255
29.002291
29.144873
29.283972
29.425127
29.565924
29.708732
29.847871
29.985198
30.123824
30.263576
30.400804
30.539328
30.679825
30.816356
30.952493
31.087398
31.224997
31.360590
31.494609
31.629592
31.767532
31.901332
32.034888
32.169400
32.303401
32.437469
32.573647
32.709405
32.844542
32.977593
33.111511
33.245561
33.380584
33.510480
33.642567
33.777557
33.912075
34.041321
34.173041
34.303344
34.434107
34.566734
34.701590
34.833173
34.964031
35.096091
35.228361
35.357991
35.487128
35.617613
35.749658
35.878105
36.008045
36.140041
36.271344
36.402897
36.534593
36.663917
36.795996
36.926383
37.055099
37.182598
37.309908
37.437523
37.565050
37.694571
37.825322
37.955654
38.085784
38.212953
38.343085
38.470958
38.599464
38.726425
38.856828
38.984229
39.113658
39.240158
39.368548
39.495887
39.623867
39.751783
39.879328
40.006061
40.130481
40.258590
40.386462
40.512470
40.639663
40.766255
40.892817
41.020876
41.149060
41.274349
41.400664
41.530730
41.656717
41.782399
41.910134
42.036516
42.165727
42.293961
42.417832
42.543562
42.670674
42.797225
42.925085
43.049827
43.177431
43.304394
43.430719
43.556236
43.680516
43.808878
43.934870
44.060510
44.186135
44.310204
44.439503
44.564015
44.688667
44.814267
44.940441
45.066221
45.191776
45.320623
45.446082
45.571566
45.697125
45.823674
45.949340
46.076470
46.204204
46.329863
46.456146
46.582647
46.708852
46.834698
46.961944
47.087949
47.215768
47.340184
47.464611
47.591921
47.717979
47.845117
47.970860
48.097900
48.224373
48.352804
48.481598
48.607460
48.737188
48.864016
48.992181
49.120577
49.246314
49.372591
49.500553
49.626214
49.753171
49.880453
50.006889
50.134375
50.261676
50.389629
50.517492
50.642744
50.770377
50.898490
51.024221
51.153179
51.280775
51.409114
51.536177
51.665089
51.791137
51.918018
52.046717
52.175320
52.302610
52.430589
52.559842
52.688305
52.816099
52.945017
53.072897
53.201987
53.329392
53.456482
53.582735
53.711771
53.839832
53.968987
54.097043
54.225548
54.353217
54.483012
54.610918
54.740361
54.870454
54.996885
55.125692
55.255238
55.384640
55.515209
55.644453
55.772303
55.901954
56.032921
56.161998
56.291184
56.420902
56.550169
56.681509
56.810117
56.942007
57.074088
57.206283
57.337035
57.467609
57.597576
57.730795
57.862174
57.993258
58.125084
58.256328
58.387199
58.519154
58.648852
58.778496
58.910525
59.039369
59.171211
59.301939
59.432339
59.563560
59.695276
59.827403
59.960907
60.093548
60.223417
60.355568
60.488019
60.620562
60.753438
60.885767
61.019302
61.151882
61.284817
61.417971
61.552753
61.684975
61.819040
61.952657
62.086829
62.219530
62.352273
62.487170
62.621129
62.754396
62.887386
63.021871
63.155719
63.290283
63.426790
63.561444
63.696236
63.829998
63.963823
64.100996
64.236840
64.371635
64.507286
64.645056
64.781009
64.916180
65.051236
65.187983
65.327134
65.466177
65.604188
65.740346
65.878285
66.016294
66.154490
66.294206
66.428896
66.566451
66.707179
66.845269
66.984025
67.124344
67.264269
67.403792
67.540209
67.680884
67.819308
67.960091
68.102443
68.240826
68.379500
68.516687
68.655801
68.797577
68.937605
69.078569
69.218507
69.358055
69.501389
69.642304
69.783153
69.923885
70.065130
70.206844
70.347104
70.489082
70.631207
70.774525
70.918562
71.063850
71.206617
71.353379
71.493973
71.637595
71.781744
71.925340
72.069747
72.213692
72.358550
72.504821
72.647969
72.795006
72.940479
73.084190
73.229690
73.375493
73.520562
73.666174
73.811592
73.957795
74.101780
74.247208
74.395198
74.542994
74.692072
74.840123
74.988126
75.136528
75.284215
75.433548
75.580698
75.729421
75.876238
76.024915
76.172907
76.323583
76.471395
76.620791
76.770015
76.919487
77.068562
77.221160
77.369060
77.522002
77.671291
77.821881
77.972970
78.125240
78.277697
78.430593
78.581866
78.735718
78.887102
79.040811
79.194886
79.351178
79.501332
79.655718
79.810627
79.963500
80.120324
80.274749
80.429226
80.586265
80.741750
80.897442
81.049945
81.203487
81.359274
81.515299
81.674468
81.831692
81.991450
82.149484
82.304821
82.464961
82.625389
82.784775
82.941294
83.100012
83.259847
83.421153
83.578712
83.738199
83.898510
84.058125
84.220065
84.378761
84.537872
84.698591
84.857679
85.016349
85.177216
85.343791
85.507321
85.666980
85.830048
85.993064
86.157893
86.321068
86.485283
86.651918
86.816664
86.981467
87.149412
87.311979
87.477577
87.643645
87.811428
87.974893
88.139011
88.309740
88.477322
88.643079
88.811549
88.978851
89.148310
89.318826
89.489830
89.655953
89.825047
89.994598
90.163656
90.333446
90.505007
90.674233
90.847636
91.019395
91.190799
91.363660
91.540185
91.713428
91.888821
92.063029
92.237115
92.411081
92.590951
92.763033
92.935960
93.112034
93.289040
93.467648
93.642592
93.820649
93.996960
94.174043
94.351891
94.532285
94.713213
94.891826
95.073905
95.256199
95.433299
95.616486
95.798073
95.978998
96.159413
96.340262
96.523766
96.708615
96.893511
97.076778
97.259079
97.444161
97.626187
97.809373
97.995022
98.179641
98.367033
98.557071
98.742537
98.931135
99.119797
99.309511
99.496013
99.684709
99.874745
100.06289
100.25475
100.44566
100.63840
100.82967
101.02107
101.21053
101.40321
101.59261
101.78826
101.97790
102.17272
102.36633
102.55908
102.75653
102.95271
103.14862
103.34463
103.54100
103.73812
103.93616
104.13558
104.33289
104.53006
104.73073
104.93200
105.13278
105.33121
105.53473
105.73732
105.94032
106.14259
106.34407
106.55244
106.75803
106.96315
107.17252
107.37580
107.57954
107.78701
107.99454
108.20194
108.40966
108.61856
108.82564
109.03548
109.24956
109.46043
109.67278
109.88883
110.09947
110.31108
110.52230
110.73936
110.95296
111.16386
111.38123
111.59683
111.81392
112.03038
112.24928
112.46655
112.68515
112.90412
113.12070
113.33903
113.56277
113.78299
114.00352
114.22835
114.45079
114.67497
114.89621
115.12851
115.35512
115.58432
115.81031
116.03601
116.26367
116.49428
116.72598
116.95671
117.18618
117.42190
117.65411
117.88758
118.11875
118.35522
118.59008
118.82612
119.06072
119.29755
119.53654
119.77035
120.00799
120.24791
120.48798
120.72910
120.97126
121.21701
121.46199
121.70938
121.95671
122.20331
122.45218
122.69691
122.94298
123.19131
123.43833
123.68946
123.94213
124.19539
124.44436
124.70057
124.95466
125.21123
125.46511
125.72093
125.98117
126.23350
126.49126
126.74885
127.01176
127.27555
127.53660
127.79888
128.06060
128.32608
128.58862
128.85356
129.11851
129.39035
129.66134
129.92871
130.20225
130.47472
130.74985
131.02317
131.29578
131.57090
131.84927
132.13131
132.41429
132.69753
132.98381
133.27156
133.54974
133.83769
134.12047
134.40759
134.69608
134.98806
135.27210
135.56508
135.85607
136.14872
136.44498
136.74669
137.04807
137.34540
137.64312
137.93762
138.23839
138.53751
138.84437
139.14862
139.45815
139.76387
140.07128
140.37903
140.68452
140.99920
141.31397
141.63121
141.95055
142.26628
142.58160
142.90083
143.21610
143.53718
143.85854
144.18409
144.50727
144.83094
145.16186
145.48876
145.81668
146.15396
146.48563
146.82134
147.16056
147.50299
147.84497
148.18972
148.52736
148.87599
149.22289
149.57360
149.92544
150.27287
150.62542
150.98366
151.34028
151.69555
152.05454
152.41661
152.78173
153.14771
153.51443
153.88430
154.24999
154.62644
155.00586
155.38530
155.76204
156.14210
156.52506
156.90640
157.29197
157.68080
158.06357
158.44987
158.84649
159.24203
159.64093
160.04716
160.45127
160.86357
161.27563
161.69193
162.10892
162.52387
162.94090
163.35713
163.78431
164.20749
164.63627
165.06214
165.49652
165.93182
166.36735
166.80369
167.23673
167.68461
168.12998
168.57416
169.02818
169.48969
169.95184
170.41940
170.88870
171.35121
171.82391
172.29527
172.77083
173.24898
173.72887
174.21707
174.70724
175.19838
175.69725
176.20566
176.71322
177.22621
177.73717
178.23900
178.76315
179.28785
179.81140
180.33214
180.86434
181.39172
181.92885
182.48813
183.03238
183.58714
184.14684
184.71602
185.28238
185.85447
186.43458
187.02095
187.61834
188.21845
188.80738
189.39960
190.00166
190.62349
191.22975
191.84710
192.47060
193.10573
193.74205
194.39663
195.06242
195.72244
196.39167
197.06549
197.74168
198.42244
199.10790
199.79909
200.49285
201.19763
201.90751
202.64655
203.37668
204.11667
204.87038
205.62472
206.37095
207.15468
207.92989
208.72984
209.52739
210.34063
211.14344
211.97299
212.81899
213.66486
214.53351
215.41442
216.29989
217.21306
218.12920
219.06092
219.99654
220.95665
221.91830
222.88939
223.87654
224.88148
225.90765
226.94950
227.98885
229.05970
230.15196
231.24843
232.34918
233.46681
234.61997
235.80058
236.97610
238.19731
239.43519
240.70161
241.99424
243.31927
244.63726
246.02018
247.40710
248.83328
250.28592
251.75169
253.28385
254.85506
256.43291
258.04314
259.74454
261.46131
263.20596
265.00140
266.85633
268.78327
270.74780
272.76277
274.84310
276.99835
279.22980
281.55871
283.95827
286.46876
289.06294
291.77316
294.60851
297.59750
300.62575
303.82987
307.20939
310.80250
314.58603
318.66188
323.01306
327.64108
332.71782
338.24511
344.21955
350.94738
358.29439
366.78364
376.81557
388.47704
403.50615
422.55052
451.04897
506.77169
