0.027717933
0.055886176
0.083630672
0.11134682
0.13941156
0.16679458
0.19443807
0.22305202
0.25064288
0.27903629
0.30679655
0.33493653
0.36347501
0.39213963
0.42087039
0.44929664
0.47798554
0.50658652
0.53519540
0.56382585
0.59264319
0.62082124
0.64924319
0.67791122
0.70682422
0.73593501
0.76518699
0.79402955
0.82300859
0.85226003
0.88151719
0.91042366
0.93992058
0.96971122
0.99938963
1.0292246
1.0588741
1.0882915
1.1181102
1.1479245
1.1774916
1.2074675
1.2373603
1.2676144
1.2974311
1.3279907
1.3579992
1.3885851
1.4188040
1.4487830
1.4795790
1.5102812
1.5411121
1.5721444
1.6030248
1.6340383
1.6647305
1.6957455
1.7271683
1.7581836
1.7890657
1.8199852
1.8510539
1.8822970
1.9134442
1.9445484
1.9758729
2.0064672
2.0375813
2.0688174
2.1004953
2.1326497
2.1644329
2.1965936
2.2285072
2.2605295
2.2925033
2.3243737
2.3564019
2.3882935
2.4209127
2.4526424
2.4846386
2.5168778
2.5494829
2.5820834
2.6147649
2.6479522
2.6806826
2.7136762
2.7455924
2.7788825
2.8116951
2.8449019
2.8777376
2.9105294
2.9434761
2.9772827
3.0108903
3.0442455
3.0777667
3.1112968
3.1446111
3.1781524
3.2118689
3.2460045
3.2801309
3.3138051
3.3482175
3.3826110
3.4174294
3.4521112
3.4867138
3.5209553
3.5557779
3.5901508
3.6248737
3.6590780
3.6938967
3.7282810
3.7637406
3.7991498
3.8345543
3.8697191
3.9046594
3.9397366
3.9752989
4.0107992
4.0469839
4.0822805
4.1172903
4.1532780
4.1894888
4.2255765
4.2611204
4.2970140
4.3333113
4.3696279
4.4058338
4.4426200
4.4787029
4.5153380
4.5521993
4.5886537
4.6250206
4.6614636
4.6989440
4.7366798
4.7732225
4.8100217
4.8468314
4.8837689
4.9219159
4.9588797
4.9961379
5.0329426
5.0705910
5.1079173
5.1457479
5.1832755
5.2211900
5.2593194
5.2977801
5.3354640
5.3742760
5.4122692
5.4508281
5.4883469
5.5274958
5.5661137
5.6040978
5.6434850
5.6825581
5.7218269
5.7606690
5.8000078
5.8387282
5.8785668
5.9187198
5.9586001
5.9990245
6.0396400
6.0797332
6.1203061
6.1609138
6.2007555
6.2403798
6.2806067
6.3220263
6.3636801
6.4044598
6.4461819
6.4867907
6.5274807
6.5675385
6.6087123
6.6502219
6.6919186
6.7333068
6.7758304
6.8174121
6.8588975
6.9005181
6.9421352
6.9842766
7.0264867
7.0693101
7.1124746
7.1562902
7.1991387
7.2420831
7.2856620
7.3288976
7.3722651
7.4159170
7.4594333
7.5028147
7.5463630
7.5901162
7.6346340
7.6788016
7.7223249
7.7668680
7.8105617
7.8548022
7.8987105
7.9432565
7.9882630
8.0334999
8.0779176
8.1233863
8.1690685
8.2143330
8.2606734
8.3058328
8.3516289
8.3978710
8.4432466
8.4891405
8.5359134
8.5816939
8.6288850
8.6758880
8.7227788
8.7702450
8.8164679
8.8632474
8.9106798
8.9578382
9.0050965
9.0523221
9.1000561
9.1478554
9.1960050
9.2443851
9.2926517
9.3420609
9.3902559
9.4386565
9.4876202
9.5350849
9.5834709
9.6317049
9.6808859
9.7299331
9.7789372
9.8281190
9.8771269
9.9269078
9.9773816
10.028011
10.078131
10.128255
10.179298
10.230231
10.281520
10.331979
10.382762
10.434136
10.486368
10.537784
10.590000
10.642836
10.695007
10.746442
10.798709
10.851163
10.903775
10.955570
11.008569
11.061318
11.114202
11.168146
11.222766
11.276706
11.330825
11.385779
11.440289
11.496077
11.551188
11.606118
11.660353
11.715594
11.771221
11.826284
11.881387
11.937282
11.994231
12.050960
12.106551
12.163860
12.221119
12.278342
12.335639
12.392850
12.451507
12.508730
12.566516
12.625162
12.684030
12.742276
12.801844
12.861351
12.920489
12.980181
13.039365
13.098986
13.159810
13.220476
13.281042
13.341467
13.402315
13.462801
13.523371
13.586131
13.647167
13.708902
13.770928
13.832554
13.894777
13.957440
14.020826
14.084339
14.146476
14.209665
14.272875
14.336672
14.400346
14.464326
14.529940
14.595027
14.660375
14.724939
14.789975
14.856805
14.922979
14.988348
15.055049
15.122174
15.190006
15.257275
15.325508
15.392778
15.460930
15.529203
15.596549
15.665799
15.734499
15.804248
15.873648
15.944089
16.013899
16.084180
16.154993
16.225885
16.297068
16.367817
16.439447
16.511167
16.583311
16.655956
16.728731
16.801548
16.874459
16.946561
17.021153
17.094017
17.169001
17.243602
17.318758
17.393944
17.469231
17.544104
17.620277
17.696038
17.772705
17.849955
17.926856
18.004993
18.084361
18.162720
18.241670
18.320428
18.399072
18.476944
18.557312
18.638544
18.716929
18.798505
18.878947
18.958781
19.039563
19.120689
19.201468
19.282942
19.364553
19.448186
19.531239
19.614843
19.699056
19.782283
19.868658
19.953655
20.039078
20.124969
20.210129
20.297831
20.385269
20.472942
20.560872
20.649136
20.738411
20.827691
20.915503
21.004371
21.094003
21.184609
21.274788
21.364719
21.455629
21.547617
21.639007
21.732253
21.824869
21.919441
22.014875
22.110035
22.203577
22.298606
22.393611
22.489524
22.585436
22.682102
22.778826
22.875974
22.976790
23.074797
23.175454
23.276414
23.375296
23.476804
23.577887
23.678680
23.779723
23.880815
23.984339
24.086898
24.186594
24.291327
24.397818
24.502102
24.607962
24.714152
24.819806
24.928053
25.036560
25.145767
25.254710
25.364093
25.472126
25.583314
25.694439
25.806564
25.918459
26.028932
26.140987
26.254566
26.369665
26.483568
26.599924
26.715348
26.831734
26.948431
27.068261
27.183471
27.302068
27.422946
27.544151
27.663110
27.782578
27.905502
28.025730
28.147266
28.267789
28.391105
28.511815
28.635542
28.761555
28.887235
29.014063
29.140249
29.270720
29.398194
29.524868
29.653654
29.781398
29.913180
30.047148
30.180971
30.314405
30.447788
30.582397
30.720376
30.855411
30.991643
31.129745
31.268932
31.409263
31.547226
31.686568
31.828151
31.969990
32.113885
32.257861
32.402210
32.544836
32.688974
32.836106
32.986029
33.131675
33.279301
33.430372
33.581896
33.733092
33.887792
34.039534
34.193172
34.345820
34.501282
34.658927
34.816684
34.974589
35.135392
35.291455
35.451506
35.608371
35.769427
35.931922
36.094049
36.259073
36.422136
36.587592
36.753916
36.921400
37.091761
37.262209
37.436433
37.609393
37.782935
37.954595
38.126592
38.299717
38.479398
38.657289
38.838351
39.019286
39.202278
39.382785
39.568953
39.749500
39.934469
40.123896
40.309043
40.498915
40.685200
40.875072
41.065643
41.260611
41.452939
41.646921
41.840701
42.037313
42.235131
42.433173
42.637035
42.837741
43.041144
43.247781
43.451169
43.656783
43.862568
44.071546
44.282978
44.495124
44.707606
44.920348
45.135124
45.350312
45.567297
45.786089
46.003207
46.225304
46.447540
46.674277
46.896542
47.122587
47.354062
47.587409
47.817328
48.046295
48.280346
48.516928
48.754582
48.992253
49.228156
49.467212
49.710693
49.953286
50.198156
50.441235
50.689217
50.936183
51.183300
51.438445
51.691263
51.952023
52.208613
52.465425
52.726664
52.988013
53.252969
53.517765
53.781382
54.049226
54.323759
54.594398
54.867703
55.141474
55.418905
55.698889
55.979803
56.264140
56.547088
56.837342
57.119298
57.407464
57.694860
57.985206
58.274105
58.573220
58.869546
59.170945
59.476011
59.778369
60.078948
60.390680
60.699942
61.013222
61.327620
61.641362
61.963424
62.289668
62.614860
62.944946
63.270488
63.595417
63.923530
64.256460
64.593837
64.929604
65.273588
65.614974
65.958207
66.306769
66.656481
67.009892
67.364533
67.716965
68.075307
68.440464
68.798374
69.163414
69.537173
69.898816
70.267703
70.640528
71.025970
71.415105
71.796283
72.175441
72.570002
72.963963
73.355495
73.751607
74.148202
74.549611
74.956471
75.362896
75.771645
76.183769
76.602175
77.021334
77.439754
77.859135
78.288293
78.722218
79.158143
79.597835
80.040422
80.481938
80.924859
81.378416
81.820179
82.276072
82.739213
83.202198
83.676232
84.130881
84.598442
85.075254
85.552415
86.040124
86.533431
87.022913
87.520925
88.008259
88.509796
89.015846
89.527665
90.042773
90.548522
91.066563
91.585073
92.108122
92.630834
93.159925
93.698839
94.232373
94.789260
95.341947
95.894822
96.459932
97.017257
97.582795
98.153844
98.726297
99.300492
99.882140
100.47793
101.07730
101.66897
102.26864
102.86429
103.46871
104.07647
104.70304
105.32094
105.94948
106.58359
107.23297
107.87516
108.52766
109.18672
109.85087
110.50220
111.17073
111.86000
112.54435
113.24031
113.92850
114.62799
115.33509
116.04659
116.76094
117.48887
118.21563
118.94912
119.70166
120.44740
121.19288
121.95687
122.73378
123.51061
124.28740
125.06932
125.85859
126.64679
127.45415
128.27416
129.07958
129.91563
130.74119
131.57701
132.42650
133.28886
134.16060
135.02842
135.89948
136.78515
137.68496
138.58819
139.50312
140.42533
141.35549
142.28934
143.24469
144.19618
145.14618
146.11356
147.09231
148.08440
149.06294
150.05688
151.09226
152.11231
153.14879
154.18806
155.25983
156.30767
157.38748
158.46193
159.54158
160.63208
161.74641
162.88176
164.03201
165.17411
166.32866
167.51025
168.70837
169.90399
171.12465
172.34773
173.57112
174.83065
176.07677
177.34888
178.63195
179.97039
181.28895
182.60473
183.96474
185.30096
186.66647
188.03070
189.43327
190.82906
192.28320
193.75925
195.22756
196.69534
198.19595
199.72776
201.25314
202.77026
204.33509
205.91415
207.50435
209.13649
210.75688
212.38759
214.05923
215.73622
217.45561
219.19846
220.98766
222.76955
224.57314
226.40456
228.28568
230.10269
231.99994
233.88617
235.82175
237.77454
239.79228
241.83466
243.87372
245.96847
248.04332
250.14963
252.29151
254.48977
256.67344
258.90939
261.16280
263.42976
265.74686
268.07785
270.44878
272.90113
275.38283
277.85746
280.39599
282.95218
285.57093
288.26296
290.90190
293.66860
296.42465
299.17577
302.03835
304.92839
307.85747
310.86831
313.88340
317.00006
320.15129
323.32890
326.59498
329.86163
333.21546
336.64401
340.06292
343.52837
347.13591
350.77103
354.49504
358.31284
362.21241
366.09669
370.04687
374.10221
378.27232
382.57782
386.81465
391.31882
395.71376
400.24697
404.96472
409.76319
414.59702
419.57859
424.57087
429.68662
435.00742
440.34382
445.92872
451.68050
457.44253
463.43051
469.53201
475.86744
482.31713
488.83079
495.63293
502.58582
509.62982
516.95568
524.56017
532.50919
540.57112
548.79980
557.35377
566.04495
575.06895
584.32968
594.18942
604.43189
614.83810
625.75759
637.07896
648.95543
660.96738
673.58494
686.80404
700.47007
715.19485
730.60041
746.92279
763.90003
781.88744
800.58391
820.58142
842.25559
865.25387
889.94951
917.14573
946.66566
979.30092
1014.9574
1053.6796
1097.8969
1148.3106
1207.6212
1278.6011
1367.5819
1485.1849
1663.3910
2023.6178
