0.33242823
0.40735172
0.45583125
0.49363953
0.52486619
0.55239542
0.57683588
0.59903786
0.61990232
0.63877699
0.65689462
0.67380493
0.69020647
0.70580647
0.72060713
0.73494496
0.74891972
0.76256689
0.77526190
0.78799509
0.80047919
0.81227530
0.82381141
0.83521206
0.84630893
0.85717575
0.86781301
0.87812535
0.88834236
0.89837199
0.90839094
0.91812068
0.92770040
0.93725963
0.94653895
0.95569375
0.96472861
0.97382571
0.98274579
0.99165973
1.0004129
1.0089978
1.0173856
1.0257746
1.0342290
1.0425288
1.0506652
1.0588140
1.0668464
1.0745609
1.0824848
1.0901638
1.0979950
1.1055943
1.1132660
1.1207572
1.1283530
1.1357677
1.1432511
1.1504667
1.1577671
1.1651289
1.1724261
1.1796249
1.1866954
1.1938369
1.2007810
1.2078489
1.2147782
1.2216711
1.2285498
1.2355866
1.2424549
1.2492945
1.2560913
1.2628940
1.2695322
1.2761788
1.2828354
1.2895415
1.2960759
1.3027546
1.3092442
1.3158224
1.3223012
1.3286970
1.3351055
1.3414972
1.3479063
1.3543371
1.3607520
1.3670314
1.3734281
1.3797357
1.3861272
1.3923938
1.3986007
1.4048879
1.4110909
1.4171732
1.4232751
1.4295485
1.4357948
1.4418599
1.4480185
1.4540926
1.4602116
1.4662275
1.4722550
1.4785025
1.4846159
1.4907704
1.4968128
1.5029095
1.5089698
1.5150027
1.5211017
1.5270446
1.5330044
1.5389719
1.5450201
1.5508928
1.5568152
1.5627608
1.5687395
1.5747055
1.5805557
1.5864667
1.5922757
1.5981954
1.6041037
1.6100767
1.6158166
1.6216353
1.6274509
1.6331726
1.6390154
1.6449430
1.6507587
1.6566164
1.6624002
1.6683254
1.6741932
1.6800997
1.6859213
1.6917663
1.6975098
1.7032988
1.7090625
1.7148816
1.7206829
1.7263414
1.7321356
1.7379035
1.7436464
1.7494686
1.7553036
1.7611061
1.7669493
1.7726747
1.7783383
1.7840632
1.7897676
1.7955509
1.8013552
1.8070968
1.8128612
1.8186434
1.8242957
1.8300244
1.8356932
1.8415001
1.8471712
1.8529850
1.8588260
1.8645145
1.8702521
1.8759198
1.8817467
1.8875409
1.8932093
1.8989258
1.9047112
1.9105209
1.9162203
1.9220437
1.9277968
1.9335292
1.9391858
1.9449365
1.9506447
1.9564423
1.9624109
1.9682600
1.9740751
1.9798006
1.9855160
1.9912225
1.9970569
2.0028422
2.0086151
2.0144974
2.0202703
2.0261163
2.0319258
2.0378044
2.0436542
2.0494242
2.0553101
2.0612052
2.0670691
2.0728852
2.0787085
2.0845630
2.0904027
2.0962508
2.1021348
2.1080108
2.1138507
2.1196711
2.1254952
2.1313294
2.1371697
2.1430711
2.1490283
2.1548976
2.1607962
2.1666238
2.1725851
2.1785835
2.1845083
2.1904905
2.1964326
2.2023779
2.2083059
2.2144219
2.2205316
2.2264751
2.2324377
2.2383977
2.2444584
2.2504736
2.2564827
2.2624951
2.2685286
2.2745630
2.2805746
2.2866399
2.2926467
2.2987204
2.3048582
2.3110175
2.3171407
2.3233100
2.3296126
2.3357410
2.3418755
2.3479880
2.3540855
2.3603552
2.3666158
2.3729506
2.3791921
2.3855679
2.3917254
2.3979201
2.4042840
2.4105682
2.4168809
2.4231769
2.4294227
2.4358047
2.4420676
2.4484058
2.4547143
2.4610958
2.4675954
2.4740751
2.4804608
2.4869432
2.4934281
2.4998879
2.5063642
2.5127507
2.5192089
2.5256839
2.5321928
2.5386213
2.5452295
2.5518090
2.5584313
2.5649521
2.5717032
2.5783530
2.5848822
2.5914830
2.5980933
2.6047613
2.6115480
2.6182334
2.6248544
2.6315847
2.6382915
2.6452144
2.6519174
2.6587688
2.6656131
2.6725630
2.6793129
2.6861781
2.6930932
2.7001441
2.7070533
2.7139342
2.7208740
2.7277748
2.7347839
2.7418318
2.7488495
2.7557795
2.7627769
2.7698748
2.7769245
2.7839639
2.7910272
2.7982281
2.8054195
2.8125371
2.8198166
2.8269459
2.8341649
2.8414807
2.8487569
2.8561373
2.8634578
2.8709242
2.8782560
2.8856705
2.8930318
2.9004419
2.9079581
2.9154135
2.9229792
2.9306502
2.9383037
2.9460513
2.9535555
2.9613185
2.9688681
2.9764964
2.9841876
2.9919050
2.9997647
3.0076476
3.0156938
3.0236332
3.0316217
3.0394535
3.0475968
3.0554529
3.0634604
3.0713924
3.0794307
3.0875747
3.0956899
3.1038097
3.1120297
3.1203301
3.1285595
3.1366365
3.1449048
3.1531704
3.1617459
3.1702077
3.1784900
3.1868415
3.1954806
3.2039685
3.2124751
3.2210293
3.2296435
3.2382538
3.2469807
3.2557370
3.2646039
3.2734549
3.2822241
3.2909620
3.3000290
3.3088938
3.3177443
3.3266054
3.3355831
3.3447374
3.3537777
3.3628544
3.3720554
3.3811984
3.3903502
3.3996114
3.4088946
3.4183030
3.4278118
3.4372020
3.4467161
3.4562519
3.4659194
3.4755936
3.4852615
3.4949491
3.5047676
3.5143421
3.5240661
3.5341019
3.5440170
3.5538282
3.5637383
3.5735920
3.5836867
3.5938408
3.6039654
3.6141406
3.6244600
3.6349070
3.6453987
3.6556541
3.6661822
3.6769121
3.6876993
3.6984829
3.7092862
3.7201348
3.7310579
3.7421138
3.7529794
3.7641234
3.7753202
3.7864587
3.7979029
3.8092832
3.8204995
3.8320186
3.8433917
3.8549200
3.8667450
3.8782975
3.8900759
3.9018270
3.9136231
3.9256508
3.9377302
3.9497448
3.9618883
3.9741404
3.9865037
3.9986812
4.0109054
4.0236037
4.0363948
4.0490442
4.0619378
4.0747846
4.0879354
4.1009777
4.1139278
4.1266801
4.1400605
4.1534344
4.1667926
4.1802512
4.1938454
4.2078034
4.2214451
4.2352495
4.2491746
4.2632379
4.2771256
4.2914650
4.3057428
4.3201817
4.3346960
4.3491531
4.3636943
4.3784254
4.3932537
4.4080043
4.4230678
4.4380890
4.4533564
4.4690705
4.4848179
4.5005389
4.5161591
4.5320938
4.5480684
4.5643753
4.5808074
4.5968836
4.6134712
4.6303338
4.6472136
4.6641917
4.6812911
4.6984767
4.7155476
4.7330157
4.7507408
4.7682612
4.7863976
4.8043640
4.8227355
4.8410227
4.8596562
4.8785018
4.8974423
4.9163689
4.9355298
4.9544276
4.9737442
4.9930596
5.0127597
5.0327857
5.0530427
5.0735514
5.0937211
5.1144729
5.1351454
5.1560230
5.1774162
5.1986963
5.2202949
5.2421921
5.2642474
5.2864492
5.3084250
5.3305932
5.3535678
5.3765530
5.4000264
5.4231524
5.4470245
5.4707713
5.4950567
5.5195261
5.5439774
5.5688929
5.5937774
5.6195281
5.6449053
5.6705799
5.6963798
5.7228468
5.7494569
5.7761394
5.8037204
5.8309189
5.8583953
5.8859987
5.9143304
5.9428639
5.9720198
6.0011909
6.0312386
6.0605844
6.0911478
6.1215391
6.1530339
6.1844966
6.2166176
6.2482087
6.2810621
6.3137305
6.3467228
6.3800789
6.4138460
6.4477279
6.4815414
6.5167253
6.5525389
6.5883182
6.6250550
6.6610668
6.6985482
6.7357869
6.7744730
6.8139144
6.8539608
6.8933882
6.9333518
6.9741803
7.0152717
7.0568928
7.0980308
7.1416161
7.1850894
7.2292100
7.2733573
7.3184176
7.3637185
7.4103523
7.4559850
7.5037715
7.5522914
7.6004916
7.6502250
7.7005904
7.7517732
7.8015282
7.8543683
7.9077186
7.9610315
8.0151261
8.0707189
8.1272408
8.1838204
8.2409848
8.2991300
8.3575194
8.4162052
8.4766927
8.5385690
8.6009563
8.6646816
8.7293246
8.7940782
8.8594900
8.9270382
8.9960501
9.0652152
9.1370305
9.2080492
9.2805083
9.3543633
9.4292380
9.5057333
9.5839089
9.6632882
9.7439630
9.8255057
9.9101075
9.9936004
10.080316
10.169014
10.257270
10.344809
10.434181
10.526141
10.621714
10.716366
10.814043
10.913186
11.013442
11.115025
11.220639
11.323631
11.431825
11.543196
11.653845
11.764478
11.879371
11.995604
12.112028
12.232843
12.357604
12.485854
12.610208
12.738461
12.870337
13.005643
13.144229
13.284873
13.425683
13.569072
13.719482
13.872009
14.024976
14.178305
14.334594
14.494452
14.659917
14.827964
14.994879
15.169951
15.344285
15.525953
15.709428
15.894695
16.085799
16.278933
16.477542
16.676851
16.882861
17.092895
17.308680
17.520032
17.740622
17.963646
18.192068
18.427266
18.663870
18.907668
19.156625
19.404531
19.658312
19.918965
20.180940
20.452010
20.729720
21.008678
21.293858
21.590944
21.887562
22.188335
22.497458
22.808045
23.122063
23.448302
23.776909
24.113456
24.464036
24.818397
25.182181
25.550167
25.920142
26.300119
26.685737
27.083030
27.488494
27.895102
28.310930
28.732700
29.172685
29.616918
30.063861
30.516483
30.987613
31.460991
31.958421
32.446693
32.955962
33.468632
33.997513
34.540934
35.094951
35.650091
36.226388
36.807987
37.397450
37.991094
38.611683
39.247690
39.882822
40.528741
41.206843
41.895562
42.599430
43.314057
44.034860
44.784491
45.548288
46.307912
47.087729
47.884161
48.709095
49.540270
50.356875
51.210213
52.070220
52.940629
53.820404
54.733438
55.661378
56.608591
57.576229
58.573639
59.577547
60.609542
61.643509
62.704083
63.789256
64.889110
66.010746
67.153936
68.324679
69.498045
70.677075
71.904671
73.156714
74.441175
75.718335
77.021415
78.351356
79.695755
81.072042
82.470207
83.870714
85.270402
86.749928
88.263569
89.766651
91.259858
92.802469
94.384187
96.020977
97.615181
99.288025
100.96723
102.64579
104.35513
106.09115
107.83250
109.62076
111.45369
113.29222
115.18056
117.08189
118.97568
120.85890
122.78329
124.77687
126.78381
128.79137
130.79933
132.84938
134.87759
136.95803
139.12116
141.35105
143.57856
145.85460
148.07923
150.31527
152.57593
154.89266
157.21487
159.54925
161.87852
164.24150
166.68800
169.14461
171.63730
174.10738
176.60321
179.14869
181.79169
184.50260
187.19221
189.96103
192.71533
195.49825
198.29894
201.16699
203.99498
206.87897
209.76342
212.67841
215.65973
218.77394
221.77909
224.87052
227.93385
230.98152
234.03992
237.22067
240.38541
243.57569
246.84687
250.11693
253.36048
256.61335
259.91543
263.27406
266.76832
270.34920
273.99741
277.63244
281.15912
284.69172
288.36637
292.03540
295.74088
299.38426
303.10559
306.83501
310.63392
314.55605
318.58300
322.69304
326.78057
330.86342
334.94932
339.02788
343.02204
347.14350
351.30982
355.60299
359.96601
364.26877
368.77572
373.33275
377.94481
382.56369
387.16545
391.73257
396.34062
401.20011
406.28249
411.18896
416.13193
421.07723
426.16305
431.43874
436.69401
441.89107
447.24100
452.38514
457.60133
462.88136
468.05498
473.33349
478.72037
483.93821
489.26322
494.88472
500.54996
506.06173
511.67187
517.37439
523.30109
529.22527
535.21077
541.37471
547.69975
553.88421
560.07457
566.05705
571.79025
577.92835
584.18032
590.53428
597.08946
603.81367
610.30387
616.69814
623.34245
630.49269
637.45534
644.53488
651.72909
659.02145
666.56407
674.01147
681.50592
689.25210
696.75395
704.17751
712.15618
720.30909
728.69994
737.25083
745.66599
754.58993
763.69755
772.91989
782.03299
790.91495
800.35089
809.70495
819.16103
829.12131
839.31652
849.31439
859.72548
869.86020
880.21825
890.81000
901.92028
913.55791
925.88904
937.70844
950.22217
963.35624
977.11365
991.00015
1004.3069
1019.8438
1034.9436
1050.3823
1067.5428
1085.2486
1103.3155
1123.0565
1145.5354
1169.9689
1199.0980
1228.0841
1268.6962
1317.3536
1383.6008
1505.2971
