0.094375681
0.18880595
0.28436750
0.37810304
0.47333112
0.57073226
0.66518617
0.76093564
0.85482059
0.95026733
1.0486527
1.1451706
1.2419730
1.3366247
1.4327822
1.5292489
1.6274795
1.7227358
1.8200077
1.9162598
2.0137022
2.1112471
2.2102103
2.3084692
2.4063027
2.5041621
2.6036563
2.7002192
2.7984525
2.8976989
2.9970252
3.0953881
3.1915576
3.2910337
3.3906117
3.4886305
3.5884799
3.6897910
3.7876167
3.8880498
3.9872869
4.0882546
4.1879600
4.2868781
4.3874173
4.4860782
4.5866695
4.6881340
4.7893627
4.8919567
4.9922052
5.0929470
5.1945919
5.2978562
5.3970481
5.4975251
5.5995270
5.7021322
5.8035953
5.9042222
6.0054080
6.1084064
6.2105413
6.3127775
6.4144183
6.5171608
6.6209683
6.7235547
6.8291163
6.9324356
7.0357713
7.1390776
7.2438196
7.3474369
7.4516086
7.5545103
7.6585831
7.7634763
7.8682152
7.9717548
8.0773959
8.1810795
8.2849176
8.3916612
8.4950477
8.6021407
8.7073653
8.8118695
8.9172299
9.0240485
9.1303903
9.2341230
9.3414643
9.4503745
9.5576739
9.6634195
9.7697078
9.8776336
9.9829102
10.088548
10.195890
10.305517
10.413108
10.519688
10.629674
10.736861
10.845304
10.954538
11.062362
11.172126
11.281659
11.388973
11.498972
11.607162
11.715420
11.824258
11.933799
12.043832
12.153360
12.264852
12.375938
12.487772
12.596838
12.707391
12.818506
12.929339
13.042377
13.153738
13.265131
13.377078
13.488434
13.600162
13.713820
13.827476
13.936826
14.050404
14.161474
14.274705
14.385185
14.498066
14.610135
14.723770
14.837837
14.951003
15.065531
15.179519
15.294963
15.408085
15.523340
15.640135
15.755534
15.869408
15.984598
16.100778
16.215834
16.331473
16.447620
16.564260
16.680661
16.797753
16.913147
17.030779
17.146858
17.262409
17.379493
17.497953
17.615170
17.734325
17.851215
17.968897
18.085891
18.204703
18.321221
18.438822
18.555663
18.672437
18.791932
18.912278
19.031580
19.153058
19.273814
19.392430
19.512912
19.634964
19.756966
19.879148
19.999496
20.120050
20.238939
20.360094
20.482406
20.604999
20.726375
20.848501
20.968617
21.091659
21.212464
21.335206
21.457619
21.578217
21.699242
21.821418
21.944658
22.067398
22.191177
22.313401
22.436617
22.560537
22.686256
22.810292
22.934783
23.058210
23.180439
23.304242
23.429391
23.555225
23.680257
23.805198
23.931496
24.057868
24.184165
24.309600
24.435942
24.562103
24.688365
24.817896
24.945786
25.072977
25.201850
25.329540
25.455507
25.585085
25.713172
25.842583
25.970895
26.100485
26.232411
26.361543
26.490472
26.621993
26.752092
26.885463
27.015585
27.146141
27.276106
27.405807
27.536663
27.668065
27.799749
27.933227
28.063676
28.195215
28.328971
28.460162
28.593992
28.728157
28.860942
28.996973
29.129120
29.263018
29.394898
29.528678
29.663394
29.796782
29.930616
30.063261
30.195049
30.331388
30.465628
30.601073
30.737173
30.871841
31.008677
31.143353
31.279789
31.415967
31.551387
31.686153
31.824792
31.963000
32.100345
32.238316
32.375464
32.513969
32.651860
32.789008
32.925390
33.062960
33.202364
33.340304
33.475916
33.616039
33.756210
33.895483
34.037631
34.176343
34.317445
34.455508
34.598026
34.738497
34.882146
35.024322
35.166027
35.303616
35.447876
35.589542
35.730207
35.872042
36.015109
36.159366
36.303558
36.447761
36.591927
36.734547
36.882266
37.024818
37.170674
37.316011
37.464155
37.611723
37.758968
37.905445
38.049513
38.196874
38.341015
38.488828
38.635365
38.783910
38.932075
39.081526
39.227717
39.376793
39.523994
39.673982
39.825392
39.976219
40.123962
40.275246
40.427004
40.577677
40.729630
40.878411
41.028133
41.179056
41.325817
41.478580
41.632081
41.783451
41.937632
42.091908
42.244605
42.395156
42.545060
42.694849
42.847725
42.998592
43.151425
43.308351
43.465310
43.621753
43.776599
43.934844
44.090537
44.247169
44.402595
44.559727
44.714716
44.875009
45.033421
45.189968
45.347241
45.506565
45.666392
45.824896
45.985959
46.149373
46.309661
46.470114
46.626438
46.785270
46.945655
47.105829
47.265227
47.425441
47.587290
47.750206
47.911701
48.076199
48.240275
48.404379
48.568754
48.734301
48.895833
49.058617
49.223624
49.388547
49.553380
49.720018
49.887326
50.050979
50.215705
50.382829
50.551022
50.720620
50.891074
51.057991
51.222059
51.391736
51.562210
51.732400
51.898954
52.068383
52.238003
52.406934
52.575176
52.744964
52.912900
53.082617
53.252295
53.423907
53.597813
53.771652
53.941925
54.114699
54.287639
54.460782
54.631751
54.804702
54.979313
55.157244
55.334889
55.511090
55.688586
55.866254
56.043893
56.220060
56.398851
56.573992
56.750821
56.926157
57.106329
57.286334
57.463886
57.642543
57.823569
58.001415
58.179221
58.361298
58.543381
58.726028
58.904812
59.090904
59.274765
59.457137
59.638656
59.821966
60.003058
60.186117
60.373809
60.559481
60.744611
60.929372
61.113231
61.299655
61.486296
61.674087
61.862337
62.051456
62.241545
62.430728
62.618941
62.810199
63.000571
63.193707
63.386207
63.579381
63.772001
63.961779
64.151954
64.345261
64.537065
64.727808
64.922013
65.113859
65.307260
65.499727
65.694648
65.894362
66.090576
66.286431
66.482166
66.680715
66.880234
67.078120
67.276172
67.475228
67.672739
67.874476
68.072839
68.272782
68.474134
68.675734
68.874639
69.073834
69.277607
69.480844
69.685803
69.887303
70.093147
70.299098
70.500044
70.706925
70.912871
71.123151
71.329633
71.544033
71.750472
71.962375
72.171081
72.378860
72.589469
72.799729
73.011352
73.223317
73.433886
73.642270
73.850360
74.063168
74.277402
74.490975
74.705498
74.919002
75.132141
75.349569
75.566153
75.782618
76.000158
76.219017
76.432366
76.651448
76.868445
77.091143
77.309977
77.529534
77.750094
77.967775
78.189910
78.411784
78.635545
78.860851
79.085726
79.307034
79.531475
79.757065
79.985464
80.209494
80.438937
80.666694
80.895720
81.122129
81.351396
81.581626
81.813760
82.046428
82.273129
82.502725
82.735124
82.968625
83.201888
83.433865
83.667131
83.902156
84.141181
84.378971
84.616705
84.853797
85.095470
85.334770
85.567921
85.806332
86.043830
86.284736
86.528922
86.772020
87.012345
87.252643
87.497102
87.743619
87.988499
88.236335
88.483243
88.728669
88.975907
89.223456
89.468284
89.716287
89.965270
90.215770
90.464742
90.717159
90.965738
91.220280
91.472758
91.728735
91.980768
92.237844
92.494495
92.751690
93.008435
93.263188
93.524153
93.783588
94.041834
94.303185
94.564150
94.822159
95.087297
95.353813
95.618059
95.884913
96.151542
96.415906
96.679832
96.944411
97.215711
97.485550
97.755915
98.026322
98.305450
98.578442
98.850134
99.120797
99.396262
99.674334
99.950888
100.23109
100.51370
100.79070
101.06733
101.34596
101.62895
101.91089
102.19574
102.48177
102.76801
103.05269
103.33928
103.62863
103.91859
104.20541
104.49873
104.78953
105.07924
105.36775
105.65758
105.95239
106.24693
106.54245
106.83005
107.12686
107.42430
107.72424
108.02426
108.32578
108.62873
108.92682
109.23111
109.53557
109.84231
110.14952
110.45795
110.76551
111.07891
111.39418
111.71086
112.02008
112.33659
112.64798
112.96416
113.27942
113.59651
113.91804
114.23245
114.55217
114.87094
115.19870
115.52149
115.84181
116.16801
116.49707
116.82107
117.15213
117.47932
117.81027
118.13997
118.47215
118.80701
119.14349
119.47777
119.81032
120.14375
120.48833
120.82963
121.17048
121.50485
121.85568
122.19863
122.54173
122.88966
123.23842
123.58480
123.93829
124.29131
124.64677
124.99793
125.35879
125.71539
126.07268
126.42980
126.79399
127.15551
127.51215
127.87940
128.24846
128.61056
128.97110
129.33933
129.70726
130.08491
130.46223
130.83611
131.21597
131.59108
131.96947
132.35193
132.73114
133.11554
133.50614
133.89636
134.28857
134.67885
135.07040
135.46891
135.86452
136.26084
136.65703
137.06363
137.46504
137.87972
138.28929
138.69704
139.10956
139.52496
139.94565
140.35925
140.77354
141.19396
141.61734
142.03890
142.45943
142.87736
143.30714
143.74424
144.16571
144.59590
145.02094
145.45200
145.89515
146.33529
146.77815
147.21809
147.66101
148.10933
148.55353
149.00087
149.45861
149.91479
150.36956
150.82544
151.29225
151.75843
152.21298
152.68392
153.15997
153.62646
154.10023
154.57347
155.05758
155.54133
156.01677
156.50051
156.99257
157.48400
157.98051
158.47231
158.97013
159.46494
159.96388
160.47593
160.97580
161.48561
161.99425
162.50580
163.02372
163.54637
164.06724
164.58308
165.10508
165.62839
166.15256
166.68219
167.22582
167.77702
168.32314
168.87207
169.42456
169.98454
170.53675
171.09172
171.65026
172.22009
172.79469
173.37122
173.95388
174.53278
175.11953
175.70397
176.28584
176.88212
177.47665
178.07935
178.68826
179.29377
179.90778
180.50977
181.13188
181.75988
182.36974
182.99129
183.61987
184.25903
184.88614
185.53754
186.17786
186.84179
187.49305
188.14826
188.82018
189.49351
190.16748
190.86084
191.55803
192.23350
192.93421
193.64911
194.35207
195.05540
195.78455
196.49595
197.23092
197.95904
198.68818
199.42741
200.18888
200.94122
201.69711
202.43524
203.20296
203.97006
204.74407
205.52305
206.32548
207.11194
207.91489
208.73602
209.54537
210.36150
211.18996
212.02033
212.86125
213.70467
214.57097
215.44851
216.32589
217.21483
218.12424
219.01943
219.92026
220.81910
221.74969
222.68363
223.60666
224.56259
225.50474
226.46502
227.43470
228.43205
229.41637
230.40844
231.42480
232.44059
233.47429
234.51638
235.57996
236.66595
237.74325
238.84183
239.93756
241.05924
242.18817
243.33301
244.48409
245.64832
246.81389
248.00169
249.23195
250.46789
251.69732
252.94647
254.21870
255.49175
256.79928
258.12960
259.47446
260.81311
262.17482
263.55371
264.93706
266.36415
267.80118
269.25303
270.74404
272.23848
273.77781
275.34844
276.93349
278.53341
280.15417
281.81037
283.46976
285.19339
286.92234
288.68573
290.53103
292.38108
294.19059
296.09306
298.01792
299.97863
301.98167
304.04417
306.14073
308.30512
310.49824
312.72347
315.03678
317.36304
319.76954
322.25988
324.78286
327.31846
329.98558
332.67978
335.46288
338.31738
341.23698
344.23509
347.35523
350.61285
353.88721
357.33123
360.89510
364.58694
368.37710
372.35574
376.46838
380.76525
385.22273
389.94128
394.72762
399.87809
405.34595
411.14638
417.18455
423.63287
430.49265
438.03764
445.98818
454.58882
463.95701
474.13087
485.69884
498.47893
513.47746
530.98455
551.92721
578.05816
612.66514
665.52317
772.05695
