1.1534662
1.4239160
1.6032152
1.7406058
1.8550901
1.9568634
2.0468643
2.1289495
2.2051128
2.2762615
2.3431292
2.4069965
2.4668512
2.5245148
2.5791639
2.6326218
2.6839442
2.7332575
2.7808442
2.8274456
2.8723557
2.9169059
2.9595720
3.0018950
3.0428294
3.0830904
3.1225759
3.1610410
3.1987836
3.2356111
3.2722934
3.3081069
3.3430967
3.3778356
3.4123582
3.4461665
3.4793339
3.5124735
3.5448298
3.5769345
3.6081506
3.6394112
3.6704808
3.7015915
3.7317267
3.7611531
3.7903931
3.8193282
3.8486956
3.8779501
3.9059149
3.9335977
3.9619461
3.9902046
4.0181989
4.0452942
4.0725585
4.0992857
4.1260697
4.1525520
4.1785243
4.2045388
4.2300039
4.2562073
4.2817056
4.3069445
4.3322523
4.3575474
4.3824499
4.4073824
4.4322984
4.4567087
4.4812928
4.5053447
4.5296676
4.5539446
4.5777044
4.6020294
4.6258294
4.6491830
4.6726368
4.6962173
4.7194386
4.7425398
4.7654499
4.7887595
4.8113728
4.8340849
4.8569221
4.8794600
4.9018460
4.9241605
4.9467212
4.9690208
4.9909365
5.0126930
5.0346372
5.0564245
5.0783640
5.1001292
5.1220177
5.1436054
5.1652776
5.1864649
5.2076569
5.2291153
5.2504947
5.2721089
5.2935399
5.3143866
5.3354320
5.3561959
5.3775565
5.3984489
5.4192197
5.4399391
5.4608792
5.4816366
5.5024588
5.5227885
5.5435471
5.5638655
5.5847889
5.6052590
5.6258459
5.6458995
5.6660626
5.6863703
5.7065360
5.7264287
5.7467766
5.7665194
5.7869550
5.8067758
5.8267677
5.8466664
5.8664570
5.8860747
5.9061388
5.9262065
5.9455711
5.9654073
5.9851589
6.0047533
6.0245085
6.0441011
6.0638436
6.0833812
6.1028499
6.1225191
6.1419189
6.1614211
6.1806213
6.1996857
6.2188641
6.2382067
6.2574747
6.2768776
6.2958908
6.3150783
6.3342344
6.3530174
6.3720410
6.3909040
6.4102702
6.4296521
6.4488194
6.4678698
6.4867920
6.5056518
6.5246824
6.5437318
6.5627506
6.5818952
6.6006435
6.6195808
6.6385331
6.6571173
6.6760502
6.6949291
6.7137034
6.7327789
6.7514518
6.7701999
6.7888292
6.8075176
6.8262177
6.8447848
6.8632383
6.8820915
6.9008596
6.9193243
6.9382655
6.9570275
6.9757023
6.9942929
7.0130725
7.0316643
7.0501683
7.0689821
7.0876267
7.1062438
7.1244742
7.1428735
7.1616604
7.1803163
7.1992137
7.2176529
7.2362762
7.2547305
7.2733481
7.2921223
7.3108364
7.3292390
7.3479185
7.3664852
7.3849943
7.4040072
7.4225923
7.4414765
7.4599332
7.4787189
7.4975337
7.5157942
7.5346935
7.5530126
7.5714003
7.5900655
7.6086232
7.6268472
7.6452764
7.6638879
7.6824079
7.7008788
7.7192997
7.7378201
7.7564721
7.7746583
7.7935219
7.8122333
7.8307345
7.8491117
7.8679467
7.8863400
7.9045604
7.9234402
7.9421415
7.9606010
7.9789326
7.9980750
8.0167171
8.0352640
8.0538676
8.0725710
8.0911909
8.1097954
8.1283716
8.1472079
8.1659101
8.1846602
8.2032257
8.2219295
8.2404235
8.2592654
8.2778650
8.2966120
8.3153509
8.3341542
8.3526484
8.3711777
8.3901760
8.4092872
8.4278522
8.4463717
8.4653920
8.4841961
8.5033339
8.5224519
8.5408797
8.5598571
8.5786380
8.5973371
8.6163169
8.6353455
8.6544636
8.6737104
8.6922811
8.7113338
8.7305846
8.7495377
8.7684501
8.7872402
8.8064397
8.8254798
8.8445870
8.8634340
8.8831359
8.9019794
8.9209657
8.9398749
8.9591134
8.9785736
8.9977414
9.0168469
9.0360336
9.0550889
9.0741944
9.0934779
9.1127813
9.1322400
9.1515292
9.1708618
9.1902079
9.2096456
9.2289020
9.2480903
9.2675220
9.2870145
9.3065109
9.3259455
9.3452583
9.3646178
9.3840090
9.4038208
9.4233231
9.4429395
9.4627672
9.4823577
9.5020462
9.5218939
9.5417018
9.5614670
9.5811421
9.6010022
9.6211321
9.6407416
9.6604112
9.6806164
9.7003839
9.7203297
9.7401284
9.7599755
9.7800323
9.8001257
9.8201641
9.8401805
9.8602323
9.8803523
9.9006783
9.9210236
9.9408972
9.9612219
9.9817233
10.001720
10.021854
10.042260
10.062783
10.082808
10.103058
10.123045
10.143639
10.164014
10.184460
10.205108
10.225561
10.246430
10.267202
10.287852
10.308486
10.329070
10.349613
10.370498
10.391006
10.411596
10.432562
10.453583
10.474455
10.495622
10.516375
10.537433
10.558265
10.579190
10.600083
10.621386
10.642541
10.663734
10.685173
10.706501
10.727554
10.749068
10.770062
10.791634
10.813078
10.834666
10.856187
10.877685
10.899639
10.921032
10.943038
10.964281
10.985738
11.007741
11.029928
11.052149
11.074236
11.096205
11.118250
11.140068
11.161684
11.183966
11.206155
11.228199
11.250222
11.272400
11.294783
11.316670
11.339165
11.361661
11.383802
11.406040
11.428834
11.451571
11.474194
11.497014
11.519664
11.542143
11.565145
11.588287
11.611027
11.634410
11.657389
11.680682
11.704163
11.727087
11.750202
11.773431
11.796430
11.819611
11.843108
11.866336
11.889531
11.913100
11.937047
11.960605
11.984419
12.008437
12.032760
12.056788
12.080594
12.104438
12.128575
12.152625
12.176893
12.200867
12.225573
12.249797
12.274108
12.298550
12.322999
12.347776
12.372066
12.396499
12.421392
12.445927
12.470545
12.496013
12.521264
12.546699
12.572049
12.596934
12.622285
12.647254
12.672827
12.697890
12.723606
12.749451
12.774918
12.800433
12.826286
12.851882
12.877736
12.904120
12.930147
12.956718
12.983220
13.009536
13.035547
13.061900
13.088156
13.114813
13.141562
13.168269
13.194995
13.221842
13.249183
13.276022
13.302955
13.330760
13.358130
13.385784
13.413138
13.440979
13.469303
13.497011
13.525183
13.553563
13.581613
13.609879
13.638232
13.666785
13.695096
13.723568
13.752280
13.781072
13.810060
13.838923
13.867919
13.897017
13.926229
13.955575
13.985443
14.015257
14.045387
14.075326
14.104722
14.134706
14.165179
14.195466
14.225924
14.256275
14.286837
14.317174
14.348114
14.378938
14.410322
14.441370
14.472097
14.503025
14.534404
14.566214
14.597825
14.629905
14.662276
14.694900
14.727169
14.759424
14.791820
14.824587
14.857127
14.889769
14.922697
14.955764
14.988849
15.022211
15.055389
15.089124
15.123719
15.157909
15.192032
15.226330
15.260656
15.295640
15.330074
15.364725
15.400039
15.435295
15.471152
15.506862
15.541686
15.577464
15.613741
15.649202
15.685756
15.722698
15.759461
15.796275
15.833507
15.871576
15.909321
15.947575
15.986006
16.023897
16.062172
16.101536
16.139967
16.179413
16.218910
16.258498
16.298253
16.337449
16.378259
16.418789
16.460437
16.502364
16.543435
16.584540
16.625710
16.667891
16.709623
16.752039
16.794818
16.836894
16.880405
16.924269
16.967512
17.011700
17.056868
17.100454
17.146947
17.191739
17.237050
17.283267
17.329474
17.375790
17.422847
17.470416
17.518683
17.566245
17.615440
17.663646
17.712023
17.761156
17.811059
17.860733
17.910743
17.961644
18.013500
18.065555
18.117843
18.170777
18.223675
18.277048
18.330723
18.385402
18.440166
18.496266
18.552310
18.608196
18.665080
18.723179
18.780347
18.839322
18.898222
18.958623
19.018212
19.079239
19.140479
19.203341
19.264530
19.328445
19.392047
19.456382
19.521501
19.587854
19.655815
19.723596
19.792126
19.862213
19.932895
20.002900
20.074344
20.146480
20.220840
20.295694
20.370993
20.448773
20.526782
20.604577
20.684869
20.768027
20.849231
20.933128
21.016168
21.100917
21.186617
21.274268
21.362257
21.453523
21.544589
21.636146
21.729504
21.823609
21.921216
22.022008
22.122520
22.224743
22.328864
22.433090
22.539460
22.647454
22.758280
22.870797
22.986777
23.102337
23.222252
23.345908
23.464401
23.585660
23.714641
23.842997
23.973260
24.107695
24.249196
24.390803
24.529900
24.673147
24.822296
24.970485
25.124398
25.278930
25.439451
25.601743
25.768096
25.939384
26.117158
26.300247
26.479965
26.663337
26.848201
27.038473
27.233246
27.436652
27.637947
27.846673
28.057572
28.278313
28.499825
28.725761
28.956789
29.193191
29.433990
29.680933
29.938506
30.198454
30.462728
30.736467
31.016223
31.299187
31.588266
31.881157
32.183419
32.496155
32.815547
33.141950
33.473170
33.808078
34.147445
34.509554
34.871447
35.242094
35.628698
36.019054
36.419277
36.834915
37.263486
37.695813
38.132530
38.585174
39.045084
39.515650
39.993422
40.485236
40.988906
41.503700
42.052606
42.589557
43.151805
43.731027
44.307203
44.900098
45.519124
46.138508
46.782772
47.445927
48.151571
48.851948
49.556674
50.293881
51.029704
51.800251
52.586351
53.380074
54.188770
55.031550
55.895117
56.780198
57.691115
58.635265
59.569371
60.539026
61.540035
62.559126
63.604377
64.665205
65.776655
66.928649
68.096858
69.317134
70.578591
71.856312
73.154036
74.479592
75.826329
77.206386
78.639605
80.101958
81.613163
83.152275
84.719550
86.305061
87.910235
89.565030
91.247835
92.971234
94.709417
96.488026
98.317354
100.17385
102.07976
104.04142
106.09013
108.09527
110.15180
112.24522
114.35687
116.50089
118.69635
120.87953
123.06889
125.33730
127.60599
129.95432
132.29137
134.66684
137.14339
139.59950
142.08970
144.64628
147.23904
149.83597
152.51089
155.13060
157.80579
160.50687
163.23138
166.05217
168.84662
171.65878
174.55740
177.43885
180.33877
183.22994
186.14698
189.11756
192.14958
195.13234
198.07991
201.04133
204.18158
207.36703
210.45886
213.58770
216.83602
220.12465
223.47049
226.73421
230.01791
233.33328
236.75705
240.31632
243.79188
247.20733
250.76446
254.25905
257.76380
261.38240
264.93657
268.56553
272.31136
276.03120
279.76389
283.69853
287.56303
291.52196
295.48000
299.54104
303.50604
307.51094
311.51858
315.52726
319.81843
324.15664
328.48494
332.77900
336.95022
341.10453
345.24574
349.53420
353.73403
357.89552
362.28616
366.76556
371.41368
376.04981
380.73862
385.55391
390.42525
395.34881
400.36130
405.27660
410.07990
415.00665
419.90660
425.03278
429.96008
434.97478
439.88682
445.22071
450.52285
455.85911
461.17504
466.41584
471.91260
477.71070
483.36935
488.93742
494.56698
500.28144
506.18129
512.14481
518.19119
524.18800
530.25971
536.54016
542.85634
549.28129
555.54738
561.82763
568.15422
574.76279
581.42436
587.93309
594.65566
601.51438
608.70692
615.74293
622.80148
629.69282
636.74994
643.84891
650.87807
658.25298
665.57169
673.11740
680.71011
688.73624
696.67977
704.76099
712.60786
720.71992
728.47871
736.68580
745.08083
753.26544
761.18354
769.27774
777.69799
786.52996
795.60386
805.18420
815.29782
825.66936
835.18120
844.94617
854.90975
865.38395
875.76076
886.14413
897.09155
908.68448
920.10020
931.50069
943.67384
957.36755
971.23859
984.50435
999.29814
1014.6324
1029.7879
1046.3797
1064.8000
1084.1492
1104.2215
1128.2830
1154.1360
1184.1659
1217.8838
1263.4434
1330.5035
1445.6159
