0.0049977642
0.0099003011
0.014866884
0.019840720
0.024741344
0.029646851
0.034599768
0.039585696
0.044576644
0.049475066
0.054424391
0.059383049
0.064382950
0.069458305
0.074475970
0.079444967
0.084475048
0.089396638
0.094374546
0.099468476
0.10450322
0.10964511
0.11470654
0.11966893
0.12467568
0.12975209
0.13484658
0.13995273
0.14499919
0.15001006
0.15515484
0.16016948
0.16518474
0.17030918
0.17530799
0.18045727
0.18560534
0.19077026
0.19592615
0.20096911
0.20611901
0.21128430
0.21645014
0.22162332
0.22686921
0.23202094
0.23730920
0.24247943
0.24773432
0.25291812
0.25805062
0.26326611
0.26851071
0.27384189
0.27906526
0.28434765
0.28965203
0.29492124
0.30026064
0.30546441
0.31071330
0.31605731
0.32134635
0.32661439
0.33186795
0.33730247
0.34270837
0.34800090
0.35339743
0.35874838
0.36418711
0.36971120
0.37512231
0.38045826
0.38592793
0.39139481
0.39680910
0.40215762
0.40755477
0.41292648
0.41828925
0.42377354
0.42925438
0.43467192
0.44019447
0.44573260
0.45110051
0.45647345
0.46198226
0.46751002
0.47303075
0.47849075
0.48407841
0.48959431
0.49515764
0.50065917
0.50618289
0.51173120
0.51734860
0.52300037
0.52852079
0.53412593
0.53972892
0.54530409
0.55095506
0.55662852
0.56225277
0.56779756
0.57346402
0.57902113
0.58466155
0.59028582
0.59599752
0.60162532
0.60729814
0.61296097
0.61864623
0.62434123
0.63006710
0.63589169
0.64165240
0.64740187
0.65305852
0.65871493
0.66446194
0.67025281
0.67600412
0.68168333
0.68741044
0.69317852
0.69896074
0.70475477
0.71057991
0.71646780
0.72237767
0.72827384
0.73407375
0.74005238
0.74603989
0.75184147
0.75770571
0.76370273
0.76963969
0.77559229
0.78158802
0.78744896
0.79336638
0.79938804
0.80538660
0.81138750
0.81742189
0.82337808
0.82931536
0.83535211
0.84138387
0.84735717
0.85345290
0.85945225
0.86551290
0.87166604
0.87778007
0.88375689
0.88981448
0.89582750
0.90194373
0.90812143
0.91425453
0.92038985
0.92653357
0.93266332
0.93870578
0.94487112
0.95096915
0.95708039
0.96334480
0.96960494
0.97573902
0.98205704
0.98826668
0.99448595
1.0006504
1.0068841
1.0131382
1.0193954
1.0256903
1.0318854
1.0381107
1.0444729
1.0507041
1.0569724
1.0633362
1.0696479
1.0760158
1.0822711
1.0885642
1.0949569
1.1012599
1.1075889
1.1139439
1.1203384
1.1266259
1.1329242
1.1392786
1.1456641
1.1521107
1.1586187
1.1651069
1.1715677
1.1779417
1.1844166
1.1907992
1.1972535
1.2038015
1.2103693
1.2169565
1.2234331
1.2300284
1.2366595
1.2431228
1.2496598
1.2562485
1.2629082
1.2693671
1.2759779
1.2827178
1.2893154
1.2959145
1.3024814
1.3091196
1.3158271
1.3224097
1.3289901
1.3358413
1.3425636
1.3492939
1.3560005
1.3626514
1.3694475
1.3761720
1.3830104
1.3898010
1.3966026
1.4034304
1.4102198
1.4169653
1.4237048
1.4305194
1.4373691
1.4441975
1.4510182
1.4579507
1.4648605
1.4717525
1.4785173
1.4853158
1.4921736
1.4991375
1.5059942
1.5128488
1.5197384
1.5266302
1.5335451
1.5404452
1.5473170
1.5542689
1.5613425
1.5682588
1.5751682
1.5823103
1.5893714
1.5964319
1.6034642
1.6104657
1.6175068
1.6246339
1.6318228
1.6389079
1.6460916
1.6532072
1.6603436
1.6675661
1.6747483
1.6818719
1.6890298
1.6960613
1.7031547
1.7103573
1.7174638
1.7247070
1.7319552
1.7391486
1.7462963
1.7535189
1.7607755
1.7681885
1.7753758
1.7825643
1.7898299
1.7969969
1.8043472
1.8117677
1.8190179
1.8263522
1.8336357
1.8410096
1.8483724
1.8557583
1.8631728
1.8705460
1.8780433
1.8852641
1.8926486
1.9000747
1.9075189
1.9148458
1.9222864
1.9297520
1.9372598
1.9447235
1.9520629
1.9596047
1.9670915
1.9746307
1.9820373
1.9894555
1.9968365
2.0043936
2.0119286
2.0193915
2.0270517
2.0345452
2.0421064
2.0497085
2.0572734
2.0648452
2.0725455
2.0802418
2.0876913
2.0951755
2.1027829
2.1104284
2.1180493
2.1257842
2.1335224
2.1412897
2.1489505
2.1565055
2.1641723
2.1718156
2.1795699
2.1874250
2.1952005
2.2030360
2.2107472
2.2186035
2.2264544
2.2342870
2.2420291
2.2496889
2.2575651
2.2654148
2.2733294
2.2811466
2.2889859
2.2969399
2.3048135
2.3126246
2.3205447
2.3285334
2.3364852
2.3444128
2.3523150
2.3603729
2.3681928
2.3760040
2.3839608
2.3918795
2.3999447
2.4078915
2.4157953
2.4237416
2.4319210
2.4399386
2.4479719
2.4559877
2.4640356
2.4721523
2.4803017
2.4882762
2.4963029
2.5043103
2.5124142
2.5205448
2.5286292
2.5365547
2.5445317
2.5528313
2.5610347
2.5692304
2.5774013
2.5853955
2.5934657
2.6018142
2.6098655
2.6179911
2.6261400
2.6344458
2.6426957
2.6508495
2.6590994
2.6673385
2.6755573
2.6839073
2.6923976
2.7006797
2.7089112
2.7171989
2.7255935
2.7339973
2.7423729
2.7507476
2.7590081
2.7674517
2.7757464
2.7841533
2.7925629
2.8008538
2.8092386
2.8175232
2.8258298
2.8342754
2.8428039
2.8511898
2.8597134
2.8683058
2.8768314
2.8853893
2.8940099
2.9023720
2.9109523
2.9194390
2.9278865
2.9365431
2.9450833
2.9535641
2.9621887
2.9708049
2.9793750
2.9881152
2.9968567
3.0054018
3.0139937
3.0223715
3.0310050
3.0397313
3.0483991
3.0571830
3.0659120
3.0745123
3.0832705
3.0920682
3.1007042
3.1093639
3.1182837
3.1271426
3.1358191
3.1445033
3.1533091
3.1622204
3.1710373
3.1798349
3.1887882
3.1976500
3.2065252
3.2154314
3.2241370
3.2328573
3.2417597
3.2507566
3.2596084
3.2683995
3.2770986
3.2860527
3.2949666
3.3038143
3.3127831
3.3217284
3.3306125
3.3396046
3.3487082
3.3577281
3.3668262
3.3757666
3.3847064
3.3936865
3.4027120
3.4117772
3.4208565
3.4299858
3.4390793
3.4479990
3.4569711
3.4660739
3.4752053
3.4843539
3.4933969
3.5025198
3.5116489
3.5208761
3.5299897
3.5389109
3.5481532
3.5573361
3.5664295
3.5754059
3.5844751
3.5937760
3.6030208
3.6123767
3.6216514
3.6310209
3.6403265
3.6495502
3.6587326
3.6680596
3.6773226
3.6866905
3.6959430
3.7052141
3.7145974
3.7239713
3.7334206
3.7427202
3.7519383
3.7615369
3.7710275
3.7803731
3.7898068
3.7992278
3.8084640
3.8179539
3.8271597
3.8366359
3.8459302
3.8553578
3.8649576
3.8743261
3.8837996
3.8933294
3.9027996
3.9122910
3.9216226
3.9309816
3.9403219
3.9500111
3.9594632
3.9690848
3.9786157
3.9881201
3.9978432
4.0074682
4.0170465
4.0265264
4.0362411
4.0459321
4.0555410
4.0652807
4.0748566
4.0845691
4.0942390
4.1039206
4.1137024
4.1236435
4.1333684
4.1431286
4.1527686
4.1624602
4.1722897
4.1820011
4.1918518
4.2016469
4.2113257
4.2211599
4.2309593
4.2408475
4.2508227
4.2609259
4.2706786
4.2805331
4.2901893
4.3001239
4.3101593
4.3200489
4.3300756
4.3399651
4.3500273
4.3600539
4.3699659
4.3797831
4.3897570
4.3999167
4.4098937
4.4196710
4.4297045
4.4398472
4.4500536
4.4600773
4.4700629
4.4801157
4.4901044
4.5003207
4.5104450
4.5205010
4.5307199
4.5408913
4.5510002
4.5612127
4.5715197
4.5815674
4.5919127
4.6021929
4.6123589
4.6225136
4.6327275
4.6430402
4.6533307
4.6634898
4.6736566
4.6837511
4.6940194
4.7044066
4.7146503
4.7249445
4.7353189
4.7455196
4.7555086
4.7658270
4.7761677
4.7863765
4.7967483
4.8070994
4.8173827
4.8277526
4.8381767
4.8485054
4.8588755
4.8694314
4.8798433
4.8903343
4.9009341
4.9112103
4.9215820
4.9322107
4.9427600
4.9532397
4.9635308
4.9740549
4.9846068
4.9952361
5.0059313
5.0165462
5.0270499
5.0375740
5.0479823
5.0586813
5.0692329
5.0799052
5.0905857
5.1009663
5.1116237
5.1223435
5.1329489
5.1437815
5.1546287
5.1652019
5.1759665
5.1867461
5.1975599
5.2081788
5.2189215
5.2298268
5.2404849
5.2512823
5.2621011
5.2728716
5.2836348
5.2946276
5.3054275
5.3161919
5.3269983
5.3378581
5.3489523
5.3596585
5.3704119
5.3811743
5.3921240
5.4030670
5.4138335
5.4248276
5.4358166
5.4466536
5.4575565
5.4685816
5.4794235
5.4905755
5.5015551
5.5126218
5.5236112
5.5345258
5.5453737
5.5561373
5.5671941
5.5780194
5.5891171
5.6001235
5.6112315
5.6224099
5.6333510
5.6444929
5.6556952
5.6669114
5.6781491
5.6893631
5.7005007
5.7117394
5.7230999
5.7342538
5.7455430
5.7566500
5.7677771
5.7789103
5.7904491
5.8015128
5.8128186
5.8241910
5.8354314
5.8466423
5.8578988
5.8690899
5.8804648
5.8916345
5.9031644
5.9144924
5.9259065
5.9372652
5.9486700
5.9599477
5.9714208
5.9825824
5.9940276
6.0054020
6.0167955
6.0281761
6.0396948
6.0511874
6.0626177
6.0740544
6.0855821
6.0970363
6.1084422
6.1199591
6.1314874
6.1428566
6.1544026
6.1662573
6.1778181
6.1893671
6.2008178
6.2123886
6.2240148
6.2356271
6.2473601
6.2591826
6.2709687
6.2826275
6.2941101
6.3059116
6.3177305
6.3292317
6.3410877
6.3528036
6.3645763
6.3760948
6.3877596
6.3994211
6.4112480
6.4229273
6.4347259
6.4464818
6.4581338
6.4699278
6.4817546
6.4938443
6.5057613
6.5175348
6.5295906
6.5414795
6.5533745
6.5652901
6.5770630
6.5890305
6.6008966
6.6127603
6.6247260
6.6368613
6.6488457
6.6606843
6.6725369
6.6843394
6.6963581
6.7083622
6.7205169
6.7325124
6.7444677
6.7563751
6.7684402
6.7805265
6.7925275
6.8045809
6.8167531
6.8288919
6.8410988
6.8532012
6.8653877
6.8775928
6.8896517
6.9017414
6.9137937
6.9258365
6.9381304
6.9502935
6.9625882
6.9748385
6.9871616
6.9993234
7.0116706
7.0239382
7.0360989
7.0484582
7.0606413
7.0727909
7.0852125
7.0975017
7.1099579
7.1224117
7.1347636
7.1470259
7.1593298
7.1718089
7.1844034
7.1967419
7.2089984
7.2216143
7.2340615
7.2465490
7.2591541
7.2715339
7.2840439
7.2965428
7.3090332
7.3212783
7.3337386
7.3461848
7.3587202
7.3713757
7.3839444
7.3965015
7.4091295
7.4217037
7.4342104
7.4469375
7.4596083
7.4723174
7.4850560
7.4977762
7.5104863
7.5231653
7.5358808
7.5484477
7.5613049
7.5741179
7.5869164
7.5995576
7.6123363
7.6252646
7.6380325
7.6506131
7.6634122
7.6762153
7.6889048
7.7015701
7.7143536
7.7272208
7.7401205
7.7528845
7.7657833
7.7786848
7.7917040
7.8047407
7.8174897
7.8303047
7.8431696
7.8561582
7.8689531
7.8819359
7.8950232
7.9078741
7.9210429
7.9340714
7.9471158
7.9600679
7.9731068
7.9863561
7.9996707
8.0127279
8.0259999
8.0391587
8.0525228
8.0655630
8.0786644
8.0917049
8.1048944
8.1184379
8.1315692
8.1447859
8.1579638
8.1711488
8.1842411
8.1974876
8.2107273
8.2238649
8.2369235
8.2502850
8.2637611
8.2770300
8.2902056
8.3034765
8.3168187
8.3301952
8.3435787
8.3571617
8.3706088
8.3842280
8.3978236
8.4112357
8.4244193
8.4379513
8.4514199
8.4652956
8.4787681
8.4920139
8.5056184
8.5193405
8.5327586
8.5461982
8.5595734
8.5732872
8.5868852
8.6006561
8.6141233
8.6276846
8.6411964
8.6547505
8.6681279
8.6817130
8.6954346
8.7092635
8.7229613
8.7367461
8.7503447
8.7637377
8.7776742
8.7914614
8.8052135
8.8191709
8.8329361
8.8465871
8.8602204
8.8739156
8.8876640
8.9015536
8.9154106
8.9290633
8.9428267
8.9563559
8.9701063
8.9840007
8.9977533
9.0114524
9.0254126
9.0392751
9.0532420
9.0671175
9.0809566
9.0947978
9.1087088
9.1225403
9.1364215
9.1502163
9.1640365
9.1779824
9.1919034
9.2061883
9.2200712
9.2340871
9.2484481
9.2626139
9.2766575
9.2905992
9.3044441
9.3184975
9.3324952
9.3467244
9.3606511
9.3745832
9.3887540
9.4027109
9.4169381
9.4309838
9.4450234
9.4589893
9.4731982
9.4873980
9.5018710
9.5158905
9.5302691
9.5447221
9.5589460
9.5732750
9.5874989
9.6018633
9.6163230
9.6308323
9.6448058
9.6589731
9.6729869
9.6872138
9.7017806
9.7162269
9.7307568
9.7451204
9.7597031
9.7744961
9.7889424
9.8034696
9.8177173
9.8320227
9.8464475
9.8610825
9.8755543
9.8900794
9.9046885
9.9192505
9.9338468
9.9482041
9.9627675
9.9774077
9.9921769
10.006753
10.021515
10.036229
10.050635
10.065429
10.080217
10.094867
10.109880
10.124742
10.139313
10.154190
10.168712
10.183194
10.198144
10.212748
10.227443
10.242364
10.257301
10.272361
10.287331
10.302192
10.316829
10.331679
10.346652
10.361584
10.376537
10.391385
10.406194
10.420925
10.435634
10.450280
10.465279
10.480354
10.495292
10.510236
10.525377
10.540464
10.555610
10.570510
10.585495
10.600616
10.615904
10.631133
10.646668
10.661820
10.677049
10.692349
10.707468
10.722379
10.737679
10.752611
10.767582
10.782558
10.797785
10.813009
10.828365
10.843961
10.859176
10.874559
10.889706
10.905174
10.920520
10.935581
10.951102
10.966447
10.981909
10.997368
11.012832
11.028044
11.043529
11.058954
11.074351
11.089835
11.105554
11.121219
11.136753
11.152546
11.167883
11.183736
11.199088
11.214527
11.230098
11.245666
11.261160
11.277023
11.292745
11.308491
11.323901
11.339688
11.355441
11.371110
11.386818
11.402507
11.418232
11.433916
11.449643
11.465294
11.481066
11.496710
11.512566
11.528191
11.544238
11.559941
11.575939
11.591557
11.607376
11.623262
11.639084
11.654937
11.670891
11.686831
11.702837
11.718859
11.734946
11.750971
11.767229
11.783192
11.798986
11.815033
11.831179
11.847055
11.863101
11.879098
11.894960
11.910938
11.926798
11.942822
11.959025
11.975342
11.991271
12.007519
12.023782
12.039893
12.055749
12.071738
12.088043
12.104163
12.120428
12.136862
12.153183
12.169604
12.185715
12.202036
12.218368
12.234645
12.250975
12.267326
12.283739
12.300040
12.316592
12.333139
12.349487
12.365539
12.381618
12.397959
12.414670
12.430976
12.447340
12.464045
12.480564
12.497022
12.513368
12.529927
12.546671
12.563067
12.579489
12.595814
12.611953
12.628620
12.645029
12.661561
12.678467
12.695024
12.711648
12.728128
12.744799
12.761602
12.778513
12.795298
12.812174
12.828905
12.845596
12.862711
12.879256
12.896249
12.913212
12.930023
12.946855
12.963899
12.980991
12.997926
13.014794
13.031441
13.048385
13.065276
13.082022
13.099147
13.116120
13.132499
13.149542
13.166469
13.183370
13.200210
13.217352
13.234228
13.251174
13.267840
13.284984
13.301951
13.319179
13.336522
13.353431
13.370354
13.387617
13.404771
13.422115
13.439564
13.456802
13.473832
13.490987
13.508279
13.525460
13.542765
13.560334
13.577752
13.594951
13.612580
13.630034
13.647241
13.664392
13.681564
13.698611
13.715798
13.733268
13.750415
13.767692
13.784728
13.802175
13.819748
13.836860
13.854213
13.871899
13.889319
13.906743
13.924035
13.941579
13.959046
13.977129
13.994605
14.012167
14.029922
14.047303
14.064658
14.082149
14.099881
14.117392
14.135175
14.152831
14.170551
14.188109
14.205730
14.223328
14.240997
14.258955
14.276601
14.294707
14.312539
14.330300
14.348126
14.365693
14.383796
14.401794
14.419779
14.438098
14.455846
14.473633
14.491627
14.509541
14.527445
14.545066
14.563122
14.581294
14.599326
14.617588
14.635730
14.653754
14.671758
14.689874
14.707815
14.726170
14.744342
14.762271
14.780324
14.798623
14.816754
14.834692
14.852945
14.871233
14.889426
14.907560
14.925982
14.944147
14.962429
14.980800
14.999455
15.017498
15.035575
15.053902
15.072269
15.090513
15.108783
15.127467
15.146085
15.164588
15.183218
15.201553
15.220072
15.238289
15.256765
15.275332
15.293520
15.312339
15.330747
15.349190
15.367588
15.386455
15.404798
15.423393
15.442059
15.460946
15.479571
15.498009
15.516986
15.535667
15.554132
15.573105
15.591254
15.609764
15.628617
15.647240
15.665958
15.684869
15.703573
15.722567
15.741489
15.760432
15.779350
15.798197
15.817357
15.836052
15.855202
15.874437
15.893538
15.912804
15.931736
15.951153
15.970254
15.989009
16.007983
16.026995
16.046211
16.065195
16.084303
16.103272
16.122105
16.141013
16.160261
16.179573
16.198708
16.218049
16.237339
16.256530
16.275543
16.294747
16.314119
16.333359
16.352613
16.371988
16.391343
16.410750
16.430282
16.449738
16.469125
16.487966
16.507726
16.527099
16.546527
16.565883
16.585439
16.604962
16.624132
16.643587
16.663161
16.682196
16.701671
16.721079
16.740842
16.760717
16.780294
16.799674
16.819521
16.838880
16.858741
16.878295
16.898415
16.918088
16.937612
16.957067
16.976594
16.996335
17.015963
17.035619
17.055598
17.075344
17.094885
17.114706
17.134921
17.154963
17.174999
17.194805
17.214697
17.234498
17.254535
17.274156
17.294207
17.314042
17.334297
17.354510
17.374731
17.394690
17.414739
17.434696
17.454682
17.474751
17.494855
17.515077
17.535108
17.555161
17.575253
17.595390
17.615298
17.635555
17.655764
17.676477
17.696798
17.716808
17.736908
17.757125
17.777544
17.797638
17.818219
17.838663
17.858920
17.879311
17.899587
17.920234
17.940751
17.961137
17.981442
18.002255
18.023100
18.043398
18.063849
18.084272
18.104779
18.125500
18.146164
18.166635
18.187049
18.207822
18.228352
18.248951
18.269333
18.289863
18.310572
18.331115
18.351603
18.372392
18.393177
18.413928
18.434947
18.455671
18.476363
18.496902
18.517892
18.538814
18.559430
18.580587
18.601003
18.622010
18.642639
18.663334
18.684218
18.705084
18.725888
18.746434
18.767776
18.788714
18.809416
18.830069
18.851168
18.871882
18.892907
18.913670
18.934919
18.955934
18.976847
18.997793
19.018865
19.040008
19.061084
19.082046
19.103227
19.124482
19.145750
19.166947
19.188075
19.209378
19.230525
19.252008
19.273453
19.294703
19.315821
19.336763
19.358394
19.379608
19.401124
19.422377
19.443776
19.465125
19.486644
19.507798
19.529211
19.550863
19.572235
19.593721
19.615426
19.637279
19.658867
19.680575
19.702057
19.723729
19.745309
19.767016
19.788634
19.809996
19.831834
19.853648
19.875316
19.897000
19.918987
19.940869
19.962758
19.984355
20.006509
20.028357
20.049885
20.071737
20.093564
20.115515
20.137372
20.159240
20.181209
20.203128
20.224791
20.246735
20.268932
20.291177
20.312932
20.334919
20.357100
20.378887
20.401179
20.422920
20.444716
20.466723
20.488893
20.511002
20.533272
20.555197
20.577507
20.599882
20.622002
20.644392
20.666762
20.689162
20.711697
20.734234
20.756554
20.778537
20.800828
20.822959
20.845484
20.867732
20.889708
20.912206
20.934954
20.957349
20.979697
21.002043
21.024762
21.047400
21.070072
21.092499
21.115407
21.137991
21.160732
21.183225
21.206166
21.228817
21.251583
21.274374
21.296833
21.319587
21.341993
21.364773
21.387909
21.410930
21.433599
21.456218
21.479140
21.502043
21.525076
21.547514
21.570394
21.593177
21.616114
21.639281
21.662510
21.684928
21.708085
21.731015
21.753834
21.776640
21.799523
21.823002
21.846697
21.869745
21.892903
21.915946
21.938573
21.961645
21.984643
22.007878
22.030907
22.053933
22.077642
22.100881
22.124347
22.147614
22.170804
22.194407
22.217677
22.241172
22.264327
22.287457
22.310843
22.334460
22.358102
22.381382
22.404718
22.427944
22.451803
22.475297
22.498775
22.522489
22.545910
22.569320
22.592880
22.616434
22.640073
22.663715
22.687505
22.711347
22.734696
22.758228
22.781931
22.805792
22.829418
22.853245
22.877080
22.901263
22.924389
22.948368
22.972042
22.995874
23.020089
23.044002
23.067764
23.091331
23.115414
23.139519
23.163966
23.188093
23.211858
23.236108
23.260473
23.284357
23.308783
23.332844
23.357486
23.381785
23.405518
23.429670
23.453930
23.478584
23.502591
23.526880
23.551257
23.575782
23.599908
23.624028
23.648574
23.672785
23.696912
23.720962
23.745676
23.770044
23.794042
23.818425
23.842618
23.867091
23.891374
23.915752
23.940130
23.964798
23.989087
24.013756
24.038587
24.063411
24.088129
24.112637
24.137128
24.161756
24.186397
24.211182
24.236025
24.260479
24.284851
24.309310
24.334039
24.359100
24.383624
24.408298
24.433384
24.458270
24.483112
24.508023
24.532929
24.557857
24.582267
24.606968
24.632244
24.656929
24.681676
24.707114
24.732282
24.757525
24.782662
24.807647
24.832634
24.857721
24.883047
24.908784
24.933825
24.958869
24.984353
25.009871
25.035324
25.060415
25.085712
25.111418
25.136846
25.161981
25.187161
25.212862
25.238214
25.263422
25.289035
25.314416
25.339496
25.365016
25.390444
25.416260
25.441716
25.467457
25.493613
25.518910
25.544346
25.569554
25.595207
25.620866
25.646710
25.672492
25.698372
25.724399
25.749976
25.775418
25.801393
25.826574
25.852778
25.878638
25.904695
25.930671
25.956621
25.982886
26.008873
26.034753
26.060466
26.086878
26.112575
26.138554
26.164492
26.190065
26.216292
26.242111
26.268365
26.294635
26.320833
26.346973
26.372822
26.398950
26.425227
26.451149
26.477122
26.503613
26.530403
26.556705
26.583476
26.609462
26.635639
26.661789
26.688338
26.714935
26.740957
26.766559
26.792590
26.819360
26.845928
26.872471
26.899116
26.926122
26.952549
26.978874
27.005437
27.031784
27.058832
27.085964
27.112232
27.139019
27.165425
27.191836
27.218851
27.245709
27.272526
27.299398
27.326401
27.352719
27.379333
27.406469
27.432893
27.459862
27.486749
27.513575
27.540796
27.567767
27.594955
27.621711
27.649112
27.675923
27.703228
27.730336
27.757464
27.784562
27.812211
27.839235
27.866479
27.893772
27.920787
27.948314
27.975229
28.002273
28.029210
28.056752
28.084216
28.111498
28.138674
28.166177
28.193370
28.220888
28.248181
28.275460
28.303151
28.330863
28.357946
28.385680
28.412673
28.439963
28.467393
28.494751
28.522244
28.550125
28.577853
28.605829
28.633656
28.661355
28.689355
28.716911
28.744437
28.772374
28.800037
28.828059
28.855626
28.883642
28.911758
28.939565
28.967205
28.995028
29.022773
29.050832
29.078333
29.106462
29.134367
29.162475
29.190765
29.218905
29.246878
29.274785
29.302483
29.330945
29.358848
29.386992
29.415512
29.443904
29.472244
29.500428
29.528881
29.556911
29.585366
29.613432
29.641428
29.669762
29.698124
29.726800
29.755265
29.783348
29.812011
29.840366
29.869234
29.897680
29.926882
29.955270
29.984041
30.012617
30.040831
30.069813
30.098402
30.127184
30.155620
30.184436
30.213082
30.241726
30.270601
30.298925
30.328050
30.356679
30.385625
30.414336
30.443125
30.471705
30.500501
30.529542
30.559170
30.587995
30.616962
30.645817
30.674896
30.704015
30.733285
30.762205
30.790699
30.819873
30.848914
30.878095
30.907912
30.937403
30.966658
30.995900
31.025273
31.054357
31.083863
31.113321
31.142922
31.172282
31.202221
31.231094
31.260568
31.290124
31.319595
31.349420
31.379129
31.408690
31.438450
31.468411
31.498456
31.527950
31.557500
31.586937
31.616807
31.647020
31.676907
31.706714
31.736247
31.765882
31.795435
31.824832
31.854205
31.884210
31.914894
31.944982
31.975138
32.004805
32.034833
32.064678
32.094345
32.124472
32.154595
32.184455
32.214471
32.244385
32.274230
32.304233
32.334578
32.364416
32.394611
32.424605
32.454811
32.485480
32.515426
32.545604
32.575809
32.606600
32.636652
32.667344
32.697031
32.726940
32.757188
32.787522
32.817884
32.848413
32.878890
32.908943
32.939734
32.970046
33.000578
33.031227
33.061339
33.092417
33.123739
33.154383
33.185140
33.215934
33.246279
33.277293
33.308278
33.338987
33.369661
33.400369
33.431342
33.462285
33.493795
33.524544
33.555601
33.586554
33.618025
33.649026
33.680493
33.711293
33.742688
33.773506
33.804286
33.835233
33.866752
33.897876
33.929099
33.960868
33.992031
34.023746
34.054997
34.086232
34.117625
34.149005
34.180631
34.211407
34.243025
34.274982
34.307276
34.339182
34.371101
34.402536
34.433964
34.465390
34.497118
34.529027
34.560869
34.592475
34.624537
34.656020
34.688092
34.720174
34.751838
34.784287
34.815784
34.848262
34.880162
34.911883
34.943884
34.975966
35.008296
35.040641
35.072591
35.104843
35.137231
35.169530
35.202096
35.234247
35.266401
35.298702
35.331035
35.363348
35.395497
35.427561
35.459730
35.492545
35.525386
35.558269
35.590224
35.622959
35.655889
35.688297
35.720872
35.753396
35.786744
35.818956
35.851618
35.884594
35.917270
35.949821
35.982437
36.015033
36.048148
36.080669
36.112937
36.146386
36.179765
36.212434
36.245359
36.278596
36.311122
36.344328
36.377355
36.410058
36.442448
36.475774
36.509624
36.543431
36.577285
36.610701
36.644150
36.677079
36.710593
36.743692
36.776863
36.810194
36.843081
36.875843
36.909439
36.942506
36.975806
37.009411
37.042957
37.076048
37.109442
37.143547
37.177057
37.210328
37.244317
37.277752
37.311213
37.344812
37.378509
37.411775
37.445427
37.479219
37.512556
37.546944
37.580303
37.613771
37.647576
37.680778
37.714909
37.749189
37.783197
37.817042
37.851262
37.885305
37.919351
37.953237
37.986910
38.021452
38.055211
38.089606
38.123848
38.158380
38.193387
38.226770
38.260662
38.294976
38.328958
38.362992
38.397593
38.431737
38.465670
38.500096
38.534158
38.568631
38.602293
38.636739
38.671374
38.706191
38.740786
38.775262
38.810361
38.845279
38.880189
38.914520
38.948833
38.983327
39.018251
39.052852
39.087563
39.122520
39.157513
39.192649
39.227740
39.263190
39.298191
39.333229
39.368230
39.403545
39.438589
39.474136
39.509496
39.544423
39.579963
39.614903
39.649890
39.685017
39.720097
39.755247
39.789996
39.825617
39.860647
39.896063
39.931333
39.966397
40.001986
40.037453
40.073417
40.109205
40.145268
40.180616
40.216169
40.251934
40.287548
40.323001
40.358673
40.394609
40.430227
40.465967
40.501738
40.537608
40.573303
40.609331
40.645437
40.681566
40.717134
40.753187
40.789464
40.825082
40.860688
40.896883
40.933061
40.968656
41.004835
41.041130
41.077506
41.113488
41.149465
41.185567
41.222186
41.259064
41.295533
41.331271
41.367989
41.404346
41.440457
41.477042
41.513994
41.550532
41.587438
41.623613
41.660122
41.696761
41.733074
41.769724
41.806698
41.843608
41.880772
41.917304
41.954425
41.991345
42.028871
42.065227
42.102398
42.138949
42.176000
42.213042
42.250021
42.287367
42.323934
42.361118
42.398165
42.435790
42.472103
42.509466
42.546621
42.584128
42.620724
42.658180
42.695216
42.732977
42.770071
42.806962
42.845015
42.883272
42.920672
42.958124
42.995826
43.033804
43.071675
43.109761
43.146720
43.184115
43.221564
43.258883
43.296967
43.334893
43.372590
43.410360
43.448689
43.486769
43.524247
43.561584
43.599727
43.637071
43.675315
43.712807
43.751312
43.789773
43.828277
43.866240
43.905359
43.943184
43.980975
44.018386
44.057241
44.095368
44.133720
44.171670
44.210012
44.248382
44.286625
44.324838
44.362944
44.401112
44.439111
44.477889
44.516741
44.554870
44.593374
44.631698
44.669720
44.709075
44.748069
44.786836
44.825014
44.863881
44.902831
44.941523
44.980484
45.019229
45.058807
45.097677
45.136206
45.175516
45.214488
45.253501
45.292503
45.331634
45.370402
45.410166
45.449845
45.489358
45.528311
45.566907
45.606238
45.645802
45.684908
45.724465
45.763753
45.803756
45.842720
45.881982
45.921547
45.961569
46.001725
46.040991
46.081135
46.120485
46.160492
46.200374
46.240800
46.280242
46.320027
46.360166
46.399843
46.439681
46.480338
46.520474
46.560437
46.600623
46.640009
46.679797
46.719825
46.761039
46.801542
46.841590
46.882172
46.922466
46.963084
47.003666
47.044256
47.084437
47.124543
47.164922
47.205171
47.246182
47.287181
47.327740
47.368723
47.409523
47.450856
47.492019
47.533225
47.573964
47.615064
47.655968
47.696533
47.737127
47.778420
47.819223
47.860207
47.901535
47.942778
47.983632
48.025216
48.066015
48.106881
48.147454
48.188673
48.230320
48.271527
48.312740
48.354215
48.395958
48.437549
48.478693
48.519870
48.561233
48.602397
48.643833
48.685313
48.726978
48.768519
48.809842
48.851278
48.892859
48.934243
48.976626
49.018309
49.059774
49.102221
49.143832
49.185509
49.227407
49.270008
49.311910
49.353494
49.394981
49.436969
49.479864
49.522164
49.564196
49.606427
49.648400
49.691136
49.733458
49.774820
49.817304
49.859693
49.902276
49.945116
49.986969
50.029186
50.071467
50.113596
50.155874
50.198115
50.242200
50.285011
50.327859
50.370717
50.412972
50.456150
50.498819
50.540949
50.584639
50.628194
50.670708
50.714873
50.758103
50.802301
50.845728
50.889931
50.932150
50.975473
51.018824
51.060842
51.103990
51.146832
51.189513
51.232716
51.277051
51.319734
51.363077
51.406629
51.449948
51.493243
51.537043
51.579849
51.623232
51.666947
51.710402
51.754064
51.798041
51.841320
51.885138
51.930473
51.974088
52.017718
52.061578
52.104818
52.149288
52.193459
52.237053
52.281072
52.325402
52.369589
52.413063
52.456987
52.500726
52.545441
52.589698
52.634278
52.678150
52.722369
52.766388
52.810909
52.855056
52.899704
52.944092
52.988465
53.033504
53.077922
53.122380
53.167741
53.212875
53.257234
53.301555
53.346413
53.391473
53.436552
53.480396
53.525765
53.571512
53.616782
53.661757
53.706393
53.751184
53.796275
53.842048
53.886653
53.931442
53.976389
54.021049
54.067141
54.113094
54.158712
54.203491
54.249491
54.294518
54.340730
54.386472
54.432807
54.478071
54.522847
54.568540
54.614045
54.659844
54.705035
54.749605
54.795889
54.842439
54.888158
54.934289
54.980003
55.025762
55.071091
55.117709
55.164717
55.211284
55.257541
55.304110
55.349957
55.396280
55.442492
55.489935
55.536254
55.582977
55.628999
55.674644
55.720560
55.767812
55.814510
55.860433
55.906856
55.953468
55.999557
56.045661
56.092486
56.138779
56.185828
56.232409
56.279326
56.326448
56.373415
56.419613
56.466610
56.514531
56.561809
56.609486
56.655453
56.701910
56.749455
56.796562
56.844340
56.891606
56.938574
56.986242
57.034067
57.081787
57.129246
57.177314
57.224656
57.273160
57.320463
57.368389
57.415897
57.463727
57.511483
57.559742
57.607163
57.654751
57.703459
57.750945
57.798967
57.846829
57.895042
57.942961
57.990594
58.038719
58.087107
58.136235
58.184558
58.232698
58.281551
58.329898
58.378141
58.426528
58.476065
58.524781
58.573250
58.622031
58.670653
58.719790
58.768433
58.817721
58.866872
58.916177
58.965693
59.014215
59.063210
59.111481
59.160948
59.209666
59.258417
59.308068
59.357147
59.406423
59.455159
59.504251
59.553816
59.604178
59.653463
59.702613
59.752414
59.802269
59.851607
59.900146
59.949449
59.999380
60.048843
60.098641
60.148825
60.198660
60.249203
60.298129
60.347702
60.397024
60.446916
60.496091
60.545960
60.596038
60.645985
60.696133
60.746072
60.795810
60.845567
60.896050
60.945964
60.996466
61.045974
61.097009
61.147434
61.197422
61.247438
61.298955
61.350029
61.400732
61.451100
61.501850
61.552603
61.603465
61.654372
61.704584
61.755467
61.806662
61.858126
61.909665
61.960306
62.011438
62.062405
62.113137
62.164150
62.215039
62.265551
62.318696
62.370398
62.420672
62.472727
62.524250
62.575576
62.627800
62.678797
62.730301
62.782710
62.833972
62.884977
62.936591
62.989090
63.041113
63.092885
63.145250
63.197088
63.249130
63.301449
63.354026
63.406042
63.458605
63.511367
63.562948
63.615755
63.668599
63.720849
63.773458
63.826369
63.879327
63.931864
63.985250
64.037605
64.090081
64.142204
64.194218
64.246855
64.300213
64.352264
64.404304
64.456799
64.509927
64.562235
64.615865
64.670058
64.723184
64.776019
64.829719
64.884115
64.937512
64.990989
65.044394
65.097934
65.151423
65.205040
65.257901
65.311582
65.365464
65.418732
65.472457
65.526443
65.580413
65.634669
65.688177
65.741615
65.796013
65.850912
65.905200
65.959431
66.013303
66.067605
66.121212
66.174683
66.228513
66.282909
66.335735
66.389653
66.443323
66.497347
66.551272
66.606215
66.660245
66.715141
66.769332
66.823772
66.878965
66.933708
66.988574
67.043415
67.099132
67.154922
67.210802
67.265924
67.319969
67.374617
67.429596
67.485259
67.540139
67.596640
67.652781
67.707949
67.763324
67.818519
67.874117
67.929948
67.985778
68.041522
68.097295
68.153205
68.209291
68.265304
68.320653
68.376312
68.432930
68.488635
68.545251
68.601347
68.657531
68.713459
68.769850
68.825732
68.882292
68.938755
68.995755
69.051556
69.107877
69.164215
69.220662
69.276980
69.331986
69.389956
69.446883
69.503514
69.560028
69.616582
69.673182
69.729647
69.786725
69.843442
69.900276
69.957089
70.013375
70.070626
70.127671
70.184882
70.242306
70.299607
70.356762
70.414453
70.472298
70.530677
70.588213
70.646825
70.704173
70.761625
70.819172
70.876486
70.934698
70.992605
71.050446
71.108809
71.166398
71.225026
71.283525
71.341793
71.400863
71.458956
71.517143
71.576346
71.635077
71.694431
71.752701
71.810844
71.870318
71.928991
71.987131
72.045287
72.105316
72.165367
72.224908
72.284866
72.342564
72.402329
72.462332
72.521208
72.580080
72.639278
72.699080
72.758158
72.816434
72.875525
72.935280
72.994834
73.054730
73.114080
73.173814
73.233239
73.293830
73.352882
73.412371
73.471537
73.530926
73.589888
73.649698
73.710012
73.769120
73.829421
73.889312
73.949339
74.008935
74.069144
74.129459
74.189901
74.250476
74.311657
74.372107
74.434035
74.495430
74.555875
74.617258
74.678145
74.738643
74.799079
74.858869
74.919670
74.980856
75.041728
75.102317
75.163075
75.222638
75.284000
75.346004
75.407327
75.469955
75.530443
75.591479
75.653127
75.713936
75.776682
75.838482
75.901195
75.963577
76.025409
76.087981
76.150011
76.212212
76.275487
76.337632
76.400733
76.462422
76.524913
76.587179
76.650204
76.712718
76.774853
76.837728
76.899657
76.962597
77.025829
77.089695
77.152452
77.216403
77.279283
77.343694
77.407188
77.471000
77.534405
77.596944
77.658445
77.721178
77.784398
77.847534
77.911149
77.976305
78.040059
78.102736
78.166233
78.230392
78.292804
78.356993
78.421358
78.485210
78.548781
78.612314
78.675918
78.740504
78.804501
78.869006
78.932765
78.998350
79.061731
79.126260
79.191517
79.255168
79.320160
79.385455
79.450205
79.515867
79.579853
79.644430
79.708901
79.773894
79.838401
79.902861
79.968211
80.032916
80.097503
80.162608
80.228704
80.294562
80.359493
80.422722
80.487164
80.552411
80.617658
80.683629
80.748564
80.815408
80.881353
80.948286
81.013111
81.077992
81.143234
81.209050
81.275230
81.341153
81.407254
81.473086
81.539247
81.605975
81.672121
81.738216
81.805222
81.872772
81.939276
82.004259
82.070414
82.138176
82.204952
82.272524
82.340115
82.407081
82.473772
82.539837
82.606770
82.673941
82.741630
82.808501
82.875343
82.942335
83.009556
83.076958
83.145174
83.212100
83.278651
83.346071
83.413413
83.480414
83.547647
83.614620
83.682069
83.749923
83.816781
83.885104
83.952597
84.021364
84.090300
84.157862
84.225874
84.294876
84.362899
84.430523
84.499279
84.566926
84.635839
84.705477
84.773931
84.841897
84.910745
84.980232
85.048694
85.116982
85.186549
85.256141
85.325307
85.394152
85.463557
85.532848
85.602777
85.673294
85.743142
85.812218
85.882533
85.952243
86.021802
86.091031
86.161913
86.232092
86.303231
86.373967
86.445248
86.515992
86.586327
86.656633
86.726401
86.796002
86.865979
86.937189
87.007005
87.077758
87.149098
87.220307
87.289460
87.360488
87.431842
87.502784
87.573710
87.644270
87.715814
87.786838
87.857359
87.929630
88.001312
88.072894
88.143195
88.214669
88.285627
88.356902
88.427471
88.498578
88.570665
88.642303
88.713698
88.786696
88.859055
88.931353
89.002363
89.074890
89.148339
89.219238
89.292179
89.363804
89.436428
89.510988
89.583101
89.655234
89.727882
89.800127
89.873492
89.946319
90.020446
90.093942
90.167374
90.239247
90.311932
90.385227
90.458437
90.532123
90.606180
90.680026
90.754494
90.827921
90.901844
90.975227
91.049405
91.122752
91.197400
91.271573
91.345122
91.420198
91.494284
91.568824
91.643360
91.719035
91.792977
91.866865
91.942447
92.016124
92.090514
92.164703
92.239256
92.314201
92.388566
92.464176
92.540873
92.616124
92.692292
92.769098
92.844361
92.919044
92.995022
93.070117
93.144821
93.220483
93.296523
93.372435
93.449519
93.525810
93.601696
93.677517
93.754053
93.831177
93.907553
93.983204
94.059256
94.135785
94.211595
94.288617
94.365530
94.442999
94.519645
94.597488
94.673545
94.752140
94.830254
94.908519
94.985477
95.062900
95.139213
95.215801
95.293414
95.370757
95.449098
95.525292
95.603657
95.682949
95.761328
95.838065
95.914808
95.993046
96.070898
96.148671
96.227056
96.305357
96.382171
96.459453
96.537043
96.617131
96.696206
96.775164
96.854355
96.933365
97.010881
97.089057
97.168122
97.246405
97.325850
97.405983
97.485280
97.562995
97.642449
97.721910
97.802811
97.882281
97.962686
98.041767
98.122601
98.203091
98.282009
98.362639
98.444545
98.524997
98.605465
98.685949
98.767069
98.849011
98.927465
99.008874
99.088907
99.169724
99.251370
99.330796
99.411983
99.493115
99.574613
99.655493
99.736552
99.817980
99.899763
99.980906
100.06355
100.14483
100.22570
100.30687
100.38789
100.46985
100.55112
100.63275
100.71496
100.79895
100.88086
100.96346
101.04543
101.12945
101.21256
101.29582
101.37797
101.46053
101.54310
101.62676
101.71136
101.79453
101.87691
101.95930
102.04298
102.12518
102.20932
102.29341
102.37770
102.46239
102.54594
102.63063
102.71532
102.80024
102.88395
102.96778
103.05308
103.13906
103.22337
103.30809
103.39280
103.47736
103.56248
103.64688
103.73289
103.81974
103.90281
103.98822
104.07258
104.15691
104.24186
104.32669
104.41225
104.49866
104.58435
104.66930
104.75537
104.84089
104.92661
105.01257
105.09808
105.18406
105.26992
105.35869
105.44348
105.52915
105.61457
105.70212
105.78860
105.87586
105.96292
106.05014
106.13757
106.22545
106.31422
106.40238
106.48970
106.57680
106.66484
106.75145
106.83980
106.92782
107.01555
107.10527
107.19421
107.28374
107.37012
107.45755
107.54720
107.63527
107.72477
107.81514
107.90341
107.99136
108.08171
108.17196
108.25908
108.34611
108.43444
108.52375
108.61576
108.70493
108.79611
108.88646
108.97619
109.06581
109.15509
109.24347
109.33297
109.42341
109.51553
109.60677
109.69796
109.78734
109.87840
109.96820
110.05712
110.14960
110.24053
110.33226
110.42192
110.51225
110.60472
110.69566
110.78515
110.87494
110.96543
111.05789
111.14974
111.24097
111.33254
111.42482
111.51600
111.60556
111.69753
111.79035
111.88226
111.97558
112.06824
112.16046
112.25334
112.34667
112.43809
112.52957
112.62131
112.71641
112.81137
112.90645
113.00068
113.09438
113.18624
113.27873
113.37272
113.46648
113.56104
113.65588
113.75058
113.84502
113.93896
114.03395
114.12784
114.22240
114.31936
114.41375
114.50937
114.60479
114.70081
114.79556
114.89029
114.98501
115.08077
115.17621
115.27284
115.36649
115.46202
115.55675
115.65252
115.75052
115.84671
115.94279
116.03870
116.13499
116.23316
116.32965
116.42599
116.52251
116.61944
116.71711
116.81573
116.91325
117.01001
117.10805
117.20578
117.30415
117.40418
117.50065
117.59848
117.69699
117.79496
117.89267
117.99039
118.08715
118.18577
118.28474
118.38413
118.48328
118.58219
118.68048
118.78054
118.88125
118.98054
119.07958
119.17703
119.27703
119.37569
119.47661
119.57584
119.67651
119.77629
119.87544
119.97511
120.07555
120.17573
120.27557
120.37575
120.47640
120.57645
120.67712
120.77702
120.87769
120.97628
121.07780
121.17878
121.27906
121.37925
121.48030
121.58088
121.68189
121.78305
121.88402
121.98594
122.08841
122.19174
122.29405
122.39546
122.49746
122.60001
122.70112
122.80464
122.90826
123.01025
123.11373
123.21620
123.31955
123.42123
123.52264
123.62676
123.73179
123.83520
123.94055
124.04468
124.14866
124.25365
124.35860
124.46267
124.56863
124.67464
124.77916
124.88208
124.98588
125.08939
125.19345
125.29786
125.40370
125.51017
125.61602
125.72093
125.82687
125.93357
126.03854
126.14480
126.25165
126.35844
126.46525
126.57066
126.67726
126.78340
126.88915
126.99720
127.10455
127.21019
127.31709
127.42270
127.53043
127.63789
127.74669
127.85351
127.96180
128.06912
128.17726
128.28462
128.39324
128.50384
128.61340
128.72194
128.83063
128.93975
129.04901
129.15887
129.26902
129.38235
129.49222
129.60122
129.71031
129.81857
129.92684
130.03453
130.14440
130.25486
130.36651
130.47659
130.58637
130.69632
130.80477
130.91580
131.02653
131.13727
131.24918
131.35921
131.47123
131.58220
131.69371
131.80547
131.91603
132.02758
132.13984
132.25113
132.36414
132.47436
132.58563
132.69815
132.81054
132.92339
133.03692
133.15110
133.26390
133.37661
133.48907
133.60259
133.71575
133.82732
133.94233
134.05578
134.17097
134.28559
134.40031
134.51663
134.63125
134.74555
134.85954
134.97664
135.09279
135.20765
135.32255
135.43856
135.55518
135.66976
135.78606
135.90321
136.01973
136.13698
136.25209
136.36702
136.48415
136.59821
136.71562
136.83446
136.94888
137.06522
137.18381
137.30022
137.41741
137.53617
137.65390
137.77287
137.88885
138.00583
138.12368
138.24262
138.36060
138.47866
138.59890
138.71701
138.83638
138.95722
139.07633
139.19389
139.31352
139.43565
139.55433
139.67429
139.79329
139.91333
140.03444
140.15535
140.27745
140.39882
140.52172
140.64506
140.76644
140.88766
141.00932
141.13142
141.25156
141.37347
141.49431
141.61506
141.73877
141.86278
141.98652
142.10933
142.23249
142.35468
142.47683
142.60051
142.72560
142.85008
142.97533
143.09995
143.22210
143.34477
143.46873
143.59449
143.71787
143.84002
143.96282
144.08933
144.21325
144.33756
144.46249
144.58627
144.71239
144.83825
144.96444
145.08860
145.21497
145.34133
145.46837
145.59352
145.72126
145.84837
145.97526
146.10266
146.23205
146.35827
146.48722
146.61469
146.74181
146.86895
146.99759
147.12663
147.25564
147.38551
147.51481
147.64395
147.77532
147.90267
148.03201
148.16338
148.29267
148.42440
148.55469
148.68273
148.81162
148.94321
149.07269
149.20425
149.33514
149.46606
149.59726
149.72924
149.86193
149.99448
150.12668
150.25748
150.38975
150.51860
150.65221
150.78472
150.91656
151.04740
151.17934
151.31339
151.44659
151.57802
151.71111
151.84817
151.97993
152.11398
152.24798
152.38386
152.52134
152.65563
152.79171
152.92708
153.06298
153.19617
153.33064
153.46418
153.59976
153.73671
153.87259
154.00866
154.14533
154.28319
154.41887
154.55470
154.69165
154.83171
154.96832
155.10027
155.23831
155.37539
155.51224
155.64967
155.78637
155.92519
156.06226
156.19993
156.33656
156.47442
156.61392
156.75570
156.89173
157.02956
157.16775
157.30728
157.44848
157.58744
157.73000
157.87105
158.01176
158.15143
158.29485
158.43429
158.57518
158.71856
158.85891
159.00173
159.14301
159.28680
159.42860
159.57143
159.71428
159.85729
159.99653
160.13785
160.28285
160.42553
160.56949
160.71381
160.85765
161.00373
161.14918
161.29633
161.44220
161.58399
161.72947
161.87298
162.01550
162.15818
162.30509
162.44883
162.59207
162.74066
162.88762
163.03446
163.18151
163.32722
163.47139
163.61777
163.76599
163.91448
164.06205
164.20986
164.35702
164.50629
164.65363
164.80136
164.94990
165.09936
165.24886
165.39916
165.54956
165.69831
165.84766
165.99870
166.14838
166.29768
166.44966
166.60129
166.75213
166.90182
167.05231
167.20138
167.35248
167.50500
167.65801
167.81186
167.96597
168.11727
168.26951
168.42182
168.57604
168.73035
168.88338
169.03622
169.19274
169.34393
169.49858
169.65378
169.80895
169.96316
170.11617
170.27184
170.43035
170.58762
170.74359
170.90070
171.05785
171.21487
171.37153
171.52741
171.68477
171.84410
172.00364
172.16356
172.32120
172.48115
172.63935
172.80070
172.96218
173.12006
173.27791
173.43463
173.59742
173.75807
173.92030
174.08194
174.24531
174.40647
174.56945
174.72808
174.89068
175.05227
175.21266
175.37100
175.53511
175.69617
175.85688
176.02068
176.18167
176.34292
176.50568
176.66963
176.83187
176.99350
177.15747
177.32125
177.48864
177.65205
177.81751
177.98311
178.14857
178.31822
178.48507
178.64941
178.81800
178.98583
179.15233
179.32086
179.48915
179.65704
179.82214
179.98913
180.15340
180.31959
180.48868
180.65787
180.82859
180.99740
181.16749
181.33698
181.50784
181.67675
181.84910
182.02056
182.19357
182.36383
182.53728
182.70876
182.88108
183.05290
183.22723
183.39909
183.56967
183.74105
183.91482
184.08461
184.25728
184.43334
184.60899
184.78081
184.95804
185.13249
185.30610
185.48168
185.65692
185.83234
186.00650
186.18357
186.36360
186.54174
186.71831
186.89470
187.07489
187.25211
187.42844
187.60727
187.78792
187.96671
188.14694
188.32513
188.50307
188.68305
188.86186
189.04426
189.22729
189.40572
189.58611
189.76240
189.94239
190.12311
190.30752
190.48998
190.67098
190.85158
191.03323
191.21241
191.39615
191.58118
191.76239
191.94757
192.13217
192.31562
192.50225
192.68693
192.87123
193.05802
193.24490
193.43201
193.61721
193.80843
193.99632
194.18377
194.37381
194.56262
194.75004
194.93856
195.12747
195.31462
195.50105
195.69074
195.88070
196.06995
196.26099
196.44969
196.63958
196.83311
197.02281
197.21558
197.40881
197.60151
197.79476
197.98890
198.18273
198.37601
198.56981
198.75671
198.94990
199.14175
199.33398
199.52610
199.72233
199.92037
200.11590
200.31084
200.50614
200.70266
200.89875
201.09815
201.29639
201.49679
201.69065
201.88577
202.08592
202.28690
202.48350
202.68292
202.88161
203.08172
203.27961
203.48432
203.68201
203.88511
204.08579
204.28598
204.48628
204.68755
204.89262
205.09482
205.29824
205.50297
205.70885
205.91101
206.11456
206.32063
206.52602
206.73334
206.94167
207.14697
207.35748
207.56785
207.77558
207.98291
208.19047
208.40383
208.60984
208.82084
209.02930
209.23940
209.44964
209.66061
209.86795
210.07757
210.28788
210.50009
210.70883
210.92410
211.13858
211.35388
211.56577
211.78284
211.99956
212.21011
212.41933
212.63591
212.85272
213.06803
213.28267
213.49838
213.71607
213.93483
214.15208
214.37117
214.59024
214.80892
215.02624
215.24542
215.46294
215.68464
215.90323
216.12037
216.34050
216.56081
216.78129
217.00347
217.22844
217.45247
217.67594
217.89925
218.11930
218.33791
218.55893
218.77872
219.00088
219.22570
219.45137
219.67997
219.90443
220.12906
220.35775
220.58813
220.81442
221.04361
221.27586
221.50618
221.73258
221.96282
222.19310
222.42266
222.65327
222.87878
223.10945
223.34124
223.57235
223.80505
224.03975
224.27418
224.51017
224.74512
224.97686
225.21210
225.44911
225.68708
225.92431
226.16033
226.39957
226.63647
226.87399
227.10818
227.34937
227.59024
227.83370
228.07351
228.31283
228.55505
228.79247
229.03488
229.27488
229.51965
229.76462
230.00632
230.24768
230.49484
230.73838
230.98361
231.22897
231.47559
231.71942
231.96390
232.21170
232.45885
232.70576
232.95936
233.20815
233.46080
233.70762
233.95366
234.20131
234.45367
234.70769
234.96000
235.21057
235.46731
235.72177
235.97545
236.22973
236.48719
236.74354
236.99590
237.25162
237.50766
237.76318
238.02299
238.28259
238.53551
238.79728
239.05957
239.31768
239.57255
239.83304
240.09814
240.36078
240.62940
240.89066
241.15351
241.42159
241.68241
241.94607
242.20869
242.47057
242.73928
243.00814
243.27485
243.54323
243.81409
244.08245
244.35678
244.62717
244.89071
245.16104
245.43293
245.70473
245.97638
246.25207
246.52741
246.79900
247.07137
247.34305
247.61988
247.89074
248.17109
248.44482
248.72219
248.99836
249.27645
249.55629
249.83789
250.11886
250.39711
250.68230
250.95768
251.23684
251.51712
251.80365
252.08745
252.37570
252.66299
252.94463
253.22449
253.50934
253.79097
254.07359
254.35758
254.64580
254.93382
255.21799
255.50854
255.79880
256.08863
256.38385
256.67232
256.96520
257.25880
257.55744
257.84951
258.14404
258.43677
258.72972
259.02549
259.32568
259.61962
259.91666
260.21428
260.51296
260.81357
261.11496
261.41314
261.71833
262.02429
262.32811
262.62981
262.93678
263.24619
263.55470
263.86290
264.16696
264.47210
264.77999
265.08936
265.40179
265.71328
266.02157
266.33827
266.65094
266.96133
267.27574
267.59746
267.91276
268.22519
268.54505
268.86070
269.17649
269.49870
269.82255
270.14903
270.47206
270.79669
271.11531
271.44070
271.75746
272.08212
272.40421
272.73267
273.05995
273.38402
273.70785
274.04127
274.37184
274.69984
275.03851
275.36605
275.69821
276.03071
276.37533
276.71220
277.05128
277.38978
277.72841
278.06825
278.41017
278.74992
279.09145
279.43666
279.78172
280.12528
280.47187
280.81581
281.15878
281.50036
281.84829
282.19168
282.53486
282.88129
283.23085
283.57810
283.93208
284.28909
284.63774
284.98711
285.34101
285.69860
286.06025
286.41133
286.76434
287.12716
287.47816
287.83695
288.19230
288.55091
288.91449
289.28120
289.64633
290.01229
290.37559
290.74358
291.11400
291.48074
291.84865
292.22029
292.59043
292.96469
293.33681
293.70954
294.07951
294.45357
294.82717
295.20897
295.58901
295.97177
296.35001
296.73349
297.11983
297.50207
297.88708
298.27295
298.66154
299.05335
299.44420
299.82995
300.22187
300.61262
301.00890
301.39955
301.80012
302.20119
302.59940
302.99584
303.39539
303.79755
304.19696
304.59870
305.00179
305.40387
305.80841
306.21800
306.62361
307.03072
307.43738
307.85513
308.26797
308.67799
309.08148
309.49987
309.91643
310.33107
310.74816
311.17491
311.59838
312.02698
312.45082
312.86701
313.30037
313.72702
314.15440
314.58592
315.01652
315.44306
315.87191
316.30173
316.73428
317.17521
317.60571
318.04565
318.48542
318.93332
319.38264
319.82570
320.26582
320.71650
321.16535
321.61300
322.06031
322.51565
322.96647
323.41698
323.87686
324.33244
324.79024
325.24319
325.70789
326.16892
326.62348
327.09042
327.55726
328.02398
328.49256
328.96091
329.42776
329.89721
330.37368
330.83910
331.31935
331.80143
332.27635
332.75404
333.23644
333.72161
334.20015
334.68036
335.16798
335.65561
336.14564
336.63942
337.13649
337.63022
338.12698
338.62257
339.12310
339.62059
340.12231
340.62500
341.13758
341.64666
342.16476
342.68147
343.19675
343.70856
344.22196
344.74145
345.27249
345.78552
346.30662
346.84283
347.37260
347.90731
348.43416
348.96111
349.49488
350.03374
350.57457
351.12104
351.65856
352.19856
352.74859
353.30088
353.85511
354.41443
354.95603
355.51348
356.06742
356.62990
357.19124
357.75773
358.32915
358.89317
359.45950
360.03454
360.61381
361.18924
361.77604
362.35641
362.93224
363.51810
364.10343
364.69089
365.28724
365.87418
366.46055
367.06048
367.66366
368.26901
368.85734
369.46651
370.06397
370.67445
371.29311
371.91539
372.54327
373.16571
373.78829
374.41914
375.04340
375.66485
376.30579
376.94124
377.59279
378.23367
378.88284
379.52597
380.17389
380.83107
381.49577
382.14326
382.81773
383.47932
384.15202
384.81177
385.48919
386.15481
386.82723
387.50900
388.18144
388.86091
389.53928
390.22144
390.92810
391.61160
392.32250
393.02602
393.72830
394.44398
395.14750
395.86217
396.58930
397.31288
398.03513
398.76687
399.49394
400.22497
400.95255
401.69892
402.43843
403.18350
403.93003
404.68537
405.44378
406.19454
406.96774
407.72855
408.49274
409.27244
410.04887
410.83407
411.61887
412.40786
413.18753
413.99784
414.79435
415.59697
416.40106
417.22443
418.04344
418.86855
419.69097
420.51964
421.35090
422.18593
423.04095
423.89749
424.73829
425.59015
426.46340
427.33066
428.19823
429.07504
429.96898
430.84812
431.72815
432.63228
433.51474
434.43099
435.32543
436.21959
437.14484
438.07532
439.01238
439.93368
440.87288
441.81509
442.75272
443.71053
444.67156
445.64284
446.62876
447.60795
448.60845
449.58506
450.58195
451.58971
452.59758
453.61567
454.64959
455.68794
456.73099
457.76206
458.80446
459.85147
460.90902
461.98045
463.05856
464.14283
465.25325
466.34204
467.45493
468.57949
469.69975
470.83695
471.97671
473.11555
474.26719
475.43548
476.62397
477.79108
478.98088
480.14846
481.36375
482.58243
483.80212
485.03378
486.26776
487.52867
488.78681
490.03468
491.30695
492.59302
493.89023
495.20138
496.51433
497.83185
499.19886
500.55445
501.93271
503.29835
504.66646
506.03911
507.43523
508.87285
510.29923
511.72672
513.15573
514.62649
516.09556
517.59788
519.08640
520.60878
522.14234
523.68249
525.21019
526.77823
528.35675
529.95866
531.59105
533.21561
534.87019
536.51806
538.20354
539.92570
541.62674
543.34663
545.10772
546.87158
548.64607
550.47481
552.31174
554.20412
556.11188
558.03434
559.93956
561.88848
563.85118
565.84761
567.85589
569.84656
571.91556
574.00186
576.09803
578.25208
580.42954
582.66999
584.93274
587.23527
589.52672
591.84632
594.20719
596.63645
599.07097
601.52219
604.03528
606.55073
609.14991
611.79074
614.45854
617.14712
619.87820
622.68099
625.49451
628.40341
631.32346
634.33594
637.44102
640.54201
643.74166
646.94998
650.23264
653.56193
657.03208
660.55772
664.13038
667.87154
671.57237
675.43150
679.31562
683.35392
687.47991
691.77559
696.17060
700.62253
705.27066
710.01284
714.97807
720.09756
725.25418
730.53868
736.16951
741.84445
747.84148
754.10231
760.47557
767.22532
774.13723
781.41138
789.08540
797.17580
805.45936
814.30934
823.66818
833.64875
844.27898
855.75995
868.09017
881.30027
895.65516
911.13635
928.57627
947.85447
970.44652
996.73201
1028.6312
1067.6724
1119.7122
1196.2224
1345.9718
