49.723319
53.028058
54.906372
56.237403
57.290278
58.169689
58.933552
59.603345
60.205845
60.752574
61.251703
61.718630
62.148151
62.562439
62.941527
63.303983
63.649264
63.973489
64.286197
64.585740
64.873870
65.147719
65.417407
65.674212
65.922854
66.170046
66.406244
66.634346
66.856511
67.072792
67.283031
67.488597
67.691757
67.885795
68.075121
68.259836
68.443854
68.624806
68.801144
68.974695
69.144444
69.311863
69.477198
69.638572
69.797577
69.953371
70.106690
70.260149
70.408128
70.556346
70.700603
70.842487
70.984929
71.124492
71.259283
71.394257
71.528233
71.659491
71.788854
71.916442
72.045484
72.172428
72.296628
72.421279
72.544104
72.664025
72.783087
72.902590
73.020081
73.136297
73.250136
73.365251
73.477980
73.588332
73.698176
73.806476
73.914651
74.024442
74.129966
74.235174
74.340562
74.443347
74.545602
74.647046
74.749781
74.850921
74.948254
75.046692
75.146365
75.242362
75.341281
75.439689
75.536100
75.631505
75.724560
75.817658
75.909569
76.002486
76.094853
76.187331
76.276984
76.366745
76.455008
76.543677
76.630953
76.717378
76.805327
76.891192
76.977435
77.062782
77.148366
77.232320
77.316872
77.399825
77.481948
77.564621
77.647260
77.730305
77.810748
77.891735
77.972256
78.052809
78.131045
78.209075
78.287651
78.366636
78.444749
78.522573
78.602857
78.679931
78.756921
78.833722
78.908657
78.984674
79.059500
79.135363
79.210590
79.285809
79.359100
79.433427
79.507156
79.579960
79.651745
79.725079
79.797657
79.869211
79.941057
80.013337
80.084751
80.156038
80.226365
80.297136
80.366847
80.437262
80.507476
80.577457
80.646962
80.716447
80.786325
80.854847
80.923549
80.991075
81.057356
81.125253
81.193157
81.260442
81.327019
81.393830
81.461007
81.527031
81.593609
81.658324
81.723780
81.788841
81.854872
81.920629
81.985078
82.048547
82.113156
82.179230
82.242516
82.306706
82.369706
82.434234
82.496796
82.559564
82.622850
82.687077
82.749706
82.813389
82.876724
82.939028
83.000395
83.062476
83.123586
83.185083
83.247373
83.308850
83.369822
83.431311
83.491572
83.551046
83.610035
83.670822
83.732122
83.792311
83.851563
83.909912
83.969653
84.028621
84.087389
84.145426
84.205255
84.264403
84.323548
84.381153
84.439202
84.497644
84.556857
84.614308
84.672968
84.729835
84.787870
84.846586
84.903676
84.961630
85.018805
85.075079
85.132602
85.189878
85.246644
85.303670
85.361801
85.419556
85.476731
85.533158
85.590022
85.646319
85.702793
85.759266
85.814761
85.871517
85.926771
85.982884
86.038830
86.093945
86.148322
86.205043
86.259320
86.314338
86.369377
86.424409
86.478712
86.532322
86.586211
86.640599
86.694942
86.748668
86.803389
86.857923
86.911897
86.964004
87.018389
87.072216
87.124735
87.178381
87.231657
87.284674
87.338719
87.392781
87.447584
87.500022
87.553411
87.606182
87.659851
87.712041
87.765147
87.817470
87.870416
87.922778
87.975496
88.027658
88.079429
88.132384
88.184623
88.236181
88.288192
88.340752
88.392831
88.444326
88.496912
88.548797
88.600750
88.653605
88.704816
88.757746
88.808631
88.860669
88.911904
88.963912
89.014997
89.066325
89.116432
89.167690
89.218993
89.270073
89.321213
89.372283
89.423630
89.473918
89.524613
89.576021
89.626679
89.677932
89.728506
89.778611
89.829063
89.879043
89.929962
89.980051
90.030262
90.081153
90.130461
90.181224
90.231052
90.281105
90.331613
90.381314
90.431693
90.481330
90.530901
90.580825
90.630647
90.679452
90.729028
90.778112
90.827226
90.877093
90.926763
90.976335
91.025845
91.075388
91.125493
91.174859
91.224188
91.273482
91.321887
91.370800
91.420528
91.469536
91.518947
91.567765
91.616982
91.665692
91.715030
91.763678
91.812378
91.861977
91.910911
91.959692
92.008729
92.057581
92.107593
92.155948
92.204633
92.254435
92.302936
92.351340
92.400574
92.449560
92.498097
92.546426
92.594704
92.643413
92.691573
92.740267
92.789093
92.836810
92.885009
92.933212
92.982024
93.030346
93.078606
93.127080
93.176023
93.224297
93.273148
93.321776
93.370135
93.417704
93.465646
93.514474
93.563085
93.610863
93.659526
93.707308
93.755538
93.803534
93.851908
93.900714
93.949238
93.996388
94.045044
94.093094
94.141651
94.189808
94.237254
94.285207
94.333005
94.380979
94.428749
94.476374
94.524178
94.572493
94.619256
94.666904
94.714813
94.763683
94.811712
94.859430
94.907318
94.955455
95.004159
95.052179
95.099921
95.148325
95.196374
95.244141
95.292160
95.339898
95.388459
95.437069
95.485224
95.533682
95.581677
95.629184
95.676275
95.723752
95.771605
95.819573
95.867370
95.915378
95.962937
96.010990
96.059131
96.107560
96.155373
96.202960
96.250719
96.298558
96.345320
96.392328
96.439519
96.488458
96.535760
96.583031
96.631829
96.679529
96.726883
96.774828
96.822085
96.870149
96.918518
96.966215
97.014021
97.061685
97.109769
97.157618
97.205546
97.253468
97.300977
97.348553
97.397232
97.445039
97.492730
97.541070
97.588417
97.636263
97.684304
97.732052
97.780321
97.828620
97.876994
97.925173
97.973709
98.020947
98.069622
98.117610
98.165903
98.214212
98.262492
98.310577
98.359064
98.406733
98.455606
98.504275
98.553621
98.603483
98.651853
98.699837
98.747787
98.796072
98.843305
98.891015
98.939069
98.987617
99.036098
99.085100
99.133553
99.182592
99.231243
99.279284
99.328367
99.377368
99.425854
99.474516
99.523212
99.572765
99.621953
99.670394
99.718353
99.767085
99.815569
99.864523
99.912482
99.961052
100.00938
100.05854
100.10738
100.15529
100.20537
100.25412
100.30337
100.35198
100.40143
100.45061
100.49864
100.54870
100.59753
100.64684
100.69504
100.74471
100.79462
100.84413
100.89380
100.94308
100.99271
101.04186
101.09065
101.14045
101.19013
101.23980
101.28932
101.33791
101.38693
101.43600
101.48628
101.53597
101.58581
101.63530
101.68560
101.73517
101.78536
101.83565
101.88584
101.93648
101.98737
102.03753
102.08715
102.13785
102.18839
102.23791
102.28690
102.33665
102.38581
102.43592
102.48657
102.53627
102.58656
102.63690
102.68817
102.73963
102.79000
102.84162
102.89272
102.94306
102.99380
103.04473
103.09631
103.14720
103.19761
103.24886
103.30065
103.35140
103.40196
103.45399
103.50546
103.55614
103.60714
103.65933
103.71003
103.76243
103.81418
103.86617
103.91753
103.96983
104.02140
104.07377
104.12613
104.17780
104.22947
104.28209
104.33428
104.38543
104.43822
104.49036
104.54311
104.59649
104.64892
104.70140
104.75445
104.80718
104.85897
104.91174
104.96387
105.01668
105.06919
105.12399
105.17773
105.22951
105.28250
105.33530
105.38876
105.44240
105.49553
105.54967
105.60397
105.65803
105.71157
105.76516
105.81976
105.87321
105.92634
105.98061
106.03541
106.08936
106.14434
106.19847
106.25339
106.30845
106.36322
106.41725
106.47096
106.52586
106.58176
106.63687
106.69303
106.74825
106.80309
106.85708
106.91271
106.96760
107.02299
107.07804
107.13378
107.18942
107.24491
107.30056
107.35688
107.41262
107.46873
107.52521
107.58101
107.63878
107.69560
107.75206
107.80944
107.86556
107.92256
107.98074
108.03790
108.09516
108.15274
108.21017
108.26834
108.32676
108.38336
108.44102
108.49964
108.55783
108.61550
108.67439
108.73290
108.79128
108.84948
108.90922
108.96829
109.02595
109.08472
109.14379
109.20390
109.26372
109.32425
109.38361
109.44308
109.50364
109.56485
109.62509
109.68481
109.74497
109.80555
109.86541
109.92674
109.98656
110.04700
110.10751
110.16844
110.22945
110.29198
110.35408
110.41602
110.47705
110.53952
110.60191
110.66303
110.72442
110.78552
110.84758
110.91055
110.97319
111.03534
111.09763
111.16025
111.22308
111.28641
111.35037
111.41470
111.47807
111.54258
111.60658
111.67186
111.73716
111.80155
111.86685
111.93224
111.99789
112.06226
112.12796
112.19355
112.25908
112.32467
112.39063
112.45664
112.52308
112.58945
112.65620
112.72319
112.79078
112.85863
112.92464
112.99282
113.06006
113.12862
113.19592
113.26374
113.33178
113.40129
113.47157
113.54013
113.60956
113.67970
113.74935
113.81990
113.88863
113.95935
114.03012
114.10052
114.17240
114.24482
114.31626
114.38808
114.46085
114.53371
114.60597
114.67914
114.75175
114.82525
114.89826
114.97312
115.04726
115.12119
115.19468
115.26837
115.34298
115.41757
115.49224
115.56688
115.64245
115.71775
115.79497
115.87069
115.94768
116.02557
116.10396
116.18159
116.26028
116.33860
116.41746
116.49662
116.57578
116.65440
116.73310
116.81284
116.89261
116.97194
117.05337
117.13404
117.21434
117.29579
117.37827
117.46111
117.54201
117.62408
117.70757
117.79023
117.87495
117.95900
118.04267
118.12854
118.21398
118.30002
118.38604
118.47211
118.55995
118.64741
118.73393
118.82065
118.90989
118.99785
119.08695
119.17581
119.26570
119.35608
119.44672
119.53703
119.62790
119.71988
119.81092
119.90387
119.99644
120.08949
120.18452
120.27930
120.37550
120.47173
120.56709
120.66266
120.75861
120.85477
120.95334
121.04974
121.14986
121.24877
121.34909
121.45007
121.55206
121.65486
121.75732
121.86000
121.96210
122.06743
122.17008
122.27600
122.38223
122.48765
122.59385
122.70254
122.81021
122.91884
123.02978
123.14119
123.25176
123.36495
123.47652
123.58771
123.70163
123.81734
123.93398
124.04780
124.16551
124.28337
124.40144
124.52157
124.64059
124.76331
124.88624
125.01047
125.13519
125.26072
125.38449
125.51099
125.64121
125.77248
125.90323
126.03251
126.16737
126.30055
126.43619
126.57192
126.70880
126.84974
126.98908
127.13314
127.27355
127.41799
127.56473
127.71113
127.85881
128.00841
128.15712
128.30847
128.46306
128.61924
128.77457
128.93372
129.09400
129.25470
129.41755
129.58535
129.75340
129.92465
130.09760
130.27124
130.44817
130.62836
130.80884
130.99188
131.17742
131.36493
131.55428
131.74922
131.94557
132.14222
132.34340
132.54971
132.75888
132.97243
133.18711
133.40488
133.62440
133.85016
134.08037
134.31476
134.55512
134.79660
135.04752
135.29927
135.55052
135.81096
136.07543
136.34837
136.62682
136.91237
137.20231
137.50354
137.80661
138.11798
138.44707
138.77203
139.11068
139.46155
139.81910
140.18587
140.57271
140.96273
141.36991
141.79381
142.22968
142.68873
143.16701
143.66239
144.18268
144.73047
145.29888
145.90116
146.55864
147.24674
147.97858
148.76687
149.62282
150.55762
151.57740
152.70110
153.96120
155.42218
157.16961
159.28660
162.06311
166.16232
173.76350
