0.0025754133
0.0051560099
0.0077511975
0.010418435
0.013036694
0.015661965
0.018269444
0.020901283
0.023492308
0.026137265
0.028751031
0.031450296
0.034099577
0.036776709
0.039422123
0.042081953
0.044801165
0.047477466
0.050140524
0.052873682
0.055517447
0.058235456
0.060909914
0.063610000
0.066351475
0.069146051
0.071836769
0.074540795
0.077294927
0.079992321
0.082732625
0.085430207
0.088163451
0.090930956
0.093651115
0.096404355
0.099150427
0.10187980
0.10458052
0.10732437
0.11011729
0.11285922
0.11564619
0.11845017
0.12121509
0.12398673
0.12676194
0.12958834
0.13238984
0.13524635
0.13804837
0.14083904
0.14368396
0.14650375
0.14932895
0.15215723
0.15492788
0.15780976
0.16071283
0.16354745
0.16642493
0.16926646
0.17210820
0.17496858
0.17785275
0.18072239
0.18364793
0.18654895
0.18943975
0.19231698
0.19523766
0.19815490
0.20102217
0.20402903
0.20695726
0.20992455
0.21285687
0.21576488
0.21873062
0.22168466
0.22469252
0.22773401
0.23070391
0.23361679
0.23654750
0.23955488
0.24254528
0.24556513
0.24856261
0.25155545
0.25454118
0.25754278
0.26053938
0.26354615
0.26654816
0.26953859
0.27254790
0.27556257
0.27862137
0.28165098
0.28466484
0.28778245
0.29080992
0.29384850
0.29696122
0.30004598
0.30309765
0.30620153
0.30929526
0.31236734
0.31549079
0.31859702
0.32168864
0.32478335
0.32793398
0.33107369
0.33421849
0.33733277
0.34051493
0.34365444
0.34679187
0.35001803
0.35320164
0.35643226
0.35963421
0.36281521
0.36598360
0.36919299
0.37247636
0.37571373
0.37897294
0.38224286
0.38549055
0.38875390
0.39199878
0.39526233
0.39853261
0.40179450
0.40505844
0.40837078
0.41170337
0.41496598
0.41822270
0.42150577
0.42488670
0.42821153
0.43153167
0.43477990
0.43809730
0.44145938
0.44477434
0.44812237
0.45150320
0.45483905
0.45824642
0.46163586
0.46505307
0.46849732
0.47186534
0.47529614
0.47876733
0.48222323
0.48560048
0.48895706
0.49235730
0.49579362
0.49923953
0.50268062
0.50609799
0.50956614
0.51304502
0.51657058
0.52009027
0.52355316
0.52700904
0.53059305
0.53408369
0.53756616
0.54111877
0.54474027
0.54823407
0.55179602
0.55540406
0.55896337
0.56251932
0.56617863
0.56983862
0.57348128
0.57710557
0.58075551
0.58439306
0.58802322
0.59162454
0.59525251
0.59891943
0.60256732
0.60624394
0.60987549
0.61351514
0.61723816
0.62092043
0.62461457
0.62833871
0.63205813
0.63587364
0.63959221
0.64333779
0.64711942
0.65089037
0.65467495
0.65840728
0.66222289
0.66599088
0.66974585
0.67353953
0.67736498
0.68117275
0.68497725
0.68873088
0.69254938
0.69634162
0.70018810
0.70404481
0.70790298
0.71177996
0.71565276
0.71962831
0.72353070
0.72747923
0.73139900
0.73532571
0.73924340
0.74317889
0.74713911
0.75108443
0.75513140
0.75907500
0.76303053
0.76699711
0.77102168
0.77496442
0.77897707
0.78301453
0.78704792
0.79103858
0.79509435
0.79918446
0.80330614
0.80739117
0.81148104
0.81558559
0.81968498
0.82383827
0.82800041
0.83210211
0.83621932
0.84037498
0.84452191
0.84874552
0.85294892
0.85709116
0.86132046
0.86556778
0.86977894
0.87400947
0.87821046
0.88251478
0.88683904
0.89114177
0.89540455
0.89972404
0.90399723
0.90827321
0.91255473
0.91690162
0.92120515
0.92566065
0.92999972
0.93437753
0.93881840
0.94322247
0.94763554
0.95199461
0.95641263
0.96079597
0.96525341
0.96969723
0.97417615
0.97874591
0.98323944
0.98780064
0.99231639
0.99680872
1.0013741
1.0059737
1.0105543
1.0151950
1.0197392
1.0244545
1.0289934
1.0336075
1.0382092
1.0427797
1.0474449
1.0520741
1.0567589
1.0614184
1.0661291
1.0708385
1.0755975
1.0802907
1.0850873
1.0898161
1.0946355
1.0994302
1.1042538
1.1091572
1.1139744
1.1188865
1.1236954
1.1285733
1.1334236
1.1383981
1.1433627
1.1482902
1.1532558
1.1581820
1.1631079
1.1681068
1.1730622
1.1781066
1.1830469
1.1879775
1.1929171
1.1978984
1.2029718
1.2079608
1.2131756
1.2182151
1.2232763
1.2283579
1.2335477
1.2386983
1.2438066
1.2490364
1.2541951
1.2593965
1.2644697
1.2697113
1.2749486
1.2802037
1.2854554
1.2906734
1.2959140
1.3012070
1.3064160
1.3116949
1.3170630
1.3223918
1.3277174
1.3331264
1.3384926
1.3439068
1.3493437
1.3548105
1.3603107
1.3658396
1.3713542
1.3768837
1.3824869
1.3881185
1.3936165
1.3991830
1.4047958
1.4103902
1.4159771
1.4217160
1.4273996
1.4329869
1.4386992
1.4444005
1.4501496
1.4558890
1.4616455
1.4673589
1.4732628
1.4791603
1.4849912
1.4907486
1.4966321
1.5024832
1.5083984
1.5142934
1.5202765
1.5263566
1.5322901
1.5383149
1.5443945
1.5504574
1.5564688
1.5626637
1.5687462
1.5748391
1.5809525
1.5871417
1.5933748
1.5997016
1.6059562
1.6122198
1.6185416
1.6248314
1.6311261
1.6373897
1.6436644
1.6500008
1.6564066
1.6628746
1.6692840
1.6756732
1.6821349
1.6885260
1.6949455
1.7014336
1.7078915
1.7144767
1.7211484
1.7276738
1.7342971
1.7409472
1.7476649
1.7543628
1.7610417
1.7677148
1.7744447
1.7813277
1.7880987
1.7948996
1.8018210
1.8087196
1.8155862
1.8226239
1.8295158
1.8365048
1.8434760
1.8505155
1.8575929
1.8647593
1.8719722
1.8789638
1.8860747
1.8932505
1.9003586
1.9076335
1.9149034
1.9223830
1.9296578
1.9369859
1.9442953
1.9517492
1.9592046
1.9667508
1.9741465
1.9815863
1.9890576
1.9967448
2.0043516
2.0118191
2.0194367
2.0271800
2.0349766
2.0426252
2.0502413
2.0580634
2.0659290
2.0736872
2.0816010
2.0894996
2.0972448
2.1050616
2.1130859
2.1211418
2.1291924
2.1373895
2.1455399
2.1537819
2.1620653
2.1704169
2.1785209
2.1867792
2.1950660
2.2036047
2.2118572
2.2203742
2.2288925
2.2373757
2.2458991
2.2544648
2.2631596
2.2719237
2.2805691
2.2893513
2.2980612
2.3068523
2.3156661
2.3244760
2.3333896
2.3423059
2.3514307
2.3604943
2.3696011
2.3786326
2.3878612
2.3970814
2.4064690
2.4156975
2.4249875
2.4343958
2.4438112
2.4532988
2.4627669
2.4722237
2.4818244
2.4913209
2.5009668
2.5106649
2.5204929
2.5302687
2.5400475
2.5499193
2.5598635
2.5698948
2.5800316
2.5900506
2.6001230
2.6102098
2.6205336
2.6308528
2.6412212
2.6516163
2.6619978
2.6724758
2.6829381
2.6933297
2.7038876
2.7143500
2.7253685
2.7362133
2.7470034
2.7579697
2.7689928
2.7800633
2.7913324
2.8024876
2.8137817
2.8250537
2.8363635
2.8477134
2.8593313
2.8708489
2.8824339
2.8940559
2.9055670
2.9173025
2.9292207
2.9411616
2.9532396
2.9651655
2.9773449
2.9896383
3.0019619
3.0142352
3.0264027
3.0391338
3.0519250
3.0644514
3.0770230
3.0898398
3.1026151
3.1155803
3.1286333
3.1417990
3.1548967
3.1681002
3.1812072
3.1946748
3.2081966
3.2218203
3.2354277
3.2490670
3.2628825
3.2768262
3.2906410
3.3050329
3.3192913
3.3335725
3.3480551
3.3626053
3.3770875
3.3921252
3.4069056
3.4218800
3.4368049
3.4515424
3.4670200
3.4823356
3.4977830
3.5131737
3.5285893
3.5442449
3.5603309
3.5762752
3.5924530
3.6086422
3.6249130
3.6413721
3.6578637
3.6744953
3.6914106
3.7082878
3.7256024
3.7427843
3.7600591
3.7778839
3.7953114
3.8130993
3.8311437
3.8492192
3.8676074
3.8864337
3.9051981
3.9240232
3.9429561
3.9627379
3.9820631
4.0019768
4.0215930
4.0414173
4.0618343
4.0823153
4.1028516
4.1234540
4.1442842
4.1655726
4.1869939
4.2083103
4.2302619
4.2521790
4.2749281
4.2975257
4.3210074
4.3446667
4.3677353
4.3914638
4.4152184
4.4395957
4.4642684
4.4890520
4.5143156
4.5392499
4.5646885
4.5907135
4.6173843
4.6439356
4.6706789
4.6976036
4.7248997
4.7527168
4.7811849
4.8104926
4.8395835
4.8688055
4.8989654
4.9293339
4.9606720
4.9923439
5.0247493
5.0573152
5.0908081
5.1242235
5.1581189
5.1923739
5.2274174
5.2625818
5.2984652
5.3347608
5.3721658
5.4099403
5.4485764
5.4889392
5.5296958
5.5704135
5.6129595
5.6552079
5.6982072
5.7423036
5.7864873
5.8325279
5.8774815
5.9246491
5.9729193
6.0228274
6.0736294
6.1245397
6.1779940
6.2313144
6.2855232
6.3417089
6.4005943
6.4594337
6.5173936
6.5773199
6.6396072
6.7032019
6.7683087
6.8338283
6.9014920
6.9705731
7.0418071
7.1132600
7.1867830
7.2622351
7.3397812
7.4167217
7.4965427
7.5801243
7.6636576
7.7507893
7.8407663
7.9321917
8.0295179
8.1241897
8.2213676
8.3247009
8.4239161
8.5321688
8.6420809
8.7563137
8.8731155
8.9887161
9.1104653
9.2364655
9.3626070
9.4954255
9.6323510
9.7659493
9.9076574
10.049912
10.198695
10.354253
10.509687
10.670030
10.833222
10.999990
11.175972
11.351895
11.538135
11.732134
11.928441
12.129668
12.338449
12.552370
12.772473
12.997525
13.229852
13.473928
13.718682
13.962633
14.214576
14.475185
14.738277
15.018125
15.307064
15.598571
15.899905
16.203989
16.521835
16.860666
17.196841
17.547640
17.906701
18.282596
18.676048
19.076069
19.479312
19.910406
20.346040
20.786788
21.228577
21.690500
22.174748
22.677870
23.190276
23.710175
24.246935
24.788156
25.359434
25.952999
26.561927
27.214136
27.871801
28.554794
29.243999
29.954236
30.697475
31.456112
32.249567
33.053373
33.897243
34.760380
35.603124
36.485864
37.402971
38.344902
39.344664
40.347368
41.386322
42.444962
43.534585
44.653166
45.813152
47.007589
48.230015
49.513555
50.837584
52.197372
53.628236
55.099500
56.580726
58.124205
59.664744
61.271705
62.918428
64.644624
66.431702
68.304925
70.192528
72.175021
74.210420
76.288632
78.412128
80.623791
82.909629
85.272552
87.679797
90.174617
92.800848
95.437551
98.188463
101.01919
103.91996
106.91136
109.92631
113.07575
116.30640
119.70615
123.17590
126.61740
130.19450
133.87421
137.66465
141.50995
145.47187
149.47862
153.67714
158.03499
162.37351
166.74741
171.12262
175.68984
180.43051
185.29671
190.11088
194.90383
199.67846
204.55833
209.65251
214.69986
219.83899
225.00700
230.27674
235.49327
240.95220
246.37590
252.02629
257.64715
263.50124
269.63890
275.57408
281.56768
287.60688
293.95818
300.41200
306.50958
312.62765
318.86312
325.12733
331.15785
337.60154
343.87885
350.35861
356.86349
363.55395
370.43830
377.17514
383.99526
390.80028
397.24810
403.91888
410.74080
417.88170
424.96765
432.19540
439.18423
446.27447
453.36275
460.47762
467.69963
475.33799
482.71631
490.20487
497.78269
505.47542
513.13353
521.03044
528.81950
536.49989
544.41216
552.51726
560.57367
568.91908
577.43879
586.03127
595.03729
604.06503
612.98460
621.81741
630.57262
639.73044
648.61951
657.97533
667.53789
676.67404
686.03996
695.19079
704.57285
714.45238
724.56043
734.00331
743.90613
753.90336
763.75414
773.87583
784.21815
794.25310
804.88081
815.20012
825.85726
837.32149
848.54400
859.60652
870.57953
881.70136
893.10303
904.62115
916.97248
929.25406
941.54880
953.68859
966.35965
979.43296
992.74260
1006.1320
1019.4008
1033.7866
1048.5685
1064.2389
1079.9825
1095.6966
1113.3408
1131.7992
1149.9974
1168.3909
1187.7899
1207.2855
1227.6498
1249.1823
1272.5764
1297.6965
1324.6133
1353.7661
1385.8455
1420.2371
1455.0924
1497.4508
1547.6855
1612.1970
1684.4079
1782.1875
1913.9175
2238.6024
