1.6924576
2.0885874
2.3475016
2.5504329
2.7210936
2.8657653
2.9967471
3.1170044
3.2262712
3.3293321
3.4263106
3.5183321
3.6054503
3.6888568
3.7665073
3.8436095
3.9169776
3.9875660
4.0558365
4.1219406
4.1869188
4.2494341
4.3113962
4.3709067
4.4292208
4.4874722
4.5433707
4.5981131
4.6512448
4.7048639
4.7577396
4.8095290
4.8598895
4.9098929
4.9581905
5.0066786
5.0543821
5.1011715
5.1469771
5.1933764
5.2391476
5.2832193
5.3272432
5.3711212
5.4138960
5.4566846
5.4982873
5.5398420
5.5810574
5.6214112
5.6620066
5.7021728
5.7425392
5.7820444
5.8206290
5.8598047
5.8986240
5.9377437
5.9754591
6.0137261
6.0513328
6.0889932
6.1264541
6.1627536
6.1983688
6.2350810
6.2711166
6.3067916
6.3424927
6.3779868
6.4129576
6.4481568
6.4833860
6.5179600
6.5521509
6.5865229
6.6203828
6.6546062
6.6881690
6.7212228
6.7544823
6.7879335
6.8207937
6.8531145
6.8855985
6.9180004
6.9499283
6.9816100
7.0135468
7.0453641
7.0777165
7.1093619
7.1408073
7.1719790
7.2036042
7.2348958
7.2664729
7.2980659
7.3286750
7.3588933
7.3896110
7.4199498
7.4505854
7.4807981
7.5107754
7.5409774
7.5716496
7.6015322
7.6309788
7.6603312
7.6902099
7.7196978
7.7488601
7.7779704
7.8068728
7.8365685
7.8655279
7.8946941
7.9237674
7.9529746
7.9821973
8.0111422
8.0398105
8.0684140
8.0971341
8.1258799
8.1542606
8.1831892
8.2108227
8.2397497
8.2680812
8.2959331
8.3242015
8.3520945
8.3799042
8.4078209
8.4357878
8.4638553
8.4917135
8.5194727
8.5470946
8.5747313
8.6022500
8.6297299
8.6572374
8.6847285
8.7120032
8.7390635
8.7658902
8.7927722
8.8202114
8.8474514
8.8749026
8.9023573
8.9299252
8.9572412
8.9841517
9.0107028
9.0375732
9.0639113
9.0908489
9.1174134
9.1436812
9.1707607
9.1974528
9.2238216
9.2499631
9.2766287
9.3030994
9.3297947
9.3560719
9.3824193
9.4086097
9.4349747
9.4613876
9.4877498
9.5144708
9.5406621
9.5667921
9.5928667
9.6192226
9.6456472
9.6722156
9.6985391
9.7242806
9.7503049
9.7762980
9.8028051
9.8288673
9.8549964
9.8810614
9.9071165
9.9330386
9.9589237
9.9846695
10.010562
10.036183
10.062270
10.088415
10.114089
10.140097
10.166013
10.191461
10.217118
10.242691
10.268201
10.294008
10.319616
10.345126
10.370874
10.396436
10.421849
10.447402
10.472683
10.498224
10.523787
10.549774
10.575961
10.601427
10.627450
10.653286
10.678880
10.704546
10.730220
10.755806
10.781258
10.807020
10.832654
10.857877
10.883275
10.908522
10.934106
10.959532
10.984935
11.010891
11.036519
11.062027
11.087415
11.112652
11.138461
11.163867
11.189015
11.214693
11.240024
11.265666
11.291282
11.316503
11.341580
11.366984
11.392462
11.417999
11.443389
11.468981
11.494865
11.520706
11.546298
11.571848
11.596852
11.622349
11.647923
11.673373
11.698547
11.724272
11.749724
11.774893
11.800695
11.826291
11.851509
11.877529
11.903268
11.929005
11.954360
11.979736
12.004795
12.031202
12.056775
12.082713
12.108293
12.133756
12.159213
12.184527
12.210324
12.235705
12.261540
12.287055
12.312638
12.338369
12.364558
12.390604
12.416167
12.442053
12.468027
12.493628
12.519573
12.545836
12.571691
12.597297
12.623491
12.648962
12.675228
12.700855
12.727035
12.752758
12.778907
12.804660
12.830508
12.856571
12.882759
12.909107
12.934916
12.960771
12.986580
13.012578
13.038982
13.065298
13.091617
13.118233
13.144508
13.170750
13.196881
13.223184
13.249171
13.275590
13.301807
13.328157
13.354347
13.381040
13.407043
13.433208
13.459979
13.486416
13.512675
13.539361
13.566092
13.592313
13.618760
13.644915
13.671484
13.697965
13.724604
13.751900
13.778047
13.803992
13.831219
13.857675
13.884360
13.911179
13.938298
13.964929
13.992023
14.019282
14.046314
14.073453
14.100800
14.127875
14.155275
14.182653
14.209681
14.237049
14.264384
14.291642
14.318894
14.346444
14.373621
14.401541
14.428669
14.456250
14.483568
14.511229
14.538715
14.566304
14.593931
14.621350
14.648813
14.676684
14.703995
14.732171
14.759732
14.787318
14.815258
14.842540
14.870290
14.898325
14.926253
14.954331
14.982659
15.010697
15.038698
15.066696
15.094807
15.122934
15.151226
15.179657
15.208176
15.236382
15.264838
15.293055
15.321298
15.350103
15.378892
15.407416
15.436069
15.464896
15.493388
15.522377
15.551360
15.580024
15.609002
15.638005
15.666349
15.695939
15.724687
15.754167
15.783568
15.812804
15.842239
15.870805
15.900155
15.929797
15.959270
15.989086
16.018724
16.048116
16.077807
16.107687
16.137668
16.167459
16.197353
16.227312
16.256943
16.287049
16.316871
16.347232
16.376742
16.406863
16.436817
16.466667
16.496988
16.527419
16.557924
16.588195
16.618867
16.649323
16.680229
16.711253
16.741621
16.772808
16.803307
16.833960
16.864767
16.896036
16.927510
16.958591
16.989569
17.020696
17.051823
17.083438
17.115195
17.146666
17.178665
17.210351
17.242259
17.274271
17.305469
17.337217
17.369576
17.401565
17.433749
17.466115
17.497966
17.530183
17.562769
17.594985
17.626906
17.658850
17.691798
17.723963
17.756560
17.789590
17.823032
17.855948
17.889140
17.922960
17.955423
17.988665
18.022746
18.055885
18.089630
18.122990
18.156602
18.190647
18.224358
18.258212
18.291910
18.325917
18.360149
18.394525
18.428975
18.463681
18.498535
18.533053
18.567611
18.602282
18.636929
18.671901
18.706936
18.741789
18.777225
18.813264
18.848394
18.884335
18.919567
18.955534
18.991901
19.027977
19.064383
19.100763
19.137116
19.172919
19.209298
19.245437
19.281355
19.318917
19.355120
19.391816
19.429329
19.466254
19.503344
19.540658
19.577891
19.615306
19.653495
19.691143
19.728399
19.765386
19.803814
19.841852
19.880388
19.918972
19.957316
19.995796
20.034334
20.073675
20.113117
20.151937
20.191356
20.231055
20.270658
20.310128
20.350128
20.390213
20.430060
20.469615
20.510491
20.550703
20.591165
20.631884
20.672019
20.712447
20.753109
20.794720
20.835188
20.875966
20.917714
20.959651
21.000921
21.043122
21.084790
21.127163
21.170055
21.212793
21.255647
21.298216
21.342176
21.384766
21.427525
21.472141
21.515936
21.560280
21.605014
21.649588
21.694303
21.738527
21.783024
21.828949
21.873548
21.919202
21.964424
22.010201
22.055478
22.101622
22.148356
22.195728
22.241651
22.288938
22.335546
22.382340
22.430538
22.478163
22.526054
22.575023
22.624023
22.673266
22.721927
22.771202
22.820227
22.869028
22.919238
22.969003
23.019229
23.069873
23.121572
23.172903
23.224652
23.276459
23.327444
23.380082
23.431621
23.484251
23.536998
23.591370
23.644355
23.697583
23.750589
23.805286
23.859962
23.914597
23.970563
24.025578
24.081257
24.136688
24.192646
24.249301
24.306639
24.363886
24.419763
24.478852
24.536609
24.594902
24.654156
24.713588
24.773021
24.832870
24.893331
24.954505
25.015424
25.076853
25.138117
25.200905
25.263144
25.326657
25.391423
25.455479
25.519608
25.584659
25.650557
25.716633
25.782707
25.850593
25.916974
25.985335
26.053970
26.122539
26.192211
26.262197
26.333142
26.403916
26.475808
26.547344
26.620731
26.694612
26.768931
26.842755
26.918400
26.994600
27.072137
27.150103
27.228475
27.308605
27.388378
27.468476
27.551403
27.635149
27.718268
27.802108
27.887155
27.974348
28.059872
28.148021
28.236704
28.326837
28.418011
28.510430
28.605157
28.698476
28.794452
28.891533
28.988158
29.086929
29.186177
29.285044
29.388903
29.491713
29.597532
29.704124
29.812810
29.921614
30.032905
30.145241
30.258833
30.374845
30.492972
30.612485
30.733984
30.861332
30.985423
31.114276
31.242310
31.374222
31.510331
31.644277
31.785599
31.924757
32.065678
32.212318
32.362579
32.512407
32.666303
32.822539
32.983651
33.144939
33.311367
33.481401
33.655724
33.832319
34.010515
34.188991
34.377672
34.567347
34.764123
34.960081
35.162181
35.370993
35.581224
35.799962
36.020499
36.242859
36.471459
36.708723
36.951253
37.199589
37.451493
37.705866
37.971671
38.248690
38.527832
38.814532
39.102470
39.397030
39.700454
40.014097
40.334106
40.651988
40.987277
41.330125
41.682717
42.040747
42.411626
42.786707
43.171142
43.566162
43.969967
44.381281
44.804332
45.234760
45.683939
46.144086
46.607997
47.091967
47.586788
48.100793
48.619712
49.152249
49.702853
50.261918
50.841495
51.426519
52.030994
52.656268
53.294820
53.947253
54.631769
55.316169
56.022143
56.740640
57.490512
58.262497
59.064045
59.882585
60.721408
61.574200
62.457079
63.358860
64.295781
65.243275
66.221342
67.222125
68.261348
69.338130
70.432817
71.576521
72.745729
73.941156
75.170969
76.433875
77.720425
79.032929
80.378753
81.759705
83.169106
84.629101
86.102560
87.661154
89.267652
90.937819
92.625335
94.369250
96.156935
97.988147
99.878464
101.87006
103.89878
106.01434
108.19762
110.37653
112.58561
114.88183
117.25447
119.70040
122.11264
124.59067
127.16780
129.70102
132.36564
135.10541
137.92422
140.69941
143.60142
146.58254
149.56228
152.49868
155.45079
158.56265
161.70397
164.87058
168.02158
171.20727
174.42242
177.76645
181.12877
184.60845
188.11696
191.58336
195.04955
198.63127
202.23460
205.82924
209.42857
212.89278
216.46225
220.09285
223.71061
227.42594
231.13441
234.89114
238.78735
242.68267
246.67613
250.65783
254.75180
258.68620
262.64768
266.69828
270.75067
274.86378
279.02953
283.35769
287.53302
291.92605
296.27035
300.75874
305.11508
309.48164
313.94578
318.46308
323.05226
327.53250
332.01497
336.54366
341.27799
345.96841
350.65050
355.37061
360.15332
364.99114
370.03150
375.08985
379.97983
384.95008
389.95048
394.83230
399.86412
405.07982
410.30554
415.60391
420.90557
426.28392
431.52827
436.72395
442.07849
447.66193
453.43426
459.14141
464.83035
470.59608
476.21493
481.93036
487.67234
493.58523
499.76594
505.95577
512.20533
518.43967
524.84536
531.26047
537.74778
544.20152
550.96201
557.54608
564.09156
570.66098
577.23233
584.01774
591.05277
597.99452
605.05989
612.19401
619.46325
627.08020
634.49607
641.81598
649.38353
657.05145
664.99053
673.05891
681.27778
689.71465
698.15158
706.93358
715.34980
723.90048
732.60550
741.52734
750.67283
759.78935
768.85130
777.95089
786.76878
795.87939
805.68982
815.51070
825.10400
835.00436
845.39277
855.73815
866.32858
877.22056
888.05704
899.35739
910.84831
922.00134
933.60191
945.77216
958.76697
972.62743
986.95025
1001.3716
1016.0642
1032.4144
1050.3581
1069.9551
1089.9796
1111.3926
1136.7675
1164.1346
1195.3914
1235.6981
1283.0277
1357.5649
1474.1532
