0.49624684
0.64998815
0.75594508
0.84161925
0.91518343
0.97919369
1.0391273
1.0935093
1.1452574
1.1937392
1.2400917
1.2839828
1.3264425
1.3671073
1.4065220
1.4445891
1.4819687
1.5179520
1.5529716
1.5875199
1.6210152
1.6537354
1.6862623
1.7177029
1.7489235
1.7797638
1.8098853
1.8390721
1.8683166
1.8969053
1.9255577
1.9531550
1.9810396
2.0081857
2.0355348
2.0626358
2.0889498
2.1150704
2.1411095
2.1672165
2.1925947
2.2182889
2.2431180
2.2677662
2.2923307
2.3170475
2.3412446
2.3650337
2.3887200
2.4120073
2.4355369
2.4589480
2.4819418
2.5052642
2.5281299
2.5509095
2.5730024
2.5951442
2.6173987
2.6394386
2.6617999
2.6840305
2.7063284
2.7284312
2.7498827
2.7714950
2.7931497
2.8145293
2.8358860
2.8572170
2.8780379
2.8989844
2.9197788
2.9409570
2.9615662
2.9822019
3.0031156
3.0236486
3.0440852
3.0648630
3.0853157
3.1059791
3.1267862
3.1470747
3.1673652
3.1875770
3.2073714
3.2275564
3.2475317
3.2677038
3.2877364
3.3076726
3.3275935
3.3472299
3.3667507
3.3865444
3.4060178
3.4257564
3.4454842
3.4652381
3.4848509
3.5041240
3.5236030
3.5431425
3.5621284
3.5815363
3.6005836
3.6197355
3.6389232
3.6581398
3.6776676
3.6968849
3.7158493
3.7348342
3.7536208
3.7720574
3.7911526
3.8098994
3.8291245
3.8480153
3.8668227
3.8855118
3.9044369
3.9232597
3.9416727
3.9605951
3.9789563
3.9973519
4.0163659
4.0351185
4.0535737
4.0723950
4.0908657
4.1098296
4.1283355
4.1472198
4.1659391
4.1843354
4.2029418
4.2215171
4.2397817
4.2582295
4.2766936
4.2948804
4.3134018
4.3319299
4.3504513
4.3687545
4.3872205
4.4059975
4.4247563
4.4431779
4.4613764
4.4803364
4.4988007
4.5171431
4.5356029
4.5542203
4.5725527
4.5908106
4.6090962
4.6275274
4.6459434
4.6641721
4.6825091
4.7009489
4.7192808
4.7374999
4.7555923
4.7736870
4.7924290
4.8105331
4.8287557
4.8468437
4.8652079
4.8835457
4.9021514
4.9205153
4.9390579
4.9573942
4.9755915
4.9936255
5.0117946
5.0300954
5.0484119
5.0663043
5.0844292
5.1025433
5.1208031
5.1387949
5.1568764
5.1751994
5.1934656
5.2119654
5.2301054
5.2482172
5.2666800
5.2850774
5.3033695
5.3215312
5.3397119
5.3580384
5.3760277
5.3942729
5.4128367
5.4311389
5.4497051
5.4682927
5.4866137
5.5051832
5.5233524
5.5418489
5.5604850
5.5787912
5.5972039
5.6155651
5.6337011
5.6521344
5.6704489
5.6888446
5.7073649
5.7258866
5.7445116
5.7631394
5.7816483
5.7998231
5.8180055
5.8369181
5.8555500
5.8741325
5.8928318
5.9120418
5.9308443
5.9493714
5.9676552
5.9860899
6.0048489
6.0232458
6.0416073
6.0601743
6.0788038
6.0976314
6.1163197
6.1348436
6.1533490
6.1720106
6.1907518
6.2092780
6.2280663
6.2469572
6.2655798
6.2842360
6.3031099
6.3219283
6.3407668
6.3596574
6.3783582
6.3967863
6.4156178
6.4347719
6.4536750
6.4725942
6.4914727
6.5107674
6.5296313
6.5488279
6.5675855
6.5866169
6.6055549
6.6245252
6.6438466
6.6632589
6.6824233
6.7017197
6.7210067
6.7401392
6.7596337
6.7786983
6.7978162
6.8170903
6.8364108
6.8558934
6.8751871
6.8940929
6.9139204
6.9331262
6.9525769
6.9717121
6.9909476
7.0103249
7.0297398
7.0491121
7.0687436
7.0886270
7.1081063
7.1277541
7.1477226
7.1672687
7.1870984
7.2069547
7.2269268
7.2463353
7.2661875
7.2861866
7.3060966
7.3260333
7.3458346
7.3657263
7.3861675
7.4060302
7.4257481
7.4454681
7.4653828
7.4853935
7.5053909
7.5252622
7.5452902
7.5653112
7.5854079
7.6056190
7.6257845
7.6458627
7.6661216
7.6865413
7.7067599
7.7274295
7.7477305
7.7677597
7.7878673
7.8083553
7.8286290
7.8489585
7.8698376
7.8900617
7.9103415
7.9309578
7.9518089
7.9723659
7.9930355
8.0138216
8.0343216
8.0549640
8.0756648
8.0964984
8.1174847
8.1381937
8.1588437
8.1794505
8.2006452
8.2217007
8.2422251
8.2635374
8.2844771
8.3055812
8.3268674
8.3482917
8.3700231
8.3912304
8.4125984
8.4342763
8.4553492
8.4769915
8.4983837
8.5195384
8.5408819
8.5623059
8.5837337
8.6057373
8.6273210
8.6489495
8.6705632
8.6918504
8.7136069
8.7355204
8.7573552
8.7793582
8.8013695
8.8233093
8.8450353
8.8667083
8.8887603
8.9106916
8.9327586
8.9549266
8.9766905
8.9986478
9.0209158
9.0433929
9.0659205
9.0887000
9.1113983
9.1341671
9.1566743
9.1792842
9.2017529
9.2243300
9.2469935
9.2697277
9.2923334
9.3149908
9.3376058
9.3603906
9.3832910
9.4058964
9.4292639
9.4521462
9.4750111
9.4978217
9.5210075
9.5442251
9.5674924
9.5906966
9.6143521
9.6381496
9.6614770
9.6849510
9.7086122
9.7319556
9.7556328
9.7792101
9.8026002
9.8268049
9.8506966
9.8746128
9.8986957
9.9226213
9.9464400
9.9702342
9.9941428
10.018124
10.042745
10.066939
10.091469
10.116052
10.140405
10.164668
10.188815
10.213174
10.237372
10.262684
10.287658
10.312582
10.337284
10.362241
10.387132
10.412172
10.436985
10.462317
10.487761
10.513052
10.537938
10.563657
10.589204
10.614593
10.640315
10.665578
10.691121
10.716815
10.742550
10.768272
10.794005
10.819698
10.845584
10.871487
10.897111
10.923411
10.949785
10.975867
11.002282
11.028756
11.055249
11.081780
11.108502
11.135213
11.161971
11.188594
11.215366
11.242145
11.268643
11.295781
11.322165
11.349275
11.376464
11.403573
11.430920
11.458554
11.486107
11.513641
11.541373
11.569174
11.597249
11.625464
11.653022
11.681120
11.709435
11.738075
11.766297
11.794263
11.823270
11.851639
11.880398
11.908738
11.937776
11.965815
11.994611
12.023719
12.052719
12.081659
12.110633
12.140791
12.170410
12.199801
12.229214
12.258507
12.288526
12.318540
12.348390
12.378490
12.408327
12.438459
12.468463
12.498942
12.529203
12.559823
12.590856
12.621335
12.651904
12.682762
12.713467
12.744641
12.775672
12.806908
12.837682
12.869121
12.900686
12.932417
12.964143
12.995869
13.027872
13.059767
13.092048
13.124303
13.156612
13.188924
13.221654
13.254314
13.287885
13.320454
13.353138
13.386421
13.419943
13.453384
13.486680
13.520412
13.554252
13.588202
13.622470
13.656562
13.690659
13.724829
13.759647
13.795008
13.829581
13.864574
13.899470
13.934848
13.970518
14.006137
14.042255
14.078189
14.114731
14.150674
14.186636
14.222568
14.259030
14.294915
14.331479
14.367803
14.405129
14.442323
14.479358
14.516780
14.554394
14.592337
14.630457
14.668747
14.706807
14.744826
14.783379
14.822550
14.861613
14.899848
14.939048
14.978372
15.017685
15.056902
15.096846
15.136919
15.176638
15.217223
15.257365
15.297748
15.338241
15.378871
15.420110
15.461415
15.503136
15.545304
15.586527
15.628741
15.670808
15.713525
15.756487
15.799977
15.842206
15.885865
15.929682
15.973591
16.018365
16.063214
16.107534
16.152827
16.197837
16.243509
16.288439
16.334179
16.379797
16.426085
16.472411
16.518892
16.565983
16.613211
16.660628
16.707669
16.755111
16.803695
16.852578
16.901855
16.951890
17.001002
17.051084
17.100892
17.151104
17.202062
17.253470
17.305076
17.356326
17.407867
17.460321
17.512743
17.565015
17.617997
17.671539
17.726158
17.779412
17.833808
17.889221
17.944072
17.999939
18.056133
18.112401
18.169016
18.225828
18.282743
18.340960
18.399678
18.458754
18.517409
18.576939
18.637271
18.698392
18.760305
18.822089
18.882877
18.944759
19.007842
19.070127
19.133779
19.197772
19.261761
19.327022
19.393617
19.460332
19.528313
19.596576
19.665217
19.736170
19.806969
19.877798
19.948165
20.021913
20.095044
20.168787
20.243660
20.318381
20.394116
20.470919
20.548598
20.629845
20.710409
20.792261
20.873642
20.954958
21.038808
21.122007
21.206343
21.292901
21.379244
21.468088
21.558856
21.649148
21.742541
21.834988
21.929567
22.023306
22.121874
22.219068
22.321251
22.421092
22.526683
22.631395
22.735090
22.839249
22.948434
23.058909
23.171087
23.287423
23.404228
23.524079
23.647121
23.768013
23.894164
24.018022
24.142259
24.271253
24.406797
24.543504
24.680885
24.821023
24.960858
25.104790
25.255743
25.406692
25.561869
25.718630
25.879749
26.042952
26.209644
26.376630
26.554728
26.728348
26.909521
27.092204
27.279189
27.470154
27.669548
27.867238
28.070485
28.280775
28.497004
28.721809
28.950059
29.190265
29.436208
29.686643
29.935335
30.191249
30.455467
30.725949
31.002976
31.281854
31.575405
31.867035
32.171578
32.477903
32.813032
33.150886
33.484979
33.835843
34.188195
34.551946
34.926162
35.309741
35.705939
36.111826
36.536992
36.971263
37.422069
37.878629
38.356033
38.840454
39.340358
39.868231
40.401013
40.951792
41.501125
42.068626
42.668327
43.274359
43.916715
44.557807
45.221163
45.907012
46.633247
47.360607
48.128312
48.901468
49.700938
50.523332
51.379205
52.282797
53.208925
54.146238
55.110382
56.133268
57.163411
58.216115
59.292136
60.427502
61.574943
62.777643
64.009213
65.257660
66.544438
67.847377
69.203144
70.617065
72.065867
73.632964
75.235378
76.858809
78.563002
80.322334
82.153288
84.067820
86.045987
88.081253
90.214729
92.394172
94.618954
96.867277
99.263912
101.71902
104.27684
106.84236
109.52708
112.19610
114.88195
117.74561
120.71371
123.79171
126.99590
130.22430
133.50869
136.93891
140.44120
143.92139
147.52676
151.19292
154.81268
158.56131
162.33667
166.20629
170.02016
173.87010
177.83336
181.74493
185.77824
189.76187
193.84537
197.94665
202.11289
206.46836
210.86903
215.41985
219.95871
224.39006
228.78629
233.14605
237.53371
242.03782
246.82053
251.61828
256.48121
261.26762
266.16511
270.84848
275.50596
280.32948
285.12510
289.96052
294.94854
300.07408
305.14969
310.46619
315.68538
321.14011
326.49733
331.99125
337.69895
343.53874
349.51022
355.37655
361.16459
366.96952
372.71287
378.44910
384.50887
390.71604
396.94689
403.29850
409.38920
415.54165
421.88905
428.26974
434.96432
441.63338
448.38062
455.11803
462.00544
469.09561
476.28686
483.53453
490.89194
498.07069
505.34262
512.55126
519.67222
526.88531
534.08389
541.45742
549.16860
556.66849
563.88058
571.13547
578.58145
586.04976
593.72763
601.44767
609.33979
616.98312
624.88823
632.62932
640.42972
648.41047
656.93291
665.83415
674.40511
683.01592
691.20696
699.89113
709.48840
719.08774
728.40082
737.47130
746.70574
756.04562
765.22742
774.24272
783.53510
793.34160
803.62382
813.55405
823.95151
834.90486
845.07670
855.92749
866.67253
877.55139
889.17600
901.46450
913.50282
925.18653
938.45188
950.93845
964.27591
978.06085
991.06972
1004.7232
1019.0493
1033.6333
1049.3322
1066.2578
1082.9718
1100.6377
1119.0190
1138.1635
1158.6114
1180.1815
1203.9491
1228.3287
1257.2139
1288.7558
1322.6688
1359.7633
1401.3230
1451.1848
1514.9069
1607.5348
1799.7263
