4.9570057
6.4081599
7.3748408
8.1641222
8.8300905
9.4213657
9.9534306
10.440165
10.896163
11.325891
11.724263
12.114172
12.476235
12.829029
13.161081
13.484176
13.795866
14.103150
14.398984
14.688017
14.969873
15.247226
15.518354
15.787265
16.050592
16.308370
16.557930
16.806183
17.047481
17.285207
17.519689
17.749797
17.979693
18.205131
18.424509
18.646194
18.866425
19.082866
19.289985
19.501072
19.708904
19.915866
20.118645
20.317920
20.519805
20.716770
20.913400
21.106865
21.297891
21.490009
21.679280
21.864545
22.050271
22.233581
22.417536
22.600772
22.781359
22.961789
23.141631
23.319714
23.496186
23.674238
23.845949
24.019246
24.193144
24.363527
24.534082
24.702732
24.870594
25.037021
25.205144
25.373534
25.537745
25.703257
25.868986
26.033220
26.194982
26.356053
26.517708
26.677189
26.840553
27.003159
27.159532
27.318599
27.476599
27.633023
27.789137
27.942818
28.098308
28.253087
28.406553
28.561111
28.716532
28.870452
29.022848
29.176108
29.327796
29.476581
29.627200
29.777560
29.926455
30.075283
30.223818
30.372380
30.521234
30.668203
30.816990
30.965509
31.111315
31.257198
31.401459
31.548933
31.694577
31.840797
31.985937
32.129662
32.273233
32.416855
32.561119
32.705739
32.848176
32.989962
33.133695
33.273629
33.414013
33.557286
33.699091
33.840572
33.980543
34.122613
34.263128
34.399884
34.539084
34.676262
34.816464
34.954424
35.092207
35.230488
35.367554
35.507282
35.645404
35.783259
35.922016
36.059075
36.197234
36.330754
36.470103
36.607492
36.743760
36.878544
37.014333
37.151359
37.286497
37.421501
37.556367
37.690693
37.824111
37.957125
38.091384
38.226017
38.358972
38.493243
38.629370
38.764972
38.899209
39.034296
39.168567
39.301055
39.434648
39.570704
39.703524
39.836378
39.968432
40.099799
40.233739
40.365963
40.498703
40.629292
40.759977
40.892510
41.024850
41.157716
41.289937
41.419263
41.552141
41.682102
41.814774
41.947732
42.078168
42.208393
42.336094
42.467758
42.596120
42.729252
42.858714
42.989161
43.118550
43.248348
43.378867
43.510847
43.641268
43.772609
43.902940
44.033496
44.162637
44.293177
44.422380
44.549559
44.679212
44.808675
44.937666
45.068620
45.196626
45.326978
45.457207
45.585720
45.714700
45.847089
45.974953
46.103655
46.233263
46.362597
46.490449
46.621919
46.752857
46.881371
47.011609
47.138959
47.267222
47.397285
47.526889
47.655541
47.783695
47.913968
48.045714
48.173704
48.301855
48.429502
48.558167
48.687878
48.816724
48.946636
49.075662
49.205058
49.333192
49.463354
49.592858
49.720897
49.848424
49.975044
50.104789
50.235525
50.364828
50.496174
50.624623
50.755975
50.886029
51.015861
51.143835
51.272930
51.400560
51.530153
51.658370
51.788801
51.916631
52.047304
52.176200
52.306985
52.437976
52.568407
52.696895
52.827123
52.957348
53.087671
53.215242
53.343143
53.471989
53.602467
53.732940
53.862999
53.990258
54.120626
54.251618
54.380898
54.510183
54.639475
54.769745
54.900992
55.031771
55.164239
55.294503
55.423586
55.552772
55.682901
55.814463
55.943556
56.073648
56.203487
56.332666
56.463188
56.592913
56.724735
56.853400
56.983332
57.110871
57.242267
57.371606
57.502528
57.632290
57.762471
57.893079
58.022579
58.154030
58.283237
58.413960
58.543581
58.673223
58.804415
58.935123
59.067486
59.198063
59.328877
59.461349
59.592540
59.723426
59.858314
59.989102
60.122044
60.254482
60.386304
60.517695
60.650027
60.784000
60.915837
61.046129
61.177955
61.309192
61.441871
61.575156
61.707474
61.841463
61.975021
62.105784
62.238186
62.373569
62.506773
62.639791
62.771664
62.903226
63.036591
63.170680
63.302459
63.438750
63.573994
63.706894
63.839700
63.972330
64.107546
64.241202
64.373323
64.506031
64.640444
64.775977
64.910333
65.043590
65.177748
65.315289
65.451908
65.586023
65.720601
65.855805
65.990994
66.127838
66.262319
66.400240
66.536263
66.672758
66.809981
66.946175
67.082672
67.219420
67.352861
67.490409
67.626213
67.765696
67.903300
68.042174
68.180469
68.317651
68.456118
68.591662
68.730361
68.869787
69.007787
69.147216
69.285818
69.425430
69.564442
69.704933
69.842425
69.980600
70.118526
70.257552
70.394814
70.536370
70.674056
70.811931
70.952413
71.091988
71.231624
71.373834
71.513687
71.650341
71.791718
71.933476
72.072999
72.215309
72.356763
72.499109
72.639638
72.782922
72.924397
73.065955
73.205922
73.347516
73.490267
73.630224
73.771899
73.913145
74.057344
74.199145
74.340099
74.485577
74.629303
74.773368
74.920374
75.065317
75.211294
75.357648
75.502037
75.645125
75.788711
75.932092
76.075784
76.220581
76.365352
76.508340
76.653457
76.799687
76.945132
77.088435
77.234419
77.380720
77.526298
77.673235
77.819060
77.964737
78.112179
78.260116
78.408356
78.554574
78.702449
78.848912
78.996763
79.144995
79.291510
79.443135
79.592015
79.741786
79.889476
80.038608
80.186580
80.338434
80.488335
80.637536
80.788729
80.939256
81.089339
81.239610
81.393633
81.546150
81.698296
81.848969
81.999016
82.152030
82.305415
82.456568
82.610855
82.763164
82.917990
83.070218
83.222546
83.375693
83.531424
83.684447
83.836977
83.990677
84.145408
84.299842
84.455488
84.609922
84.766588
84.923364
85.077912
85.234581
85.393205
85.547856
85.701095
85.857310
86.011127
86.170104
86.327285
86.483011
86.639610
86.798894
86.956612
87.117159
87.277425
87.436413
87.596268
87.754427
87.913222
88.073563
88.233412
88.393687
88.553119
88.717631
88.881421
89.043753
89.202991
89.364995
89.527062
89.689719
89.850488
90.012387
90.177859
90.339376
90.501778
90.662198
90.827502
90.990993
91.155888
91.321984
91.485256
91.650454
91.818199
91.983643
92.146661
92.314513
92.480806
92.647412
92.816841
92.983132
93.149804
93.317983
93.486271
93.651643
93.819825
93.987656
94.158448
94.328546
94.499306
94.670955
94.838079
95.010463
95.181148
95.351715
95.524275
95.697122
95.868596
96.040859
96.211805
96.381325
96.554646
96.727777
96.898975
97.074354
97.248962
97.424826
97.602771
97.778750
97.953426
98.129283
98.303633
98.484720
98.659304
98.832828
99.013798
99.192984
99.370726
99.546714
99.724343
99.904225
100.08405
100.26485
100.44343
100.62532
100.80700
100.99050
101.17103
101.35245
101.53443
101.71787
101.90150
102.08410
102.26609
102.44943
102.63384
102.81909
103.00732
103.19076
103.37869
103.56577
103.75562
103.94521
104.13256
104.32036
104.50864
104.69572
104.88934
105.07982
105.27262
105.46367
105.65061
105.83871
106.02704
106.21838
106.40645
106.59745
106.78903
106.98131
107.17582
107.36906
107.56135
107.75412
107.95074
108.14299
108.33959
108.53495
108.73370
108.92951
109.12872
109.32839
109.52676
109.72583
109.92596
110.12810
110.32435
110.52549
110.72563
110.92621
111.13008
111.33120
111.53503
111.73920
111.93897
112.14503
112.34914
112.55749
112.76284
112.97169
113.17877
113.38670
113.59714
113.80545
114.01488
114.22346
114.43276
114.64249
114.85296
115.06681
115.27613
115.49234
115.70562
115.91996
116.13265
116.34662
116.56327
116.77706
116.99274
117.21034
117.42684
117.64069
117.85964
118.08195
118.30338
118.52392
118.74140
118.96544
119.18633
119.41091
119.63325
119.86146
120.08624
120.30952
120.53317
120.76059
120.98665
121.21345
121.43925
121.66685
121.89074
122.11966
122.35074
122.58415
122.81404
123.05029
123.27776
123.50929
123.74288
123.98006
124.21466
124.44899
124.68854
124.92580
125.16042
125.39735
125.63753
125.87543
126.11622
126.35861
126.60010
126.84133
127.08467
127.33016
127.57575
127.82412
128.07178
128.32166
128.56913
128.81710
129.06168
129.30794
129.55942
129.81300
130.06541
130.32281
130.57380
130.82661
131.07856
131.33227
131.58992
131.84974
132.11282
132.36736
132.62720
132.88914
133.15244
133.41377
133.67915
133.94199
134.20570
134.47803
134.74324
135.01061
135.28361
135.55423
135.82603
136.10254
136.37657
136.65286
136.93018
137.20316
137.47976
137.76016
138.04014
138.32358
138.60422
138.89194
139.17701
139.46159
139.75027
140.03215
140.32085
140.61093
140.90032
141.19211
141.48304
141.77806
142.08149
142.37337
142.67501
142.97016
143.26960
143.57358
143.87512
144.18278
144.48457
144.79013
145.10013
145.40737
145.71528
146.02645
146.33973
146.65195
146.96275
147.27669
147.59045
147.90369
148.22243
148.54201
148.86557
149.18916
149.51264
149.83758
150.16243
150.49049
150.82186
151.15011
151.48011
151.81883
152.15898
152.49480
152.83531
153.17589
153.51763
153.86397
154.21061
154.56042
154.91107
155.26295
155.61694
155.97837
156.33515
156.69832
157.06107
157.42222
157.78711
158.14940
158.52274
158.89635
159.26456
159.64430
160.02014
160.39142
160.77018
161.15047
161.53632
161.92253
162.31389
162.70463
163.09942
163.49435
163.88645
164.28779
164.68823
165.09319
165.49888
165.90911
166.31488
166.71935
167.13887
167.55672
167.97888
168.39843
168.82610
169.25674
169.68729
170.11913
170.55229
170.98835
171.42482
171.86897
172.31389
172.76377
173.21616
173.67460
174.13666
174.60474
175.06413
175.52703
176.00650
176.48306
176.96510
177.45184
177.94568
178.44031
178.93613
179.43705
179.93908
180.44185
180.95407
181.46259
181.97887
182.48933
183.02017
183.55323
184.08846
184.61561
185.15502
185.69198
186.24205
186.79036
187.35210
187.91347
188.48596
189.06144
189.65051
190.23643
190.83122
191.42628
192.02565
192.62368
193.23607
193.85432
194.47752
195.10325
195.73987
196.38510
197.03786
197.68528
198.34937
199.03001
199.68953
200.37124
201.05274
201.75649
202.45023
203.15663
203.88396
204.61834
205.35187
206.09670
206.85959
207.63243
208.39960
209.19394
209.98454
210.79108
211.61276
212.44637
213.27998
214.13534
215.01249
215.89309
216.78869
217.68689
218.60767
219.52826
220.46976
221.40594
222.37602
223.35444
224.33773
225.33675
226.35846
227.42706
228.50700
229.59423
230.70938
231.82811
232.97116
234.12920
235.30510
236.53619
237.76802
239.02975
240.34289
241.67374
243.03404
244.41412
245.85764
247.30462
248.78986
250.32341
251.89797
253.51039
255.15877
256.87417
258.61679
260.46030
262.32763
264.28251
266.26919
268.35181
270.49783
272.71132
275.04428
277.45627
280.00161
282.68466
285.46036
288.42680
291.54399
294.83319
298.31360
302.11657
306.21502
310.62833
315.41349
320.61241
326.30948
332.81233
340.07013
348.62521
358.56802
371.13882
387.92979
412.98929
461.29044
