0.0011051133
0.0021928010
0.0032979635
0.0044116793
0.0055304921
0.0066414732
0.0077487389
0.0088657956
0.0099811477
0.011114409
0.012228820
0.013354030
0.014444850
0.015551596
0.016685240
0.017811545
0.018952608
0.020076838
0.021230356
0.022354140
0.023473959
0.024605741
0.025745299
0.026871123
0.028014774
0.029159618
0.030309287
0.031440620
0.032580136
0.033735121
0.034883382
0.036035608
0.037200416
0.038360879
0.039497636
0.040672493
0.041832940
0.043001450
0.044173265
0.045330541
0.046506343
0.047674856
0.048835645
0.050022569
0.051172293
0.052351576
0.053540338
0.054725257
0.055873819
0.057067985
0.058269546
0.059456594
0.060651930
0.061841848
0.063045625
0.064225477
0.065390016
0.066562858
0.067760761
0.068945085
0.070129600
0.071340954
0.072545957
0.073744387
0.074934136
0.076141829
0.077346039
0.078559575
0.079769282
0.081004093
0.082251831
0.083485711
0.084723324
0.085963481
0.087184004
0.088422604
0.089646156
0.090892557
0.092117961
0.093354146
0.094585613
0.095823456
0.097081779
0.098329117
0.099586249
0.10079919
0.10204262
0.10327322
0.10452030
0.10579006
0.10704493
0.10829406
0.10954687
0.11079471
0.11207268
0.11336310
0.11463402
0.11591610
0.11718452
0.11845355
0.11974623
0.12102159
0.12229531
0.12357393
0.12485913
0.12613167
0.12744069
0.12873116
0.13004340
0.13135519
0.13265870
0.13395374
0.13524201
0.13656139
0.13787657
0.13918048
0.14049263
0.14178396
0.14311168
0.14445021
0.14578100
0.14711136
0.14844912
0.14978171
0.15111469
0.15244854
0.15380367
0.15517392
0.15654217
0.15788586
0.15921312
0.16057090
0.16189330
0.16325476
0.16458638
0.16594587
0.16731756
0.16867974
0.17005078
0.17141409
0.17278639
0.17413664
0.17551610
0.17689293
0.17827007
0.17964004
0.18101680
0.18241074
0.18383294
0.18522163
0.18661730
0.18800886
0.18941707
0.19082892
0.19222178
0.19363563
0.19503061
0.19644430
0.19784800
0.19926771
0.20070539
0.20210686
0.20353554
0.20497792
0.20640688
0.20784659
0.20931455
0.21075105
0.21221297
0.21362965
0.21505193
0.21652276
0.21799167
0.21944296
0.22090897
0.22236325
0.22383422
0.22527287
0.22675174
0.22824681
0.22973538
0.23120681
0.23267598
0.23415018
0.23562631
0.23712178
0.23862417
0.24010283
0.24160437
0.24309349
0.24457417
0.24607334
0.24757248
0.24910545
0.25062100
0.25211664
0.25364513
0.25514923
0.25667935
0.25822163
0.25976373
0.26131153
0.26286843
0.26442271
0.26598549
0.26752357
0.26906735
0.27064426
0.27217679
0.27373127
0.27529583
0.27687654
0.27843753
0.28002601
0.28160148
0.28319112
0.28473838
0.28630869
0.28790195
0.28949447
0.29109237
0.29271625
0.29430576
0.29591013
0.29752451
0.29911309
0.30073020
0.30233728
0.30398201
0.30558283
0.30721654
0.30885904
0.31048475
0.31211685
0.31375129
0.31541861
0.31708241
0.31873960
0.32040453
0.32204258
0.32373084
0.32538901
0.32706086
0.32876348
0.33044276
0.33213537
0.33382156
0.33551084
0.33720482
0.33891038
0.34058840
0.34228944
0.34395898
0.34569218
0.34740645
0.34912791
0.35088303
0.35264034
0.35435082
0.35607825
0.35782992
0.35959129
0.36134002
0.36307751
0.36486540
0.36662585
0.36838427
0.37013377
0.37192043
0.37369321
0.37545727
0.37725548
0.37903079
0.38082222
0.38260730
0.38441215
0.38620325
0.38801081
0.38978040
0.39158696
0.39338009
0.39519332
0.39701699
0.39887617
0.40072278
0.40255338
0.40437692
0.40621920
0.40808898
0.40994446
0.41183055
0.41369693
0.41554116
0.41739166
0.41925915
0.42109625
0.42299526
0.42485635
0.42673604
0.42863864
0.43054590
0.43242607
0.43432741
0.43623210
0.43819817
0.44012700
0.44207330
0.44402686
0.44601336
0.44795875
0.44986288
0.45180841
0.45374064
0.45569454
0.45767424
0.45966490
0.46164503
0.46361817
0.46561977
0.46762717
0.46966003
0.47168774
0.47368155
0.47571746
0.47773680
0.47972529
0.48180422
0.48383876
0.48590597
0.48795697
0.48999264
0.49206401
0.49412521
0.49619135
0.49826808
0.50033499
0.50242082
0.50450163
0.50661606
0.50873962
0.51084823
0.51296372
0.51509965
0.51723500
0.51938350
0.52150380
0.52365061
0.52581936
0.52800659
0.53011372
0.53227354
0.53444804
0.53662974
0.53882179
0.54099610
0.54318600
0.54537898
0.54757370
0.54980090
0.55200783
0.55425237
0.55648283
0.55870204
0.56095203
0.56320826
0.56548660
0.56773456
0.56999902
0.57227217
0.57456033
0.57687143
0.57916216
0.58144444
0.58374692
0.58606927
0.58842912
0.59073564
0.59309520
0.59547109
0.59775637
0.60015123
0.60254848
0.60491065
0.60729097
0.60963448
0.61203487
0.61441607
0.61683329
0.61923448
0.62165163
0.62413431
0.62662964
0.62910189
0.63158893
0.63405854
0.63652509
0.63898922
0.64140772
0.64389945
0.64636492
0.64886761
0.65140630
0.65391404
0.65642174
0.65896637
0.66151034
0.66406450
0.66664204
0.66918055
0.67170708
0.67430991
0.67694210
0.67959406
0.68219125
0.68482293
0.68743839
0.69008536
0.69269155
0.69537888
0.69806050
0.70073554
0.70341668
0.70609726
0.70885637
0.71153973
0.71424549
0.71696340
0.71968345
0.72245319
0.72522109
0.72798594
0.73075635
0.73353773
0.73632041
0.73909671
0.74192705
0.74473633
0.74764795
0.75048996
0.75337305
0.75624257
0.75912397
0.76200093
0.76490651
0.76774898
0.77069610
0.77364147
0.77654719
0.77942967
0.78243197
0.78540414
0.78838122
0.79138555
0.79441399
0.79751027
0.80051080
0.80351840
0.80649348
0.80955708
0.81261766
0.81570695
0.81882515
0.82193505
0.82505247
0.82812511
0.83122043
0.83436217
0.83754237
0.84074776
0.84395663
0.84722195
0.85041354
0.85365210
0.85693085
0.86025251
0.86353339
0.86682721
0.87015610
0.87350351
0.87682762
0.88019229
0.88354050
0.88688908
0.89029759
0.89368052
0.89710106
0.90049884
0.90394010
0.90734747
0.91079864
0.91423064
0.91772624
0.92129415
0.92482714
0.92843762
0.93198799
0.93560946
0.93922540
0.94288183
0.94648459
0.95015810
0.95387360
0.95756268
0.96133296
0.96511386
0.96879794
0.97253885
0.97626794
0.98004605
0.98388260
0.98772405
0.99163464
0.99547865
0.99934752
1.0032373
1.0072055
1.0110515
1.0149880
1.0190684
1.0230262
1.0270879
1.0311430
1.0351999
1.0393569
1.0434610
1.0475674
1.0517875
1.0559699
1.0602079
1.0644236
1.0687459
1.0730066
1.0772324
1.0815413
1.0858588
1.0901508
1.0945310
1.0990008
1.1034616
1.1079559
1.1124235
1.1169345
1.1215113
1.1261307
1.1307652
1.1353877
1.1401368
1.1448938
1.1496350
1.1543525
1.1591610
1.1639189
1.1687496
1.1735700
1.1785106
1.1833587
1.1883413
1.1933055
1.1983613
1.2034369
1.2085878
1.2136970
1.2188359
1.2240589
1.2293207
1.2344779
1.2397918
1.2452291
1.2505874
1.2560426
1.2614768
1.2669035
1.2723885
1.2778595
1.2835100
1.2892024
1.2949779
1.3007933
1.3065754
1.3123539
1.3182590
1.3242608
1.3301663
1.3362325
1.3422674
1.3483366
1.3543639
1.3604649
1.3667085
1.3729114
1.3793110
1.3857566
1.3922088
1.3987262
1.4052381
1.4119458
1.4186636
1.4254801
1.4323066
1.4392467
1.4462576
1.4532987
1.4604516
1.4677996
1.4749101
1.4821473
1.4894531
1.4968567
1.5042482
1.5118670
1.5195879
1.5274398
1.5353092
1.5432762
1.5513714
1.5593048
1.5676411
1.5760051
1.5846049
1.5932166
1.6018395
1.6107020
1.6195332
1.6283351
1.6373904
1.6467523
1.6558088
1.6653431
1.6745943
1.6843975
1.6941655
1.7040411
1.7139231
1.7240370
1.7344325
1.7448330
1.7554395
1.7660477
1.7770627
1.7883683
1.7998393
1.8113141
1.8230795
1.8349789
1.8469462
1.8592767
1.8715042
1.8840530
1.8964919
1.9096936
1.9227980
1.9359880
1.9493797
1.9629686
1.9773694
1.9917398
2.0067945
2.0222742
2.0373665
2.0529955
2.0684753
2.0843581
2.1009859
2.1172137
2.1343440
2.1519181
2.1697312
2.1876101
2.2066957
2.2254311
2.2445917
2.2637882
2.2844967
2.3047999
2.3259640
2.3473734
2.3690949
2.3912123
2.4137953
2.4372120
2.4608951
2.4860195
2.5112137
2.5369081
2.5635996
2.5910937
2.6180424
2.6452910
2.6736350
2.7030038
2.7322740
2.7626594
2.7948726
2.8277145
2.8611707
2.8944591
2.9300518
2.9646476
3.0036072
3.0417490
3.0798684
3.1181984
3.1596695
3.2014100
3.2452967
3.2914231
3.3361453
3.3845798
3.4320714
3.4832013
3.5367092
3.5908543
3.6465082
3.7028183
3.7604867
3.8166033
3.8766992
3.9385644
4.0043027
4.0713772
4.1368831
4.2055484
4.2805732
4.3554928
4.4349985
4.5111302
4.5918434
4.6753111
4.7596137
4.8458210
4.9363250
5.0347874
5.1267495
5.2234978
5.3243253
5.4294732
5.5372165
5.6485404
5.7586493
5.8800839
6.0001439
6.1230797
6.2518354
6.3846682
6.5204125
6.6668249
6.8134107
6.9643804
7.1208973
7.2857501
7.4475535
7.6129374
7.7795141
7.9537936
8.1377153
8.3244411
8.5207152
8.7272408
8.9312594
9.1471641
9.3603091
9.5908410
9.8195158
10.061004
10.313562
10.556283
10.812496
11.076227
11.348395
11.626681
11.916931
12.213368
12.522223
12.852772
13.175694
13.529376
13.883243
14.241651
14.608227
14.992321
15.386786
15.790543
16.197311
16.609501
17.046686
17.497391
17.961874
18.450699
18.941444
19.449205
19.971437
20.512310
21.068782
21.636393
22.245192
22.876340
23.531926
24.208737
24.890134
25.611581
26.351931
27.091280
27.874074
28.666617
29.495877
30.353011
31.245504
32.159794
33.100467
34.049655
35.023493
36.060133
37.137252
38.257224
39.402073
40.586272
41.811057
43.083963
44.383458
45.737278
47.086023
48.495057
49.977540
51.494589
53.036814
54.637249
56.314208
57.981188
59.732528
61.523917
63.411906
65.338152
67.360578
69.386017
71.483604
73.666484
75.889413
78.163841
80.484176
82.953117
85.504392
88.063315
90.698111
93.378479
96.227066
99.156131
102.04017
105.02876
108.18536
111.39349
114.66306
118.00371
121.38228
124.80475
128.35984
131.95998
135.66296
139.45179
143.30960
147.26741
151.18895
155.30036
159.36691
163.67608
168.06685
172.50088
177.04178
181.63357
186.22572
190.81408
195.47075
200.30691
205.04901
209.94404
214.94682
219.80913
224.85029
229.90019
235.17156
240.33277
245.69061
251.08543
256.39008
261.87072
267.23053
272.68908
278.16687
283.65644
289.35904
295.09465
300.78888
306.76517
312.80509
318.97463
325.14715
331.29796
337.64872
343.88419
350.28629
356.62663
363.11520
369.55089
375.93745
382.51833
389.09447
395.70256
402.65438
409.70326
416.51555
423.58036
430.48004
437.24947
443.95244
451.02758
458.14068
465.12675
472.14362
479.64045
487.05256
494.79939
502.52261
509.95070
517.63673
525.39988
533.05736
540.91039
548.54285
556.10779
563.75575
571.42915
579.36544
587.74912
596.11794
605.01077
614.23155
623.27036
631.98578
640.90193
649.96324
658.98584
668.16068
677.33255
686.58098
695.60091
704.96037
714.82222
725.30689
735.62336
745.55566
755.10597
764.62157
774.70774
784.88368
795.64994
806.50200
817.14841
827.82040
839.29294
850.91568
862.37334
873.85455
885.13468
896.69204
908.25965
920.02947
931.98678
944.58382
957.16813
969.72304
983.39431
996.59416
1010.5082
1023.5558
1037.9635
1053.7879
1069.3243
1085.2154
1101.9250
1118.5884
1136.1483
1153.6891
1172.8054
1192.4529
1213.7676
1235.5220
1257.9692
1281.3156
1306.3836
1333.5642
1365.2589
1395.7330
1428.4553
1466.1720
1509.4758
1563.2803
1626.6225
1707.2808
1811.4259
1950.1795
2198.1946
