0.0065685250
0.013368910
0.020023782
0.026767839
0.033535952
0.040314369
0.047091752
0.053868083
0.060723353
0.067637037
0.074329066
0.081089363
0.087878438
0.094667162
0.10161900
0.10841970
0.11533448
0.12234350
0.12921700
0.13620494
0.14324217
0.15020541
0.15719139
0.16415820
0.17119309
0.17815089
0.18512677
0.19228519
0.19933166
0.20641386
0.21356394
0.22067719
0.22778309
0.23495951
0.24205548
0.24920041
0.25631185
0.26339407
0.27048108
0.27764134
0.28480833
0.29191280
0.29911594
0.30649639
0.31362368
0.32090244
0.32814773
0.33543165
0.34282720
0.35007847
0.35760283
0.36485740
0.37233098
0.37966493
0.38709567
0.39449502
0.40191008
0.40933446
0.41681618
0.42427283
0.43172497
0.43929456
0.44674448
0.45421747
0.46169356
0.46923485
0.47685117
0.48440913
0.49198368
0.49955888
0.50719828
0.51479908
0.52252481
0.53031009
0.53806087
0.54580018
0.55354579
0.56123460
0.56899776
0.57681373
0.58458294
0.59221003
0.59994997
0.60765082
0.61551794
0.62331734
0.63126101
0.63912218
0.64700682
0.65498174
0.66289139
0.67092192
0.67885225
0.68690275
0.69495229
0.70298184
0.71100580
0.71905517
0.72720329
0.73516591
0.74327733
0.75140965
0.75941540
0.76749670
0.77579590
0.78408200
0.79220587
0.80043516
0.80869914
0.81694994
0.82536062
0.83370528
0.84201305
0.85047679
0.85869907
0.86704186
0.87542292
0.88370946
0.89205322
0.90042331
0.90878729
0.91715377
0.92547572
0.93388684
0.94236302
0.95082127
0.95929303
0.96776996
0.97651468
0.98520478
0.99393729
1.0025934
1.0112820
1.0199525
1.0286901
1.0374950
1.0462666
1.0549959
1.0637044
1.0724214
1.0811763
1.0898287
1.0987103
1.1075843
1.1164715
1.1253056
1.1340870
1.1429666
1.1520748
1.1610834
1.1700352
1.1790388
1.1879037
1.1969263
1.2059726
1.2151066
1.2242323
1.2334563
1.2425821
1.2519473
1.2611205
1.2702922
1.2793533
1.2885049
1.2978591
1.3069641
1.3160645
1.3252520
1.3343680
1.3437182
1.3529454
1.3624030
1.3720583
1.3813502
1.3905789
1.3998766
1.4092612
1.4187330
1.4282672
1.4377743
1.4472050
1.4568939
1.4663936
1.4760998
1.4857570
1.4954922
1.5050109
1.5146505
1.5243753
1.5341976
1.5438327
1.5536388
1.5635034
1.5733274
1.5830915
1.5931243
1.6028961
1.6127569
1.6226126
1.6326572
1.6425078
1.6524816
1.6623925
1.6723413
1.6822886
1.6922275
1.7021653
1.7122640
1.7225335
1.7327349
1.7429063
1.7531064
1.7633142
1.7735410
1.7836337
1.7937447
1.8040227
1.8141798
1.8244200
1.8348536
1.8450463
1.8554512
1.8658749
1.8760914
1.8866041
1.8971136
1.9078765
1.9184025
1.9288383
1.9393773
1.9500849
1.9606479
1.9712497
1.9818752
1.9924954
2.0030258
2.0135705
2.0243447
2.0350644
2.0458536
2.0565136
2.0671356
2.0778240
2.0884819
2.0993601
2.1102560
2.1210925
2.1322184
2.1432742
2.1541886
2.1652321
2.1764135
2.1875431
2.1985855
2.2097385
2.2207947
2.2318872
2.2430835
2.2542998
2.2656559
2.2769531
2.2883047
2.2995221
2.3107922
2.3222588
2.3336460
2.3449869
2.3563116
2.3678857
2.3794776
2.3910882
2.4026513
2.4141171
2.4255135
2.4369502
2.4485786
2.4602207
2.4719299
2.4834116
2.4950506
2.5068438
2.5186870
2.5306640
2.5425573
2.5542826
2.5661884
2.5779708
2.5897350
2.6017345
2.6138936
2.6258832
2.6377928
2.6497506
2.6618070
2.6740160
2.6863787
2.6986397
2.7106313
2.7229787
2.7352869
2.7476167
2.7597677
2.7719228
2.7843441
2.7968416
2.8092216
2.8219812
2.8344472
2.8471139
2.8594945
2.8719917
2.8848415
2.8974887
2.9104284
2.9232554
2.9359082
2.9486189
2.9614155
2.9740047
2.9868469
2.9994734
3.0125580
3.0254068
3.0382022
3.0511390
3.0641892
3.0769838
3.0901514
3.1033065
3.1165684
3.1297160
3.1428827
3.1559669
3.1693027
3.1824588
3.1957041
3.2092844
3.2227634
3.2363043
3.2497524
3.2631979
3.2767828
3.2902496
3.3037730
3.3175663
3.3312031
3.3449951
3.3588658
3.3725789
3.3865487
3.4003117
3.4140944
3.4281202
3.4421642
3.4563731
3.4702399
3.4843483
3.4982194
3.5122038
3.5262620
3.5404436
3.5549071
3.5692333
3.5835679
3.5979222
3.6124898
3.6270285
3.6415789
3.6560200
3.6704122
3.6847430
3.6992510
3.7140275
3.7286904
3.7432594
3.7579741
3.7728644
3.7876167
3.8024906
3.8172926
3.8322713
3.8472168
3.8621097
3.8770534
3.8920277
3.9069419
3.9222370
3.9375044
3.9528064
3.9678745
3.9832358
3.9983920
4.0136078
4.0291187
4.0448128
4.0599107
4.0752832
4.0907667
4.1066600
4.1222865
4.1379681
4.1538094
4.1695105
4.1852435
4.2014592
4.2172182
4.2332608
4.2492888
4.2653868
4.2816656
4.2977155
4.3139119
4.3301329
4.3464724
4.3630391
4.3793434
4.3957836
4.4124274
4.4288984
4.4453624
4.4620819
4.4787536
4.4955152
4.5119233
4.5290287
4.5457407
4.5623138
4.5792237
4.5962353
4.6129886
4.6300522
4.6469913
4.6640178
4.6815164
4.6988914
4.7161699
4.7335023
4.7505124
4.7681946
4.7855871
4.8031740
4.8208044
4.8381986
4.8561113
4.8737436
4.8917066
4.9094108
4.9272691
4.9456406
4.9635287
4.9817336
4.9998315
5.0177714
5.0359120
5.0543894
5.0723931
5.0905565
5.1089867
5.1273960
5.1460209
5.1647947
5.1831322
5.2016854
5.2202462
5.2393230
5.2583000
5.2771396
5.2957621
5.3146403
5.3339751
5.3532474
5.3722658
5.3916462
5.4110120
5.4304717
5.4497488
5.4696346
5.4892078
5.5088518
5.5284640
5.5482352
5.5681121
5.5881543
5.6080456
5.6280555
5.6487435
5.6689000
5.6890775
5.7092368
5.7298197
5.7502275
5.7709447
5.7918076
5.8124498
5.8332643
5.8542167
5.8752204
5.8962174
5.9175777
5.9384253
5.9597165
5.9813551
6.0026830
6.0245905
6.0458944
6.0678300
6.0898400
6.1113037
6.1332677
6.1549489
6.1769244
6.1989595
6.2210164
6.2428174
6.2652451
6.2875153
6.3098899
6.3323027
6.3544167
6.3765112
6.3993505
6.4218992
6.4447934
6.4679822
6.4910518
6.5142251
6.5374986
6.5607952
6.5841816
6.6075670
6.6311684
6.6549905
6.6786716
6.7026686
6.7265547
6.7501459
6.7743625
6.7980434
6.8223081
6.8469693
6.8717419
6.8964859
6.9211870
6.9460926
6.9706207
6.9956849
7.0203171
7.0456227
7.0710670
7.0963583
7.1220762
7.1474830
7.1732432
7.1994307
7.2250989
7.2513308
7.2775086
7.3038319
7.3296202
7.3564565
7.3829291
7.4096445
7.4361193
7.4630700
7.4903808
7.5176867
7.5448319
7.5728491
7.6004878
7.6278462
7.6553839
7.6826251
7.7108866
7.7389638
7.7672881
7.7952829
7.8231762
7.8518110
7.8803552
7.9099178
7.9389094
7.9680100
7.9967023
8.0259181
8.0551625
8.0849081
8.1149858
8.1448704
8.1745201
8.2042447
8.2340339
8.2644194
8.2945939
8.3253485
8.3562085
8.3867285
8.4175023
8.4491419
8.4804030
8.5120182
8.5430671
8.5751584
8.6069724
8.6392920
8.6714899
8.7042228
8.7364651
8.7701837
8.8027933
8.8357661
8.8693336
8.9026337
8.9357140
8.9695873
9.0040389
9.0382467
9.0728230
9.1071100
9.1417403
9.1762502
9.2114212
9.2466361
9.2820500
9.3174691
9.3533807
9.3897145
9.4262797
9.4625368
9.4992646
9.5355545
9.5728456
9.6098183
9.6473403
9.6849928
9.7225929
9.7607880
9.7991678
9.8375132
9.8758807
9.9149099
9.9542295
9.9936433
10.033889
10.073516
10.114207
10.154595
10.194939
10.235819
10.277093
10.318668
10.359889
10.401796
10.444599
10.486354
10.529579
10.572425
10.615357
10.658953
10.703012
10.746576
10.791142
10.835621
10.881678
10.927985
10.973726
11.020387
11.066238
11.113235
11.160969
11.207850
11.255868
11.303342
11.351503
11.400525
11.449374
11.499661
11.550222
11.599739
11.651732
11.703098
11.755463
11.807721
11.858774
11.911189
11.964377
12.017376
12.071200
12.126129
12.180804
12.236560
12.292829
12.349350
12.406831
12.464299
12.522417
12.581271
12.640500
12.699967
12.760726
12.821982
12.884492
12.945404
13.008186
13.072576
13.137222
13.203018
13.267648
13.335566
13.402844
13.471019
13.539258
13.608995
13.678886
13.748661
13.821815
13.895831
13.968748
14.043198
14.120555
14.196875
14.275323
14.352335
14.431071
14.511556
14.591626
14.672604
14.755340
14.839870
14.925158
15.013050
15.101492
15.190817
15.281798
15.375476
15.468421
15.562233
15.658387
15.758156
15.859677
15.962658
16.069009
16.176966
16.284297
16.393191
16.502192
16.615087
16.731254
16.850536
16.969301
17.090008
17.216112
17.341724
17.478103
17.607662
17.739471
17.879476
18.020238
18.159712
18.306901
18.457171
18.604583
18.751749
18.911079
19.072103
19.239993
19.406202
19.578743
19.754047
19.932125
20.115508
20.305233
20.500845
20.697312
20.898629
21.104350
21.317083
21.534353
21.763658
21.992407
22.235873
22.480165
22.726027
22.977957
23.241587
23.511857
23.791941
24.071392
24.358457
24.645625
24.950812
25.276679
25.602282
25.937068
26.278846
26.631946
26.995896
27.364409
27.758299
28.160285
28.574306
28.988858
29.422055
29.857483
30.313378
30.771800
31.259912
31.762251
32.279304
32.813342
33.359066
33.914605
34.500273
35.098943
35.730203
36.368390
37.051635
37.733669
38.464169
39.211415
39.975385
40.774153
41.598196
42.455507
43.331467
44.230893
45.175893
46.157218
47.181578
48.236325
49.313139
50.428006
51.574878
52.779640
54.019397
55.291440
56.609596
57.960699
59.405700
60.919061
62.422458
64.035997
65.675704
67.356656
69.087105
70.899281
72.814957
74.807120
76.846253
78.936511
81.184928
83.538834
85.977092
88.484683
91.048052
93.746396
96.564796
99.468769
102.54297
105.78313
108.95015
112.26643
115.64370
119.14601
122.87313
126.80329
130.88138
135.28888
139.89061
144.57689
149.37793
154.26892
159.26959
164.33188
169.34582
174.26633
179.24494
184.40745
189.73869
195.45415
200.95266
206.71364
212.44828
218.15342
224.12826
230.14536
235.95631
241.87427
247.96932
253.92167
260.17322
266.40019
272.82583
279.34850
285.76634
292.22075
298.73633
305.48935
312.28416
319.20900
326.12757
332.95576
339.68432
346.72066
353.74694
360.94583
368.26902
375.58225
382.79256
390.08670
397.33192
404.92194
412.29874
420.05195
427.87565
435.89829
443.56339
451.33807
458.99639
466.73022
474.86773
482.80467
490.74859
499.03499
507.41162
515.86532
524.19536
532.80103
541.24830
549.53649
557.58902
566.09541
574.83849
583.59198
593.10486
602.07596
610.81026
620.08133
629.23040
638.05773
647.21091
656.87682
667.21149
677.83209
687.90990
698.20155
708.08901
717.81116
727.82635
737.85108
748.25267
758.51591
768.54224
778.71370
789.34897
800.20272
810.90356
821.41532
832.29497
843.14158
854.77507
866.33769
877.78750
890.84721
903.17802
915.40059
927.49988
939.36477
951.89145
963.97731
977.29429
991.31285
1005.2347
1020.0029
1035.3236
1049.6919
1064.0624
1079.7004
1096.3358
1114.3108
1132.5929
1151.2442
1170.6528
1190.1005
1211.7252
1233.0504
1254.2323
1278.0279
1303.1343
1331.4619
1359.6402
1392.5489
1430.6090
1468.3620
1514.6170
1573.3027
1637.4249
1725.2493
1829.8792
1983.0518
2240.4847
