6.3399228
7.7294398
8.6207832
9.3144835
9.8962552
10.398699
10.850310
11.265173
11.655127
12.013488
12.348776
12.670369
12.970822
13.256632
13.529119
13.793979
14.050993
14.293201
14.535515
14.767448
14.992955
15.217855
15.435157
15.645318
15.851024
16.053482
16.251194
16.447303
16.640033
16.826494
17.011501
17.195431
17.373739
17.550566
17.725195
17.894809
18.066849
18.236088
18.402110
18.564377
18.726867
18.884548
19.041087
19.199008
19.353827
19.508356
19.659268
19.811728
19.960426
20.108398
20.253774
20.399416
20.544505
20.688663
20.831018
20.972843
21.112099
21.253140
21.392498
21.529711
21.665936
21.801373
21.935820
22.070797
22.203157
22.335720
22.465268
22.596223
22.725755
22.852252
22.978747
23.105315
23.232517
23.361514
23.487832
23.614033
23.740162
23.865392
23.987551
24.110686
24.230623
24.351851
24.474971
24.595091
24.716447
24.838198
24.959483
25.081380
25.200440
25.319303
25.439715
25.557289
25.675076
25.789897
25.904978
26.021804
26.137697
26.253860
26.370472
26.485224
26.600373
26.713855
26.828379
26.941800
27.055481
27.170180
27.283397
27.395219
27.509837
27.623943
27.736595
27.849825
27.963119
28.074316
28.184734
28.296057
28.407830
28.517891
28.627426
28.737309
28.847861
28.957560
29.068979
29.179639
29.288172
29.397454
29.505952
29.615518
29.726330
29.834415
29.942965
30.052268
30.161050
30.270422
30.376805
30.486417
30.594601
30.703684
30.811224
30.919044
31.027012
31.132921
31.239253
31.347131
31.455327
31.563205
31.668969
31.775233
31.882859
31.988996
32.094466
32.200318
32.306648
32.413378
32.517015
32.624381
32.730384
32.836936
32.942296
33.047035
33.151967
33.258484
33.365169
33.472737
33.579299
33.686293
33.793233
33.897646
34.002645
34.108581
34.213754
34.320780
34.425554
34.532094
34.636021
34.739055
34.844068
34.950051
35.056045
35.160893
35.266845
35.372533
35.477154
35.582024
35.687453
35.792601
35.897831
36.004794
36.110238
36.213320
36.317830
36.422262
36.524842
36.629047
36.734258
36.838900
36.942692
37.047846
37.153441
37.259329
37.364947
37.468065
37.572863
37.676726
37.780310
37.884825
37.990746
38.096180
38.200175
38.305626
38.412391
38.516932
38.621683
38.726740
38.830821
38.936248
39.041396
39.147038
39.253157
39.360243
39.464884
39.570174
39.676609
39.780765
39.887096
39.991283
40.097743
40.204024
40.310038
40.417306
40.524384
40.630519
40.735484
40.842052
40.951291
41.057134
41.162186
41.269301
41.375393
41.481426
41.587483
41.692320
41.798963
41.906324
42.013104
42.119792
42.226474
42.334062
42.441569
42.548423
42.654100
42.759804
42.867352
42.977164
43.083579
43.191382
43.297742
43.405538
43.512143
43.620101
43.728055
43.835640
43.944516
44.052063
44.161842
44.271370
44.379335
44.487210
44.596168
44.705149
44.813916
44.923415
45.033100
45.141489
45.252118
45.360377
45.468190
45.577672
45.686118
45.795963
45.907783
46.017169
46.128072
46.238832
46.350771
46.460159
46.569613
46.678502
46.788782
46.900067
47.011619
47.122045
47.233346
47.343705
47.456866
47.567876
47.678221
47.790342
47.903437
48.017221
48.129026
48.241595
48.353421
48.463290
48.574787
48.688871
48.800704
48.913823
49.026887
49.140659
49.253663
49.366359
49.479860
49.593832
49.706938
49.820879
49.936485
50.050064
50.165159
50.279743
50.394217
50.507744
50.620476
50.734826
50.849647
50.963830
51.078899
51.194009
51.309596
51.425158
51.540151
51.655066
51.772000
51.889034
52.005271
52.119876
52.239031
52.356661
52.474820
52.589684
52.707589
52.825834
52.941505
53.058861
53.176377
53.295006
53.415309
53.531130
53.651715
53.771449
53.891153
54.010171
54.130478
54.250569
54.370738
54.492216
54.610234
54.731331
54.851610
54.971632
55.092606
55.214758
55.336097
55.455420
55.578764
55.700635
55.824156
55.944604
56.065905
56.186681
56.311272
56.433009
56.556809
56.681230
56.804042
56.927004
57.051674
57.176146
57.298939
57.423535
57.548419
57.673936
57.796225
57.922525
58.047259
58.174340
58.299057
58.423462
58.548028
58.676568
58.803345
58.928338
59.054109
59.179344
59.306980
59.434804
59.563915
59.692322
59.820076
59.948205
60.078248
60.207627
60.336197
60.464445
60.593529
60.723175
60.853050
60.984964
61.114025
61.243045
61.373954
61.503696
61.636092
61.768876
61.901244
62.033933
62.164390
62.295035
62.427732
62.560416
62.692859
62.828527
62.961417
63.092573
63.226982
63.359762
63.495922
63.629990
63.764356
63.900348
64.036401
64.172776
64.307390
64.441369
64.576336
64.713128
64.848204
64.987008
65.122671
65.260962
65.398658
65.536558
65.675268
65.815227
65.955729
66.098056
66.238099
66.376201
66.518016
66.658644
66.800220
66.940824
67.085395
67.225717
67.366437
67.506882
67.650683
67.792444
67.936228
68.080137
68.220885
68.364140
68.509957
68.653712
68.796533
68.941070
69.086077
69.229585
69.376649
69.520291
69.664219
69.809939
69.954721
70.102603
70.251378
70.397959
70.546169
70.692539
70.842337
70.988469
71.136868
71.287720
71.435546
71.586382
71.734155
71.881684
72.033155
72.187888
72.339669
72.490866
72.642644
72.794399
72.947634
73.098797
73.253182
73.407561
73.564505
73.720482
73.875152
74.030693
74.185106
74.341217
74.499639
74.659000
74.815101
74.972872
75.128242
75.287363
75.445818
75.605442
75.764594
75.922858
76.085778
76.248799
76.406550
76.564907
76.728399
76.888161
77.051881
77.213041
77.375169
77.540015
77.706818
77.871468
78.035026
78.200236
78.365612
78.532037
78.702247
78.864660
79.031437
79.200049
79.368822
79.535453
79.707384
79.877921
80.046433
80.215725
80.386846
80.556321
80.727099
80.897998
81.070265
81.238624
81.404660
81.579328
81.750650
81.924021
82.096795
82.270673
82.444227
82.621732
82.797578
82.972080
83.148922
83.325728
83.501660
83.678079
83.854635
84.029493
84.210585
84.391044
84.572633
84.752968
84.935197
85.119051
85.300229
85.483048
85.665318
85.850392
86.032895
86.214166
86.402090
86.586453
86.773704
86.959542
87.143310
87.330078
87.518692
87.704946
87.892852
88.084328
88.274303
88.464511
88.656444
88.849208
89.043202
89.239211
89.428518
89.623729
89.814792
90.008665
90.208603
90.403741
90.600035
90.796942
90.992273
91.188066
91.383064
91.582495
91.779697
91.981843
92.181584
92.383212
92.587710
92.788035
92.988413
93.196655
93.402384
93.609384
93.816851
94.022207
94.229758
94.437965
94.644170
94.854303
95.059816
95.271849
95.482718
95.695574
95.907990
96.119830
96.335502
96.545597
96.756722
96.973030
97.189015
97.404173
97.620869
97.834298
98.052209
98.269142
98.488762
98.705933
98.926910
99.145515
99.366713
99.592019
99.814670
100.03593
100.26101
100.48907
100.71398
100.94197
101.16741
101.39617
101.62484
101.85572
102.08200
102.31503
102.54549
102.77976
103.01568
103.25188
103.48858
103.72126
103.95766
104.19554
104.43537
104.67853
104.91689
105.16305
105.40483
105.64890
105.89156
106.13357
106.38153
106.62804
106.87955
107.12703
107.37412
107.61773
107.87369
108.12494
108.37756
108.62706
108.87876
109.13400
109.38659
109.63927
109.89494
110.15089
110.40672
110.66540
110.92594
111.18372
111.44720
111.71326
111.98018
112.24692
112.51625
112.78457
113.05411
113.32069
113.58907
113.85967
114.12812
114.39941
114.66983
114.94248
115.22017
115.49412
115.77352
116.05145
116.32974
116.61130
116.89260
117.17665
117.46290
117.75111
118.03627
118.32657
118.61155
118.90491
119.19363
119.48576
119.77926
120.06903
120.36356
120.65912
120.95454
121.25284
121.55155
121.85376
122.15288
122.46076
122.76804
123.07205
123.37494
123.68689
123.99559
124.31535
124.63010
124.94815
125.26306
125.57740
125.88804
126.20397
126.52641
126.85116
127.17422
127.49807
127.82738
128.16136
128.49291
128.82125
129.14634
129.47859
129.81029
130.14434
130.48037
130.82178
131.16014
131.50071
131.83704
132.17612
132.52280
132.87211
133.22547
133.57329
133.92700
134.28023
134.64326
135.00278
135.36028
135.72372
136.08564
136.44885
136.80537
137.16749
137.53362
137.89786
138.27160
138.64823
139.01609
139.39741
139.76949
140.14856
140.52336
140.90562
141.29576
141.68970
142.08041
142.46987
142.86242
143.25283
143.65200
144.05205
144.45401
144.85418
145.26734
145.67699
146.08515
146.49699
146.91381
147.33517
147.74796
148.17851
148.60110
149.03149
149.45877
149.89547
150.32250
150.75624
151.19223
151.63193
152.07532
152.51791
152.96823
153.41777
153.86697
154.32927
154.78174
155.23948
155.70136
156.16548
156.63372
157.09958
157.57784
158.05558
158.52829
159.00707
159.49583
159.99114
160.48520
160.98745
161.48884
161.98287
162.48782
162.99070
163.49525
164.00566
164.52794
165.04658
165.56088
166.08566
166.62281
167.15070
167.68432
168.23181
168.77323
169.32663
169.87956
170.42281
170.97478
171.53275
172.09916
172.66496
173.23656
173.81013
174.39009
174.97053
175.55444
176.13867
176.74043
177.34107
177.94484
178.54575
179.15808
179.76322
180.38314
181.01432
181.65367
182.28133
182.91851
183.57093
184.22114
184.86215
185.51882
186.19663
186.87240
187.55045
188.22572
188.91795
189.60946
190.30602
191.02853
191.74797
192.46575
193.19546
193.91449
194.65277
195.38105
196.12774
196.87239
197.62879
198.39420
199.16231
199.93581
200.71706
201.50830
202.31101
203.13719
203.94002
204.76153
205.60966
206.46399
207.31005
208.16486
209.01729
209.90311
210.77352
211.67905
212.59042
213.50971
214.43912
215.36886
216.30685
217.26713
218.21835
219.19672
220.19106
221.17908
222.16899
223.18403
224.21741
225.26076
226.32557
227.38888
228.44111
229.56380
230.65658
231.78134
232.93639
234.07545
235.21652
236.40453
237.60367
238.82342
240.06443
241.31810
242.59005
243.86838
245.16125
246.47177
247.80418
249.15070
250.53444
251.95914
253.36872
254.82653
256.31636
257.80198
259.34550
260.88641
262.46582
264.06833
265.68627
267.35243
269.04806
270.76387
272.53647
274.32925
276.15553
278.00907
279.91067
281.81586
283.79750
285.82371
287.90480
290.04467
292.23050
294.45271
296.75042
299.12484
301.55628
304.04322
306.64698
309.23615
311.94934
314.73749
317.63579
320.57755
323.61449
326.83639
330.20052
333.58918
337.13669
340.92451
344.82680
348.98962
353.24901
357.79271
362.49010
367.50606
372.89324
378.56701
384.57524
390.99121
398.05691
405.65068
414.34365
423.67605
434.27955
446.57051
461.29001
479.55504
502.55879
535.80293
599.78609
