1.3404961
1.6763700
1.8973515
2.0811049
2.2400317
2.3820752
2.5148664
2.6379491
2.7536063
2.8622705
2.9654855
3.0676268
3.1651740
3.2590220
3.3517677
3.4419759
3.5294184
3.6163348
3.6993548
3.7831119
3.8626335
3.9436081
4.0227378
4.1022332
4.1791681
4.2563579
4.3333170
4.4088322
4.4835066
4.5581825
4.6318362
4.7043531
4.7779431
4.8496666
4.9201880
4.9924224
5.0631250
5.1344378
5.2040945
5.2743092
5.3433573
5.4115739
5.4809168
5.5475100
5.6155631
5.6830348
5.7509587
5.8188672
5.8861068
5.9546059
6.0225597
6.0898823
6.1577002
6.2249673
6.2916708
6.3583879
6.4249810
6.4921828
6.5581754
6.6251382
6.6916690
6.7582074
6.8238521
6.8899261
6.9571211
7.0229161
7.0895133
7.1551996
7.2218931
7.2888466
7.3547224
7.4203074
7.4862213
7.5519949
7.6181301
7.6842102
7.7514908
7.8160652
7.8816979
7.9477144
8.0119357
8.0793877
8.1457244
8.2120843
8.2783688
8.3453466
8.4110960
8.4775060
8.5442165
8.6108573
8.6759736
8.7407647
8.8067596
8.8735297
8.9398062
9.0063016
9.0728375
9.1393688
9.2059829
9.2730124
9.3406561
9.4072239
9.4742708
9.5408233
9.6082708
9.6756392
9.7419331
9.8088002
9.8766969
9.9431285
10.011721
10.079240
10.147003
10.215643
10.283481
10.350317
10.419028
10.487322
10.556109
10.626090
10.694933
10.763944
10.833138
10.902179
10.970716
11.039433
11.109620
11.178454
11.247684
11.316928
11.385811
11.455299
11.525307
11.595394
11.665380
11.735342
11.805804
11.876400
11.947189
12.018292
12.089234
12.160360
12.231608
12.303594
12.375265
12.446320
12.518245
12.591324
12.662800
12.734703
12.807624
12.880605
12.953145
13.026002
13.098760
13.172309
13.246512
13.319592
13.394199
13.466828
13.541528
13.616447
13.692024
13.765916
13.840523
13.916028
13.989547
14.064007
14.139305
14.213382
14.287576
14.362500
14.436596
14.511668
14.586688
14.662564
14.738913
14.813627
14.891758
14.968055
15.044971
15.121708
15.199168
15.275621
15.354248
15.431250
15.508347
15.586406
15.663568
15.742326
15.820276
15.899759
15.980522
16.059053
16.137119
16.217192
16.296579
16.375143
16.455161
16.535974
16.614082
16.694686
16.775330
16.855084
16.937083
17.018200
17.099815
17.181704
17.262975
17.343453
17.425860
17.508338
17.590598
17.672351
17.755228
17.837678
17.921095
18.003948
18.085739
18.169441
18.252976
18.337060
18.421242
18.506160
18.591982
18.677915
18.763212
18.847520
18.932759
19.016535
19.103061
19.188803
19.276012
19.362723
19.448916
19.535306
19.623418
19.710723
19.796279
19.883190
19.971103
20.058673
20.147102
20.233556
20.322384
20.410511
20.498636
20.587102
20.676979
20.768548
20.858122
20.948483
21.038819
21.127874
21.217898
21.310206
21.402706
21.493486
21.585160
21.677979
21.768656
21.861005
21.953584
22.046473
22.138595
22.234234
22.327011
22.420853
22.515556
22.608831
22.703298
22.797823
22.891716
22.988201
23.085578
23.182395
23.279886
23.376810
23.475391
23.572357
23.669089
23.767193
23.865922
23.964909
24.063476
24.160259
24.257895
24.360657
24.457888
24.558147
24.659013
24.760399
24.860691
24.959630
25.059823
25.160736
25.261963
25.362781
25.464626
25.568002
25.671629
25.773565
25.877170
25.980041
26.083400
26.186434
26.291868
26.396318
26.499499
26.604692
26.709017
26.814020
26.918558
27.025606
27.130784
27.238571
27.345453
27.452903
27.561621
27.668960
27.776787
27.883696
27.989758
28.100001
28.209368
28.317683
28.428296
28.540276
28.651266
28.763636
28.873973
28.985414
29.097635
29.209511
29.320922
29.434512
29.548542
29.661182
29.773434
29.888367
30.001866
30.114940
30.230803
30.344090
30.457411
30.572339
30.687611
30.803785
30.921606
31.038158
31.153676
31.274054
31.390431
31.507271
31.626545
31.745064
31.864006
31.983457
32.104811
32.225255
32.344106
32.467391
32.586982
32.711144
32.835385
32.955585
33.075778
33.198624
33.322507
33.445092
33.568326
33.691883
33.814735
33.940003
34.063723
34.185831
34.309367
34.436964
34.564101
34.689798
34.818889
34.946622
35.074771
35.202930
35.331969
35.461827
35.590992
35.722088
35.850760
35.981500
36.114602
36.247295
36.380377
36.513792
36.646909
36.779408
36.909589
37.043449
37.176535
37.311884
37.444655
37.577215
37.714964
37.847813
37.982908
38.120072
38.255930
38.391712
38.529071
38.668185
38.805978
38.944855
39.082396
39.222393
39.360913
39.501677
39.641400
39.782745
39.924775
40.066565
40.210231
40.352863
40.495210
40.637248
40.780589
40.925622
41.070285
41.214221
41.358772
41.504942
41.650309
41.798594
41.947617
42.094629
42.244076
42.392893
42.539946
42.691671
42.841743
42.992568
43.143253
43.296920
43.449978
43.606230
43.760050
43.916693
44.069408
44.225891
44.382534
44.536905
44.693682
44.851034
45.009360
45.165109
45.323181
45.480604
45.639207
45.794936
45.955996
46.118691
46.278715
46.440675
46.604855
46.768434
46.929153
47.090132
47.251919
47.419346
47.584265
47.749262
47.913560
48.080587
48.248711
48.418260
48.586734
48.753912
48.922554
49.094028
49.267744
49.440413
49.611031
49.782570
49.953458
50.127914
50.299173
50.471948
50.646021
50.822771
50.997168
51.174233
51.349397
51.527165
51.705560
51.881992
52.062397
52.243259
52.419773
52.602013
52.784489
52.967213
53.150117
53.329963
53.511713
53.693324
53.875533
54.056446
54.240714
54.424441
54.610778
54.801874
54.991316
55.179537
55.370098
55.560319
55.753320
55.945512
56.137740
56.331502
56.525422
56.720447
56.914879
57.109146
57.305351
57.503322
57.700755
57.900927
58.100849
58.296496
58.496951
58.697520
58.903253
59.101132
59.301416
59.506984
59.713174
59.917369
60.122827
60.331110
60.537203
60.743702
60.952867
61.164262
61.371191
61.581264
61.795631
62.004221
62.219507
62.431169
62.645849
62.859561
63.076085
63.291214
63.511147
63.727794
63.949230
64.168383
64.394475
64.610422
64.830624
65.047828
65.267902
65.491412
65.713197
65.943158
66.170371
66.396650
66.624330
66.857445
67.088365
67.317434
67.546810
67.774303
68.003323
68.237340
68.475158
68.712730
68.949732
69.187031
69.427731
69.665857
69.906685
70.146541
70.388285
70.632889
70.874309
71.118097
71.364307
71.612056
71.859669
72.110799
72.357673
72.606875
72.861509
73.115577
73.369808
73.621563
73.879570
74.133477
74.388677
74.648022
74.904205
75.164960
75.425990
75.686433
75.951952
76.212050
76.482125
76.752118
77.014276
77.275644
77.542860
77.808252
78.080674
78.351409
78.619853
78.889239
79.164819
79.440526
79.717734
79.994813
80.275026
80.555129
80.841486
81.124068
81.410232
81.696170
81.981304
82.271271
82.560574
82.848329
83.140424
83.426813
83.718054
84.008036
84.303265
84.599199
84.894104
85.197133
85.497053
85.796104
86.096499
86.403747
86.709632
87.016905
87.332542
87.642772
87.955444
88.264211
88.580551
88.895908
89.213081
89.525899
89.841503
90.162169
90.482071
90.801805
91.119832
91.444471
91.766993
92.087316
92.416384
92.747089
93.077884
93.417021
93.760143
94.095679
94.432298
94.767928
95.106077
95.443556
95.782980
96.127560
96.470962
96.814068
97.163711
97.513262
97.863627
98.217985
98.573432
98.933512
99.292232
99.647245
100.01064
100.36679
100.72497
101.09068
101.45761
101.82252
102.19889
102.56765
102.94215
103.32125
103.69550
104.07260
104.44812
104.83353
105.22720
105.61469
105.99838
106.38687
106.78647
107.18082
107.57280
107.97711
108.37823
108.77649
109.17884
109.57741
109.97667
110.38331
110.80078
111.20761
111.61631
112.03446
112.45101
112.87404
113.29331
113.71686
114.14070
114.56622
114.99060
115.41604
115.85190
116.29156
116.72361
117.16320
117.59783
118.05038
118.49190
118.94068
119.39070
119.83877
120.29021
120.74586
121.20813
121.66648
122.12775
122.59439
123.06780
123.53827
124.01196
124.49618
124.97903
125.45749
125.94476
126.42987
126.92108
127.41344
127.89930
128.39470
128.88940
129.39094
129.89126
130.40033
130.90962
131.42230
131.94583
132.45033
132.96758
133.48668
134.01003
134.54816
135.06859
135.59745
136.12376
136.67030
137.20915
137.75716
138.30632
138.85225
139.40031
139.96130
140.51820
141.08660
141.65254
142.21718
142.79449
143.37706
143.94686
144.53000
145.12553
145.71490
146.30717
146.90265
147.50483
148.10571
148.71311
149.32627
149.94724
150.56331
151.18614
151.81708
152.45258
153.09342
153.73005
154.37085
155.01819
155.67358
156.33718
156.99412
157.65377
158.31080
158.97623
159.65074
160.32772
161.01259
161.69472
162.37627
163.07906
163.77955
164.48567
165.20020
165.90952
166.63886
167.36234
168.09138
168.84492
169.57991
170.33181
171.08400
171.82423
172.58995
173.34708
174.11901
174.88777
175.67161
176.47071
177.25940
178.04458
178.85156
179.64865
180.46331
181.27383
182.09140
182.92858
183.76818
184.60416
185.46101
186.33702
187.21398
188.09512
188.96021
189.84891
190.75329
191.64081
192.53705
193.43458
194.33935
195.26482
196.19575
197.13105
198.08004
199.04660
200.00566
200.96246
201.93379
202.92488
203.91901
204.92688
205.92102
206.94355
207.98044
209.02550
210.08191
211.15535
212.20919
213.27187
214.36113
215.44412
216.55654
217.67208
218.78146
219.90834
221.02598
222.18931
223.34051
224.51709
225.69766
226.87037
228.08160
229.31481
230.52354
231.74450
232.98574
234.22818
235.49311
236.79348
238.09790
239.39225
240.72717
242.05938
243.41594
244.77938
246.14142
247.54154
248.93441
250.36767
251.81151
253.26734
254.75856
256.24490
257.75116
259.28243
260.80796
262.37001
263.91274
265.50745
267.12946
268.77041
270.40705
272.05734
273.72827
275.40950
277.12369
278.88127
280.65389
282.44774
284.23261
286.06448
287.94149
289.82424
291.68946
293.61203
295.55460
297.53624
299.56697
301.60118
303.67106
305.82178
307.92913
310.07313
312.25180
314.47169
316.71046
318.98849
321.30649
323.66571
326.06968
328.49796
330.97624
333.46529
336.03554
338.65386
341.28121
343.98227
346.73413
349.53985
352.42745
355.34855
358.32634
361.34691
364.42694
367.60857
370.81413
374.12389
377.46670
380.90761
384.38338
387.93153
391.65713
395.46030
399.27012
403.30497
407.35967
411.57399
415.88060
420.27662
424.86735
429.56879
434.37051
439.44447
444.64086
449.92022
455.51340
461.23382
467.10512
473.29311
479.80901
486.46871
493.46006
500.79420
508.42118
516.51345
525.00209
533.96381
543.31653
553.51300
564.34098
575.93354
588.67799
602.64291
617.59454
634.01942
653.00997
674.61066
699.99021
731.21245
771.66318
829.40488
936.86118
