0.0010688165
0.0021810504
0.0032689533
0.0043534937
0.0054471159
0.0065465823
0.0076751511
0.0087863610
0.0099021445
0.011026772
0.012151488
0.013271569
0.014369479
0.015482111
0.016621705
0.017748913
0.018872463
0.019997296
0.021120800
0.022264911
0.023395484
0.024547229
0.025692007
0.026821280
0.027945951
0.029095487
0.030236260
0.031384228
0.032534545
0.033664024
0.034795144
0.035949467
0.037125183
0.038277540
0.039437606
0.040599480
0.041745859
0.042893910
0.044056941
0.045201532
0.046362428
0.047510211
0.048689146
0.049858931
0.050997469
0.052167142
0.053339582
0.054523359
0.055692270
0.056876956
0.058058854
0.059246757
0.060442885
0.061653529
0.062858663
0.064059340
0.065273902
0.066468039
0.067665274
0.068867687
0.070066439
0.071261867
0.072476668
0.073672156
0.074882547
0.076099000
0.077283032
0.078501714
0.079710461
0.080912759
0.082143999
0.083369943
0.084612788
0.085830161
0.087037831
0.088267574
0.089495573
0.090727910
0.091967343
0.093201671
0.094444361
0.095682281
0.096922675
0.098159560
0.099407176
0.10065431
0.10191561
0.10315586
0.10439749
0.10564118
0.10689630
0.10815432
0.10940499
0.11065257
0.11189840
0.11317000
0.11442832
0.11570197
0.11699647
0.11827051
0.11951225
0.12081105
0.12208970
0.12337133
0.12465086
0.12593332
0.12720221
0.12848772
0.12978753
0.13108132
0.13237295
0.13365717
0.13497352
0.13627206
0.13759220
0.13888890
0.14020058
0.14151295
0.14282023
0.14414980
0.14549286
0.14681050
0.14811000
0.14945175
0.15076112
0.15209708
0.15345772
0.15479036
0.15614454
0.15751365
0.15886331
0.16022083
0.16157129
0.16293406
0.16427854
0.16564155
0.16699232
0.16837619
0.16973956
0.17111652
0.17247824
0.17385848
0.17525355
0.17661914
0.17801836
0.17940860
0.18078979
0.18217051
0.18356605
0.18495262
0.18632040
0.18773068
0.18909909
0.19048100
0.19189191
0.19329572
0.19470511
0.19609463
0.19750582
0.19892169
0.20035166
0.20177476
0.20318470
0.20460754
0.20603734
0.20745811
0.20890585
0.21034211
0.21178880
0.21321334
0.21464821
0.21606629
0.21748096
0.21890639
0.22033045
0.22179211
0.22327805
0.22473697
0.22620913
0.22767739
0.22913765
0.23060206
0.23208696
0.23353880
0.23500407
0.23647871
0.23797412
0.23946669
0.24094476
0.24246343
0.24398648
0.24550048
0.24699529
0.24848969
0.24999380
0.25152238
0.25303630
0.25455247
0.25609290
0.25760497
0.25910545
0.26062732
0.26215625
0.26371364
0.26524625
0.26680935
0.26837087
0.26993822
0.27149553
0.27306496
0.27462535
0.27618900
0.27775611
0.27932610
0.28092007
0.28250066
0.28407219
0.28562804
0.28720583
0.28878358
0.29040991
0.29199496
0.29359744
0.29520048
0.29679386
0.29839763
0.29999620
0.30160658
0.30321667
0.30483023
0.30644998
0.30807667
0.30972263
0.31136787
0.31300078
0.31464047
0.31627979
0.31795021
0.31962165
0.32127519
0.32291851
0.32456009
0.32622103
0.32789309
0.32957117
0.33124998
0.33290192
0.33459697
0.33632470
0.33801477
0.33970117
0.34138314
0.34306553
0.34479689
0.34649120
0.34824750
0.34992788
0.35167709
0.35340901
0.35514209
0.35689337
0.35859791
0.36036812
0.36213150
0.36384746
0.36560572
0.36737721
0.36916023
0.37089654
0.37268942
0.37443915
0.37620220
0.37797848
0.37975967
0.38155781
0.38335764
0.38513966
0.38692445
0.38867750
0.39048106
0.39228635
0.39413375
0.39596290
0.39778116
0.39958980
0.40145539
0.40330232
0.40513555
0.40699733
0.40884455
0.41069520
0.41260894
0.41447670
0.41632970
0.41817596
0.42001826
0.42193459
0.42383051
0.42571582
0.42759401
0.42951050
0.43139342
0.43332167
0.43520122
0.43709221
0.43901287
0.44092940
0.44283843
0.44478562
0.44670773
0.44867897
0.45063627
0.45258197
0.45455353
0.45651314
0.45847919
0.46048370
0.46246829
0.46444355
0.46646828
0.46844976
0.47045115
0.47242132
0.47442160
0.47644203
0.47845928
0.48046890
0.48249384
0.48452611
0.48653338
0.48860017
0.49065649
0.49274347
0.49478839
0.49686653
0.49891041
0.50099834
0.50308177
0.50515840
0.50724954
0.50933536
0.51143001
0.51353547
0.51567199
0.51783006
0.51995030
0.52206517
0.52420367
0.52634593
0.52851170
0.53067814
0.53286090
0.53504164
0.53727792
0.53945752
0.54165414
0.54383838
0.54603001
0.54822224
0.55043505
0.55265723
0.55489011
0.55714192
0.55939538
0.56162018
0.56388558
0.56611642
0.56837547
0.57063433
0.57289620
0.57517957
0.57742187
0.57975663
0.58204637
0.58437807
0.58672388
0.58904452
0.59137526
0.59369958
0.59603809
0.59838562
0.60074012
0.60310235
0.60543513
0.60782809
0.61025564
0.61262505
0.61506569
0.61751602
0.61996878
0.62238348
0.62481655
0.62720674
0.62963358
0.63210169
0.63453402
0.63697450
0.63945283
0.64196590
0.64446215
0.64696532
0.64948647
0.65201609
0.65452242
0.65707253
0.65962461
0.66219720
0.66476639
0.66732120
0.66988560
0.67243344
0.67505054
0.67765615
0.68030705
0.68289529
0.68552160
0.68817309
0.69080360
0.69343394
0.69611082
0.69877671
0.70146091
0.70413482
0.70681892
0.70951204
0.71225015
0.71496744
0.71762680
0.72032677
0.72307024
0.72583505
0.72862795
0.73135727
0.73413974
0.73696540
0.73976510
0.74257278
0.74535190
0.74819872
0.75103508
0.75389831
0.75678309
0.75970462
0.76265215
0.76555670
0.76844632
0.77136906
0.77431091
0.77723576
0.78020542
0.78316951
0.78614481
0.78920860
0.79221731
0.79521000
0.79820320
0.80125259
0.80427868
0.80738219
0.81045164
0.81352111
0.81665607
0.81975941
0.82286644
0.82602043
0.82919837
0.83235109
0.83554193
0.83868887
0.84192150
0.84510133
0.84829758
0.85149094
0.85472437
0.85796585
0.86126524
0.86457627
0.86783624
0.87117707
0.87446783
0.87775458
0.88108236
0.88450784
0.88793494
0.89133494
0.89471928
0.89816778
0.90160433
0.90505582
0.90850953
0.91196614
0.91547734
0.91906417
0.92255373
0.92613991
0.92974167
0.93324265
0.93688678
0.94043447
0.94411036
0.94775866
0.95141424
0.95509581
0.95882780
0.96253759
0.96628280
0.97003331
0.97377771
0.97758666
0.98138824
0.98518416
0.98901998
0.99286643
0.99673213
1.0006979
1.0046052
1.0086071
1.0125814
1.0165977
1.0206005
1.0246873
1.0287952
1.0328541
1.0369144
1.0409825
1.0451042
1.0492167
1.0534533
1.0577003
1.0619714
1.0661796
1.0704491
1.0746914
1.0790500
1.0834360
1.0877754
1.0921564
1.0965218
1.1009926
1.1054325
1.1099091
1.1143720
1.1188915
1.1233972
1.1279696
1.1325450
1.1372125
1.1419165
1.1465004
1.1512624
1.1560323
1.1608190
1.1656678
1.1706032
1.1754714
1.1803154
1.1851950
1.1901422
1.1950819
1.2001475
1.2052644
1.2102759
1.2153564
1.2204714
1.2257939
1.2310123
1.2363818
1.2417164
1.2470107
1.2523428
1.2577601
1.2633074
1.2687692
1.2743458
1.2798012
1.2854533
1.2911252
1.2968694
1.3026182
1.3083805
1.3141875
1.3201361
1.3261847
1.3320099
1.3380161
1.3440680
1.3501711
1.3564011
1.3627278
1.3690679
1.3755533
1.3821119
1.3886015
1.3951915
1.4017951
1.4083767
1.4151758
1.4219080
1.4286888
1.4355431
1.4423953
1.4493633
1.4565106
1.4636299
1.4708236
1.4781502
1.4855075
1.4930331
1.5005099
1.5080301
1.5153941
1.5233020
1.5311035
1.5389460
1.5468387
1.5550475
1.5630229
1.5711964
1.5793509
1.5877476
1.5961971
1.6049298
1.6136377
1.6226352
1.6316597
1.6405888
1.6497002
1.6591963
1.6685721
1.6781494
1.6878782
1.6976165
1.7073839
1.7174927
1.7276135
1.7379550
1.7485450
1.7592744
1.7702766
1.7812838
1.7925905
1.8037125
1.8149498
1.8267289
1.8386762
1.8508339
1.8631649
1.8759206
1.8885688
1.9011951
1.9144607
1.9281983
1.9417268
1.9555084
1.9694487
1.9839845
1.9986128
2.0134089
2.0281321
2.0430499
2.0585891
2.0745467
2.0909608
2.1073325
2.1237953
2.1406612
2.1583120
2.1758515
2.1943797
2.2126483
2.2317634
2.2514946
2.2716718
2.2924196
2.3137248
2.3348909
2.3559504
2.3782015
2.4010513
2.4238826
2.4466740
2.4710553
2.4957061
2.5207912
2.5467801
2.5732889
2.6011388
2.6288270
2.6567364
2.6858884
2.7168045
2.7475775
2.7790279
2.8117418
2.8445187
2.8787022
2.9148751
2.9501244
2.9884030
3.0251163
3.0636511
3.1041147
3.1441255
3.1861038
3.2278347
3.2731006
3.3199625
3.3645036
3.4107380
3.4607053
3.5116724
3.5631299
3.6153812
3.6701767
3.7253689
3.7828868
3.8438598
3.9048505
3.9696538
4.0368669
4.1021776
4.1710986
4.2450614
4.3172342
4.3900381
4.4669444
4.5471400
4.6321285
4.7157851
4.8026143
4.8937134
4.9854862
5.0790248
5.1726141
5.2691563
5.3713765
5.4769871
5.5832277
5.6968415
5.8130062
5.9344194
6.0576955
6.1810163
6.3108760
6.4422655
6.5809570
6.7286061
6.8777350
7.0288385
7.1846234
7.3454752
7.5041771
7.6689914
7.8366472
8.0132285
8.1969199
8.3874700
8.5807685
8.7766503
8.9805102
9.1930775
9.4086338
9.6331590
9.8605794
10.108273
10.354339
10.614377
10.870438
11.136454
11.411532
11.700687
11.997078
12.306570
12.621513
12.943668
13.285294
13.625129
13.967417
14.326165
14.712681
15.103269
15.505291
15.919340
16.350602
16.787501
17.230397
17.687385
18.162406
18.663000
19.161070
19.707767
20.235199
20.794455
21.373301
21.975062
22.616673
23.257886
23.925406
24.615682
25.314601
26.040747
26.793742
27.570407
28.381566
29.207933
30.039362
30.922714
31.848421
32.781544
33.752508
34.742301
35.771697
36.845919
37.956894
39.096572
40.291350
41.511409
42.790620
44.119838
45.416462
46.796466
48.216815
49.708285
51.207131
52.751817
54.345769
56.015356
57.722251
59.494508
61.295396
63.124831
65.005720
66.996375
69.056849
71.224322
73.473175
75.818761
78.169068
80.647858
83.103664
85.565604
88.119999
90.792898
93.602121
96.580400
99.539803
102.56488
105.68708
108.87850
112.21600
115.65166
119.15938
122.58635
126.18947
129.91982
133.68586
137.64092
141.50597
145.45214
149.36924
153.40603
157.58164
161.71055
166.00971
170.26466
174.68876
179.05955
183.52811
188.25352
192.65969
197.31797
201.98370
206.91553
211.92576
216.89386
221.86668
227.15424
232.48874
237.75250
243.07619
248.41816
253.84034
259.26327
264.88443
270.47981
276.21769
282.07554
287.78491
293.50565
299.47290
305.30147
311.49241
317.71382
323.90686
330.09079
336.20113
342.24930
348.37554
354.58570
360.85047
367.33634
373.83730
380.26388
386.91469
393.56870
400.35253
407.07305
414.08477
421.16273
428.40809
435.11479
442.13597
449.34611
456.44039
463.77014
471.00617
478.58650
486.00568
493.68937
501.19305
508.42569
515.76134
523.49982
531.51769
539.58211
547.51699
555.42341
563.39605
571.67408
579.66385
587.74940
596.00628
604.67030
613.31550
622.21726
631.15335
639.69025
648.63457
657.59677
666.52766
674.73498
683.36344
691.86675
700.61857
709.07823
718.02453
726.73756
735.45330
744.63724
754.34255
764.39272
774.33555
784.31257
794.73073
805.22529
815.75237
825.99213
836.29260
846.94981
857.86746
868.78864
879.64401
891.65511
903.14980
914.95133
926.88468
938.90094
950.87676
963.08082
975.37615
988.07135
1001.2973
1015.1471
1029.5246
1043.9252
1060.5394
1076.2573
1091.8975
1107.4603
1123.8181
1140.8186
1159.6507
1178.5479
1198.7905
1221.5464
1245.4000
1268.7563
1293.4867
1319.6959
1349.6957
1383.5059
1418.7657
1458.6460
1504.6882
1557.5439
1621.2457
1690.9668
1792.2660
1922.0910
2216.5537
