0.093553356
0.12210412
0.14141136
0.15698053
0.17049040
0.18224123
0.19300491
0.20298248
0.21228521
0.22104492
0.22948115
0.23740661
0.24508107
0.25227341
0.25927403
0.26608855
0.27275365
0.27927260
0.28562064
0.29182197
0.29780019
0.30361002
0.30938822
0.31502407
0.32054255
0.32596727
0.33133861
0.33661808
0.34177508
0.34691444
0.35197721
0.35702192
0.36204363
0.36694974
0.37181862
0.37656385
0.38133913
0.38601673
0.39075773
0.39531173
0.39986212
0.40445673
0.40899230
0.41340163
0.41782879
0.42223977
0.42663546
0.43095543
0.43522068
0.43947672
0.44364699
0.44781025
0.45198789
0.45610201
0.46023152
0.46436031
0.46837731
0.47244683
0.47649554
0.48052593
0.48446472
0.48844453
0.49239525
0.49635824
0.50035546
0.50429929
0.50823537
0.51209193
0.51593894
0.51974220
0.52352152
0.52731713
0.53114253
0.53486886
0.53866500
0.54245647
0.54623744
0.54993016
0.55372613
0.55742325
0.56113754
0.56489151
0.56853154
0.57219114
0.57578743
0.57939342
0.58299368
0.58665643
0.59037370
0.59402033
0.59763688
0.60124893
0.60483862
0.60841997
0.61194566
0.61552767
0.61913376
0.62272810
0.62633291
0.62983647
0.63334535
0.63692373
0.64044230
0.64393103
0.64745317
0.65095225
0.65447528
0.65799978
0.66152931
0.66504476
0.66857956
0.67208685
0.67555534
0.67902878
0.68250730
0.68594506
0.68936263
0.69282748
0.69624564
0.69973429
0.70317783
0.70656083
0.71000953
0.71341464
0.71686743
0.72036003
0.72376437
0.72716495
0.73055941
0.73403329
0.73745978
0.74092877
0.74434133
0.74783076
0.75128955
0.75475167
0.75816122
0.76159000
0.76505743
0.76843397
0.77185264
0.77522219
0.77863136
0.78207619
0.78547985
0.78892436
0.79229037
0.79574933
0.79919879
0.80262569
0.80600994
0.80946554
0.81286431
0.81625093
0.81971635
0.82315140
0.82657668
0.83004237
0.83342945
0.83684184
0.84025869
0.84374988
0.84721402
0.85061456
0.85408261
0.85751150
0.86092148
0.86435253
0.86780230
0.87120464
0.87459110
0.87802201
0.88144461
0.88481265
0.88825133
0.89169537
0.89514979
0.89855815
0.90198333
0.90542019
0.90894602
0.91242264
0.91589285
0.91929467
0.92275664
0.92630447
0.92977044
0.93320311
0.93663752
0.94008977
0.94354673
0.94699479
0.95047785
0.95396005
0.95742049
0.96090930
0.96431260
0.96777759
0.97129103
0.97473125
0.97824121
0.98174821
0.98526157
0.98874869
0.99231395
0.99583214
0.99928826
1.0027809
1.0062490
1.0097700
1.0133086
1.0167935
1.0203326
1.0237937
1.0273276
1.0308687
1.0344233
1.0379228
1.0414365
1.0450066
1.0485904
1.0521730
1.0557281
1.0593398
1.0629186
1.0664615
1.0700164
1.0736057
1.0771969
1.0807808
1.0843485
1.0879317
1.0915302
1.0950667
1.0987426
1.1023884
1.1060694
1.1096969
1.1133266
1.1169152
1.1205915
1.1242743
1.1279542
1.1316028
1.1352617
1.1389102
1.1425449
1.1461891
1.1498517
1.1535817
1.1572082
1.1608790
1.1645673
1.1682626
1.1719522
1.1756935
1.1793978
1.1830548
1.1867337
1.1904350
1.1941687
1.1978971
1.2016421
1.2053749
1.2091141
1.2128584
1.2165796
1.2203764
1.2241423
1.2279148
1.2317064
1.2354994
1.2393137
1.2431079
1.2469231
1.2507599
1.2546229
1.2584323
1.2622756
1.2661050
1.2699589
1.2738719
1.2777461
1.2816264
1.2855410
1.2894610
1.2933746
1.2972752
1.3012025
1.3050504
1.3089856
1.3129553
1.3169036
1.3208705
1.3247733
1.3287489
1.3327233
1.3367183
1.3407491
1.3448447
1.3488384
1.3528733
1.3568581
1.3608388
1.3648577
1.3689538
1.3730079
1.3770879
1.3811743
1.3852794
1.3893585
1.3935000
1.3975785
1.4017103
1.4058688
1.4099947
1.4141455
1.4182401
1.4224147
1.4265968
1.4308701
1.4351439
1.4393110
1.4435362
1.4477862
1.4521178
1.4564402
1.4607686
1.4650617
1.4694065
1.4735950
1.4779067
1.4822368
1.4864983
1.4908699
1.4951472
1.4995390
1.5038417
1.5082233
1.5125677
1.5169849
1.5213177
1.5257164
1.5301351
1.5346101
1.5391081
1.5435485
1.5479946
1.5525331
1.5570642
1.5615570
1.5661136
1.5706106
1.5752099
1.5797703
1.5844037
1.5890453
1.5936152
1.5983082
1.6029160
1.6075186
1.6121662
1.6167783
1.6213953
1.6259838
1.6307167
1.6354024
1.6402063
1.6449880
1.6497782
1.6545079
1.6592422
1.6640134
1.6688031
1.6736089
1.6784735
1.6833722
1.6882521
1.6931850
1.6980995
1.7030357
1.7080225
1.7129686
1.7179272
1.7229093
1.7279821
1.7330173
1.7380531
1.7431949
1.7482435
1.7533230
1.7583873
1.7634945
1.7686198
1.7737379
1.7789053
1.7841127
1.7893159
1.7946504
1.7999146
1.8052044
1.8104054
1.8157856
1.8211305
1.8264138
1.8317676
1.8372252
1.8425706
1.8479157
1.8534289
1.8589142
1.8643690
1.8698350
1.8754799
1.8810291
1.8866008
1.8922434
1.8978582
1.9035066
1.9090714
1.9148084
1.9205204
1.9262161
1.9319483
1.9378358
1.9436630
1.9494678
1.9552796
1.9611177
1.9670819
1.9728980
1.9789014
1.9849412
1.9909232
1.9970472
2.0029876
2.0090900
2.0151132
2.0212027
2.0273477
2.0334521
2.0395648
2.0458287
2.0520462
2.0583843
2.0647641
2.0712004
2.0775123
2.0838513
2.0903682
2.0968732
2.1033074
2.1098545
2.1164778
2.1230071
2.1296856
2.1363008
2.1429806
2.1496771
2.1564538
2.1632527
2.1700472
2.1768771
2.1837448
2.1906255
2.1974122
2.2042599
2.2112474
2.2182866
2.2253475
2.2324116
2.2395154
2.2467920
2.2540657
2.2612943
2.2685407
2.2757404
2.2830969
2.2904339
2.2977271
2.3051230
2.3127399
2.3204242
2.3281993
2.3360270
2.3436332
2.3513556
2.3591131
2.3668637
2.3748153
2.3828224
2.3908982
2.3989390
2.4069571
2.4151249
2.4234278
2.4316376
2.4399114
2.4482798
2.4566586
2.4651514
2.4735291
2.4820507
2.4906167
2.4992032
2.5079556
2.5167330
2.5255462
2.5343807
2.5432673
2.5522453
2.5611180
2.5702321
2.5794095
2.5885608
2.5978921
2.6073529
2.6167425
2.6261984
2.6357978
2.6454706
2.6552709
2.6651155
2.6749801
2.6849922
2.6950585
2.7050966
2.7154353
2.7256372
2.7360051
2.7463434
2.7568824
2.7674706
2.7781999
2.7888477
2.7997099
2.8107314
2.8216280
2.8326930
2.8440467
2.8553266
2.8666452
2.8781518
2.8896101
2.9016556
2.9133474
2.9253693
2.9372922
2.9492563
2.9614038
2.9737268
2.9862468
2.9990951
3.0116014
3.0244334
3.0372364
3.0503412
3.0635918
3.0767638
3.0898491
3.1034821
3.1174985
3.1312270
3.1452884
3.1591170
3.1734125
3.1876693
3.2020375
3.2165496
3.2311587
3.2463715
3.2612599
3.2764731
3.2918800
3.3072288
3.3226470
3.3383672
3.3546900
3.3712772
3.3875522
3.4042414
3.4213840
3.4380626
3.4551641
3.4727850
3.4904680
3.5081299
3.5257064
3.5434096
3.5620284
3.5808552
3.5997775
3.6189787
3.6383354
3.6579058
3.6776261
3.6978576
3.7182315
3.7387432
3.7599384
3.7808476
3.8025271
3.8239388
3.8457090
3.8679442
3.8902393
3.9135536
3.9369662
3.9604584
3.9842929
4.0086798
4.0334528
4.0583008
4.0837527
4.1089753
4.1355777
4.1620682
4.1882436
4.2155141
4.2428365
4.2703672
4.2985822
4.3271806
4.3566610
4.3861591
4.4162543
4.4471308
4.4779400
4.5097731
4.5422353
4.5747496
4.6075950
4.6404446
4.6744590
4.7086557
4.7439899
4.7796839
4.8147962
4.8525813
4.8907996
4.9287493
4.9665580
5.0060271
5.0469894
5.0882410
5.1304863
5.1718139
5.2144614
5.2587678
5.3027995
5.3466858
5.3928823
5.4400846
5.4891087
5.5387695
5.5882015
5.6385934
5.6902053
5.7432740
5.7971167
5.8516280
5.9077096
5.9639585
6.0212711
6.0816640
6.1421407
6.2022653
6.2639916
6.3277534
6.3912842
6.4568276
6.5243427
6.5920967
6.6602795
6.7302082
6.8023796
6.8759751
6.9514407
7.0275337
7.1072417
7.1859229
7.2673768
7.3521511
7.4372259
7.5246010
7.6124831
7.7014811
7.7934260
7.8871893
7.9831964
8.0823655
8.1832775
8.2855193
8.3913901
8.4990514
8.6089426
8.7186507
8.8353418
8.9523537
9.0727485
9.1919768
9.3163495
9.4440924
9.5738032
9.7059527
9.8415880
9.9806516
10.124695
10.270315
10.420815
10.569915
10.724345
10.882679
11.050073
11.217454
11.389913
11.565304
11.745038
11.924440
12.110717
12.302013
12.495983
12.691453
12.898934
13.105930
13.316285
13.537879
13.759967
13.988701
14.220171
14.457312
14.695656
14.944437
15.195751
15.454017
15.722129
15.995542
16.277302
16.561649
16.853634
17.155762
17.461140
17.767170
18.088983
18.419043
18.759102
19.107177
19.468332
19.823025
20.196749
20.584591
20.976812
21.384857
21.795036
22.217976
22.650706
23.081385
23.524848
23.973086
24.443236
24.927730
25.417642
25.930917
26.455878
27.003865
27.542974
28.113829
28.676356
29.260483
29.866991
30.481611
31.117169
31.768420
32.449253
33.121938
33.814167
34.517591
35.254311
36.001547
36.763268
37.562451
38.365910
39.201483
40.055958
40.920885
41.820670
42.727639
43.661710
44.611070
45.595413
46.589537
47.616428
48.670611
49.760905
50.871936
52.020806
53.182389
54.366699
55.569164
56.792890
58.036152
59.327495
60.644422
61.995962
63.364157
64.770032
66.202061
67.669773
69.191078
70.711518
72.287734
73.902724
75.569746
77.287428
79.040039
80.836697
82.670180
84.512384
86.350404
88.197592
90.102279
92.067823
94.024112
96.103700
98.231597
100.41095
102.61384
104.76917
106.98379
109.24231
111.52420
113.87356
116.24702
118.76161
121.29974
123.85180
126.40458
129.06647
131.67312
134.31382
137.05780
139.82164
142.62198
145.52027
148.40531
151.35711
154.33889
157.28568
160.24237
163.24988
166.25539
169.40200
172.53848
175.75401
178.97746
182.29885
185.62774
188.97598
192.43553
195.94981
199.46030
203.03678
206.61280
210.22813
213.96606
217.70083
221.48381
225.25425
229.00051
232.91962
236.88728
240.80938
244.84981
248.92442
252.95070
257.08741
261.22525
265.31833
269.50178
273.77723
278.06970
282.37058
286.90342
291.47682
296.24021
300.90518
305.62030
310.54543
315.43729
320.37942
325.48983
330.54524
335.54369
340.66346
345.86084
351.10990
356.17662
361.14826
366.20107
371.33125
376.53069
381.65267
386.93914
392.30019
397.76788
403.40467
409.09278
414.63588
420.32942
426.02100
431.82259
437.72404
443.79530
449.95795
456.27801
462.61657
468.73885
475.04382
481.36638
487.72771
494.14961
500.67443
507.08668
513.41608
519.92337
526.53731
533.24165
539.99524
546.89751
553.77425
560.73810
567.90317
574.93740
581.86396
589.34978
596.87341
604.17869
611.80507
619.62818
627.11845
634.88661
642.93731
650.81357
658.83073
667.21007
675.78097
683.87858
692.05077
700.16301
708.18304
716.34582
725.04066
733.74010
742.11624
750.88486
760.23324
769.57850
779.10816
788.59740
798.76529
808.38595
818.53440
828.34880
838.56059
849.34788
859.69878
870.54299
881.56220
892.40133
903.68314
915.82734
927.74120
939.87037
951.74639
963.82624
976.86921
989.94963
1003.2699
1017.1776
1031.7120
1047.1208
1062.5962
1079.2572
1095.9988
1113.8081
1131.7404
1151.3885
1171.8086
1194.0900
1216.7822
1240.9595
1269.3097
1300.2855
1332.2656
1367.9113
1409.5034
1462.1452
1526.4854
1616.1549
1808.6298
