4.8899612
6.2985205
7.2700311
8.0287567
8.6909995
9.2634218
9.7803515
10.255948
10.705557
11.125041
11.517617
11.894828
12.251821
12.601795
12.931038
13.256028
13.572842
13.876744
14.168749
14.452804
14.732404
15.008760
15.274843
15.538896
15.792327
16.050343
16.298601
16.537557
16.777499
17.011908
17.248468
17.477098
17.704208
17.927754
18.147788
18.363125
18.581442
18.793100
19.004810
19.213940
19.414267
19.616558
19.818530
20.012538
20.210570
20.409244
20.602076
20.794628
20.986261
21.175704
21.363280
21.543655
21.726435
21.907288
22.087993
22.270232
22.452774
22.629639
22.805525
22.984466
23.160115
23.336001
23.511697
23.683478
23.854639
24.024360
24.193239
24.361895
24.529299
24.697061
24.864404
25.033749
25.199183
25.363107
25.525710
25.683305
25.844024
26.005758
26.163459
26.324268
26.482468
26.641989
26.801661
26.958815
27.116692
27.270125
27.424008
27.578959
27.731330
27.884120
28.036265
28.188374
28.338848
28.491255
28.642917
28.795539
28.945266
29.096090
29.245074
29.393446
29.542304
29.691003
29.837277
29.982774
30.130165
30.279070
30.423920
30.569500
30.713303
30.855295
31.001590
31.144800
31.289002
31.433047
31.576135
31.717690
31.860892
32.002971
32.143849
32.284841
32.426968
32.568207
32.710990
32.852527
32.993819
33.133490
33.272217
33.411760
33.553059
33.690160
33.829972
33.969157
34.106889
34.242546
34.381175
34.518661
34.656732
34.795277
34.934317
35.072098
35.208691
35.345890
35.484470
35.620828
35.758059
35.893130
36.030750
36.166659
36.301966
36.438012
36.570662
36.706566
36.842499
36.978508
37.113722
37.250936
37.385026
37.519800
37.652706
37.786495
37.918999
38.051507
38.184891
38.316790
38.450352
38.583651
38.717805
38.851058
38.983862
39.116401
39.248518
39.380135
39.513555
39.647697
39.780483
39.913237
40.045208
40.177092
40.310175
40.442230
40.574433
40.706193
40.837649
40.969858
41.100072
41.232238
41.362974
41.491203
41.620661
41.751547
41.884320
42.013375
42.142500
42.272668
42.402386
42.532840
42.661418
42.790263
42.918396
43.049848
43.180882
43.314783
43.446175
43.575789
43.702797
43.832327
43.960629
44.091613
44.222341
44.352602
44.482759
44.612160
44.741313
44.872287
45.002399
45.131506
45.260096
45.390506
45.518818
45.646235
45.772642
45.901443
46.030244
46.160733
46.288624
46.416889
46.546073
46.673976
46.803296
46.934191
47.062544
47.190481
47.319049
47.447614
47.578319
47.705883
47.834742
47.964714
48.090572
48.220553
48.348767
48.475951
48.604138
48.730790
48.861698
48.990516
49.119317
49.245388
49.372049
49.500914
49.629131
49.760318
49.886687
50.016408
50.145306
50.274065
50.402625
50.530253
50.659924
50.788483
50.915076
51.044886
51.174679
51.304938
51.432885
51.561149
51.688582
51.817602
51.945253
52.073725
52.203791
52.334367
52.461878
52.591708
52.721305
52.851576
52.980642
53.109222
53.238582
53.367247
53.496743
53.627372
53.755677
53.884322
54.013663
54.145141
54.275243
54.404301
54.532842
54.663758
54.793790
54.921992
55.051779
55.181028
55.308546
55.436770
55.565800
55.696748
55.827667
55.958713
56.089923
56.219512
56.350424
56.481176
56.612083
56.741086
56.872027
57.003736
57.135421
57.263936
57.395457
57.525548
57.656400
57.787884
57.917922
58.047153
58.181358
58.310484
58.441081
58.573061
58.703694
58.833979
58.967052
59.100588
59.231548
59.361129
59.495089
59.627067
59.758505
59.891325
60.024252
60.155024
60.285870
60.417165
60.549562
60.681824
60.812520
60.946074
61.079315
61.212437
61.346936
61.479792
61.613927
61.746771
61.881152
62.012952
62.147349
62.278930
62.412110
62.546679
62.681530
62.813368
62.948126
63.079885
63.214995
63.348648
63.483278
63.616662
63.750391
63.885014
64.019554
64.156316
64.290679
64.426595
64.560055
64.695000
64.829660
64.965520
65.100307
65.237571
65.373314
65.510351
65.644798
65.780745
65.913112
66.049189
66.185841
66.320633
66.457954
66.591654
66.729415
66.866820
67.004405
67.142993
67.281687
67.418381
67.559342
67.693863
67.830657
67.969482
68.106203
68.243716
68.379376
68.516817
68.656521
68.794514
68.933785
69.074092
69.211849
69.352586
69.492456
69.632872
69.769469
69.907175
70.046539
70.187656
70.327326
70.470876
70.611361
70.750268
70.888991
71.031102
71.171166
71.311635
71.452548
71.592314
71.733451
71.875045
72.014358
72.159772
72.301871
72.445763
72.587681
72.726978
72.867215
73.008715
73.151391
73.293272
73.433184
73.575726
73.719391
73.863199
74.004106
74.148667
74.294442
74.440171
74.585943
74.730471
74.874526
75.020427
75.165010
75.308634
75.449748
75.593624
75.738883
75.887165
76.033139
76.177025
76.321051
76.468777
76.615206
76.761486
76.909642
77.056506
77.201061
77.347811
77.495912
77.643218
77.793502
77.941333
78.089141
78.236268
78.384748
78.531347
78.680255
78.829456
78.980835
79.131793
79.281718
79.432983
79.580814
79.729661
79.880075
80.029805
80.179667
80.329825
80.479393
80.628359
80.780095
80.934242
81.085289
81.236859
81.389257
81.541491
81.694203
81.846552
81.998089
82.147970
82.302015
82.455265
82.609162
82.762071
82.920590
83.076680
83.230269
83.384175
83.538201
83.694047
83.849641
84.004545
84.161158
84.318605
84.474748
84.630077
84.788193
84.945861
85.103491
85.261550
85.420264
85.578598
85.735176
85.891722
86.046393
86.203847
86.363578
86.524809
86.682389
86.840255
86.997829
87.155218
87.318891
87.481925
87.646574
87.809393
87.973724
88.135598
88.294942
88.456560
88.621511
88.786977
88.949365
89.111686
89.278230
89.441333
89.608998
89.774354
89.938977
90.103370
90.267222
90.430377
90.596001
90.759141
90.924481
91.088650
91.254763
91.418561
91.583756
91.749871
91.918108
92.085898
92.253768
92.423310
92.592033
92.758506
92.928174
93.095730
93.266795
93.436715
93.603604
93.773505
93.944064
94.113695
94.284516
94.452667
94.627962
94.799979
94.974657
95.147707
95.320459
95.493622
95.665141
95.836685
96.012347
96.184572
96.357708
96.532628
96.704684
96.882755
97.058555
97.235186
97.411526
97.588594
97.766376
97.944302
98.119988
98.294263
98.472474
98.649652
98.829805
99.007178
99.187485
99.366557
99.548857
99.727596
99.907522
100.09054
100.27264
100.45608
100.64151
100.82419
101.00829
101.18668
101.36832
101.54919
101.73584
101.92023
102.10822
102.29495
102.48063
102.66787
102.85492
103.04426
103.23127
103.42006
103.60877
103.79885
103.98912
104.17721
104.36914
104.55720
104.74782
104.93716
105.12841
105.32031
105.51083
105.70168
105.89517
106.08483
106.27812
106.47460
106.66640
106.86380
107.05798
107.25312
107.45268
107.64821
107.84332
108.03977
108.23858
108.43672
108.63766
108.83499
109.03713
109.23713
109.43942
109.63989
109.84025
110.04208
110.24294
110.44742
110.65152
110.85251
111.06164
111.26672
111.47338
111.67863
111.88217
112.09027
112.29823
112.50490
112.71748
112.92617
113.13192
113.34083
113.54791
113.75744
113.96707
114.17965
114.39033
114.60467
114.81596
115.02942
115.24645
115.46051
115.67880
115.89305
116.11279
116.33097
116.54987
116.76811
116.98760
117.20737
117.42387
117.64384
117.86224
118.08051
118.30666
118.53456
118.75870
118.98239
119.20853
119.43470
119.65999
119.88413
120.11582
120.34355
120.56767
120.79708
121.02933
121.25878
121.49047
121.72199
121.95314
122.18358
122.42015
122.65215
122.88709
123.12115
123.35256
123.58803
123.82447
124.06419
124.30082
124.53991
124.77816
125.01816
125.26035
125.49924
125.74369
125.98203
126.22395
126.47044
126.71804
126.97027
127.21612
127.46416
127.71678
127.96922
128.22099
128.47126
128.72402
128.97867
129.23122
129.48627
129.73960
130.00006
130.25814
130.51783
130.77538
131.03644
131.29719
131.55530
131.81545
132.08006
132.34602
132.61287
132.87622
133.14128
133.40848
133.67848
133.94721
134.21959
134.49257
134.76976
135.04376
135.31438
135.58573
135.86082
136.13745
136.41466
136.68929
136.96149
137.23946
137.52131
137.80370
138.08741
138.36952
138.65272
138.93841
139.22647
139.51626
139.80337
140.10040
140.39431
140.68373
140.97681
141.26961
141.56671
141.86208
142.16166
142.46483
142.76657
143.06752
143.37121
143.66887
143.97900
144.28105
144.59202
144.90185
145.21513
145.52669
145.84164
146.15679
146.46948
146.78647
147.10314
147.42471
147.74707
148.07103
148.39943
148.72375
149.05028
149.38257
149.70353
150.03675
150.36989
150.70249
151.03805
151.37625
151.71795
152.05692
152.40165
152.74369
153.09639
153.44628
153.79836
154.14720
154.50094
154.86283
155.22030
155.58313
155.94022
156.29937
156.66842
157.03592
157.40337
157.77332
158.14124
158.51922
158.89406
159.27077
159.65149
160.03195
160.41650
160.79334
161.18158
161.56207
161.94345
162.33996
162.73998
163.13938
163.54029
163.93712
164.33865
164.74295
165.14576
165.55504
165.96494
166.38092
166.80265
167.21799
167.62996
168.05453
168.49291
168.92313
169.36190
169.79621
170.22953
170.66532
171.10960
171.55285
172.00120
172.46062
172.91850
173.37571
173.83748
174.30361
174.77066
175.24369
175.72370
176.20583
176.68973
177.17068
177.65902
178.15365
178.64234
179.14557
179.65596
180.15694
180.65779
181.17533
181.69089
182.21658
182.73903
183.26568
183.80272
184.33722
184.87911
185.43524
185.99435
186.54517
187.10535
187.66560
188.24283
188.82742
189.40472
189.99669
190.58323
191.18414
191.78682
192.39034
193.00483
193.62601
194.23952
194.88286
195.50889
196.16006
196.80837
197.45421
198.11497
198.76662
199.43547
200.11546
200.80780
201.51088
202.21949
202.93780
203.66259
204.38433
205.12326
205.87126
206.62974
207.39943
208.17128
208.95073
209.73750
210.52947
211.35581
212.17987
212.99622
213.82529
214.67888
215.54601
216.42547
217.30175
218.21197
219.13632
220.06433
220.99566
221.95606
222.92557
223.92916
224.95070
225.96968
227.00901
228.07801
229.14730
230.24964
231.38041
232.50983
233.66454
234.85462
236.04740
237.27339
238.53251
239.80000
241.09284
242.42951
243.75381
245.14130
246.56356
248.00248
249.51064
251.04557
252.60387
254.21322
255.88703
257.57315
259.34296
261.16033
263.05716
264.98404
266.98623
269.07946
271.23572
273.47783
275.77840
278.14432
280.66732
283.30421
286.07636
288.91952
291.92210
295.15829
298.57901
302.17657
306.03839
310.20379
314.68074
319.60133
324.89365
330.91217
337.50018
345.13002
353.87479
364.35445
377.59337
394.46649
419.50651
469.51866
