0.35449840
0.47131575
0.55409379
0.62293905
0.68198604
0.73500706
0.78390890
0.82831711
0.87060671
0.91095213
0.94855708
0.98537861
1.0202022
1.0540145
1.0864395
1.1177958
1.1489534
1.1793345
1.2089000
1.2381991
1.2662447
1.2936207
1.3209814
1.3478973
1.3743411
1.4002433
1.4255814
1.4503384
1.4749767
1.4992709
1.5232784
1.5472980
1.5709307
1.5945406
1.6176275
1.6406484
1.6633441
1.6860590
1.7083616
1.7302396
1.7523585
1.7740375
1.7952733
1.8165149
1.8378648
1.8587563
1.8797362
1.9004950
1.9210994
1.9417179
1.9620842
1.9822018
2.0023365
2.0228369
2.0431301
2.0629493
2.0825074
2.1022887
2.1219068
2.1417555
2.1610656
2.1807049
2.2000187
2.2193819
2.2385500
2.2575950
2.2766051
2.2955797
2.3144534
2.3330635
2.3518860
2.3707906
2.3892735
2.4079994
2.4262505
2.4447826
2.4631848
2.4813189
2.4998427
2.5181286
2.5363270
2.5544793
2.5724898
2.5906250
2.6086097
2.6265478
2.6443197
2.6624611
2.6804273
2.6982182
2.7161827
2.7339579
2.7515656
2.7691872
2.7869311
2.8043823
2.8220754
2.8401195
2.8578370
2.8756803
2.8928990
2.9106185
2.9280911
2.9452570
2.9624103
2.9796448
2.9969126
3.0143011
3.0315474
3.0486607
3.0659038
3.0833268
3.1004194
3.1172231
3.1342628
3.1511546
3.1682454
3.1852443
3.2022940
3.2194574
3.2362238
3.2533930
3.2705373
3.2874283
3.3045226
3.3215660
3.3381596
3.3549954
3.3720473
3.3889010
3.4059816
3.4229191
3.4396902
3.4567826
3.4737129
3.4906766
3.5073709
3.5242355
3.5411327
3.5578263
3.5746242
3.5914785
3.6084666
3.6250750
3.6417617
3.6583850
3.6751958
3.6916108
3.7084593
3.7252211
3.7421554
3.7584974
3.7752510
3.7919096
3.8085537
3.8251738
3.8418947
3.8589009
3.8757974
3.8925794
3.9094052
3.9261731
3.9425935
3.9593259
3.9760156
3.9930231
4.0098994
4.0268421
4.0435545
4.0600986
4.0768151
4.0931809
4.1100615
4.1268942
4.1438067
4.1608020
4.1778438
4.1948004
4.2118448
4.2284077
4.2451346
4.2619637
4.2784036
4.2951680
4.3117597
4.3288949
4.3458295
4.3626716
4.3794492
4.3960615
4.4132162
4.4299583
4.4468784
4.4638763
4.4811021
4.4980684
4.5148177
4.5317302
4.5487395
4.5658514
4.5831860
4.6002525
4.6169039
4.6339351
4.6510582
4.6681461
4.6853320
4.7021187
4.7191358
4.7365475
4.7534137
4.7704577
4.7876495
4.8048577
4.8222758
4.8396329
4.8562726
4.8736669
4.8906919
4.9077188
4.9250614
4.9422701
4.9591363
4.9765007
4.9936902
5.0107032
5.0278784
5.0452331
5.0626943
5.0796134
5.0971525
5.1144792
5.1319059
5.1489953
5.1662602
5.1838984
5.2013930
5.2187809
5.2360402
5.2534410
5.2709912
5.2885775
5.3062273
5.3239139
5.3412602
5.3589055
5.3762666
5.3938515
5.4111789
5.4285942
5.4461362
5.4637503
5.4816088
5.4992924
5.5167432
5.5341357
5.5515973
5.5693751
5.5870561
5.6046617
5.6224116
5.6401348
5.6578771
5.6756353
5.6936947
5.7115142
5.7294151
5.7473962
5.7648573
5.7824361
5.8002162
5.8179837
5.8356022
5.8532021
5.8713135
5.8892767
5.9073432
5.9255160
5.9434510
5.9612055
5.9791839
5.9975818
6.0156439
6.0336552
6.0517286
6.0700572
6.0883460
6.1069899
6.1255233
6.1438716
6.1621732
6.1806037
6.1990356
6.2176649
6.2359580
6.2544452
6.2728387
6.2913566
6.3098579
6.3284303
6.3469425
6.3654703
6.3838437
6.4022532
6.4209901
6.4399568
6.4585192
6.4775106
6.4963614
6.5149134
6.5335748
6.5525208
6.5713879
6.5902056
6.6091271
6.6282830
6.6474643
6.6667272
6.6859140
6.7051433
6.7242542
6.7435130
6.7625951
6.7819237
6.8010800
6.8203372
6.8396644
6.8592548
6.8786954
6.8980625
6.9175598
6.9366599
6.9560084
6.9753810
6.9951489
7.0149040
7.0341114
7.0537735
7.0733938
7.0929070
7.1125339
7.1323385
7.1519494
7.1717810
7.1917320
7.2113736
7.2315112
7.2516616
7.2718037
7.2919679
7.3118069
7.3321734
7.3521101
7.3724447
7.3925697
7.4130216
7.4330552
7.4531818
7.4735387
7.4936566
7.5139683
7.5342315
7.5546053
7.5748581
7.5950584
7.6156208
7.6366122
7.6570162
7.6778738
7.6983895
7.7193378
7.7398623
7.7602577
7.7810794
7.8019104
7.8226449
7.8441590
7.8651120
7.8866229
7.9078804
7.9286989
7.9498012
7.9708610
7.9918576
8.0130832
8.0339077
8.0553153
8.0765103
8.0975370
8.1189832
8.1404173
8.1616699
8.1835056
8.2053771
8.2268190
8.2487395
8.2705968
8.2925527
8.3143314
8.3362213
8.3581420
8.3801582
8.4020441
8.4238932
8.4459806
8.4680995
8.4903059
8.5125152
8.5348005
8.5566057
8.5792195
8.6013852
8.6236936
8.6460537
8.6683973
8.6907618
8.7133985
8.7356466
8.7585538
8.7811316
8.8039049
8.8263116
8.8489721
8.8715566
8.8942843
8.9169316
8.9398697
8.9629978
8.9860217
9.0089837
9.0322993
9.0551110
9.0781146
9.1011518
9.1243738
9.1474666
9.1706846
9.1942617
9.2177205
9.2412356
9.2648364
9.2889564
9.3126891
9.3369163
9.3607721
9.3847168
9.4086035
9.4329923
9.4575612
9.4821042
9.5062217
9.5307218
9.5548893
9.5793199
9.6039274
9.6289166
9.6535556
9.6780416
9.7031586
9.7278373
9.7529422
9.7773597
9.8025881
9.8274259
9.8525601
9.8775730
9.9030315
9.9284466
9.9538320
9.9786444
10.004702
10.030338
10.055704
10.081181
10.106910
10.132941
10.158735
10.184510
10.210654
10.237017
10.263123
10.289458
10.315572
10.341823
10.367934
10.394754
10.421458
10.448533
10.475278
10.502437
10.529497
10.555841
10.582634
10.609491
10.636404
10.663265
10.690429
10.718195
10.745687
10.773087
10.800562
10.828033
10.855743
10.883728
10.912035
10.939949
10.967674
10.996053
11.024595
11.053127
11.082082
11.110286
11.138757
11.167823
11.196450
11.225705
11.254444
11.283636
11.312816
11.342028
11.371387
11.400689
11.430322
11.460011
11.489450
11.519710
11.549519
11.580402
11.610560
11.640711
11.671428
11.701807
11.732685
11.763308
11.794038
11.824801
11.855529
11.886651
11.917149
11.948420
11.979453
12.011061
12.042385
12.074534
12.106721
12.138664
12.170658
12.202542
12.234585
12.267188
12.299957
12.332550
12.365639
12.398041
12.430454
12.463204
12.496160
12.530057
12.563812
12.597459
12.631200
12.664935
12.698766
12.732939
12.766845
12.801269
12.836075
12.870319
12.905137
12.939758
12.974283
13.009534
13.044976
13.080058
13.115768
13.151095
13.187328
13.223696
13.259655
13.296242
13.332340
13.369710
13.406371
13.443036
13.479779
13.516952
13.553849
13.590985
13.628593
13.666785
13.704083
13.741978
13.780075
13.818732
13.857046
13.895756
13.934680
13.973020
14.012318
14.050941
14.090805
14.131064
14.170300
14.210163
14.250266
14.290711
14.331032
14.371932
14.413019
14.453601
14.495342
14.537581
14.579341
14.621590
14.663984
14.706032
14.749335
14.791844
14.834010
14.877097
14.920601
14.964117
15.007978
15.051899
15.095988
15.140418
15.185728
15.230413
15.275148
15.321431
15.367350
15.413898
15.460437
15.507043
15.554756
15.602081
15.649515
15.697206
15.745050
15.792774
15.841805
15.890692
15.940320
15.989363
16.038633
16.088519
16.139638
16.190431
16.241249
16.291694
16.343228
16.395182
16.447994
16.500949
16.553255
16.606682
16.659814
16.713840
16.767985
16.821954
16.875940
16.930712
16.986540
17.043224
17.100657
17.157004
17.214655
17.272054
17.330704
17.390035
17.450462
17.510388
17.570491
17.631035
17.692112
17.754646
17.816340
17.879391
17.941556
18.005449
18.070093
18.134815
18.200639
18.266875
18.333606
18.398879
18.465997
18.534021
18.602510
18.672645
18.742878
18.813171
18.884557
18.956015
19.029154
19.103322
19.176440
19.251163
19.327800
19.404928
19.481557
19.562504
19.640486
19.718925
19.798151
19.881112
19.961901
20.047111
20.134590
20.220402
20.309074
20.396673
20.484609
20.574514
20.665582
20.757582
20.851117
20.946370
21.040940
21.138208
21.238331
21.340204
21.442218
21.545438
21.650274
21.757096
21.865209
21.976482
22.089671
22.204556
22.321664
22.440956
22.561616
22.683586
22.805855
22.933284
23.061864
23.191456
23.325489
23.462111
23.602922
23.742287
23.883223
24.029058
24.175203
24.325889
24.476088
24.639031
24.801652
24.964038
25.130872
25.303434
25.481549
25.656639
25.839681
26.030304
26.226966
26.423677
26.627302
26.831977
27.039758
27.260730
27.478335
27.707952
27.937422
28.171057
28.407827
28.654769
28.908503
29.163917
29.430266
29.702670
29.978477
30.266109
30.556830
30.854618
31.164915
31.473227
31.788081
32.119692
32.453404
32.793254
33.148500
33.516750
33.895078
34.284974
34.678431
35.088602
35.516828
35.941354
36.378125
36.836802
37.302980
37.785565
38.279939
38.798961
39.317723
39.848209
40.392871
40.962969
41.547948
42.141794
42.749892
43.393424
44.058137
44.745121
45.460150
46.208928
46.963982
47.752903
48.540433
49.370938
50.227577
51.085432
51.982410
52.915528
53.869397
54.854073
55.875678
56.930110
58.034856
59.149107
60.277684
61.483655
62.702626
64.005649
65.325245
66.700998
68.131973
69.601457
71.095249
72.656599
74.300073
75.964456
77.712596
79.520197
81.374714
83.294543
85.274794
87.290261
89.369494
91.567094
93.838661
96.143918
98.564297
100.99064
103.52511
106.13273
108.84718
111.66983
114.64982
117.70782
120.82916
123.94533
127.21971
130.56093
134.09713
137.63891
141.25987
145.01969
148.80407
152.58279
156.46002
160.31932
164.27632
168.42678
172.42402
176.60270
180.75704
185.12770
189.48832
193.90612
198.35706
202.73912
207.22864
211.86801
216.51292
221.07657
225.79331
230.60628
235.36634
240.18543
245.24231
250.22883
255.10419
260.10893
265.23447
270.51014
275.87568
281.20964
286.58914
292.00545
297.41312
303.08127
309.08836
314.77907
320.44391
326.31570
332.29603
338.07165
343.97889
349.93890
355.77293
361.77783
367.88282
374.11324
380.44065
386.72328
393.04213
399.39426
405.83081
412.11810
418.40615
424.71669
431.20413
437.84861
444.57189
451.52969
458.77300
465.97360
473.20825
480.38333
487.56170
494.73263
502.25335
509.92626
517.53190
525.28767
533.28713
541.15260
548.82362
556.84889
564.58394
572.38320
580.25059
588.24179
596.26507
604.25418
612.35169
620.48724
628.92784
637.78246
646.41931
655.04596
663.42875
671.80257
680.09193
688.62530
697.66882
706.38635
715.08856
724.17604
733.50704
742.87759
752.58227
762.55920
772.90648
782.95873
793.23492
802.51293
812.68239
822.89762
833.80214
844.72259
855.27491
866.20235
876.77383
887.96199
899.27197
910.54175
922.30411
934.08964
946.16078
958.40183
970.74265
984.37000
997.81905
1011.6568
1026.3461
1041.0682
1055.9091
1071.3390
1087.6552
1104.0903
1121.8966
1139.4879
1158.1518
1180.5623
1202.6606
1226.5144
1252.2787
1280.0198
1306.8825
1339.1295
1378.9350
1427.0927
1485.4850
1558.4401
1656.4096
1843.9405
