49.870370
53.160518
55.051396
56.401868
57.465008
58.333390
59.099423
59.759265
60.345921
60.887127
61.386934
61.852721
62.275221
62.682220
63.065378
63.434781
63.781508
64.109664
64.421932
64.723907
65.010260
65.289164
65.557541
65.812882
66.062889
66.302424
66.538069
66.765140
66.991546
67.210148
67.421630
67.627916
67.828599
68.025133
68.218049
68.407106
68.588962
68.769651
68.940922
69.111974
69.282052
69.449387
69.612888
69.776284
69.935748
70.090908
70.240516
70.392358
70.541751
70.691052
70.834687
70.977100
71.118255
71.256302
71.392333
71.528231
71.664541
71.798081
71.929272
72.057481
72.186762
72.312442
72.435093
72.559306
72.682002
72.803870
72.922729
73.041062
73.156890
73.270683
73.384037
73.498007
73.611206
73.721153
73.831994
73.940602
74.046857
74.153571
74.259818
74.364460
74.468489
74.573484
74.676119
74.778717
74.879770
74.981382
75.080542
75.179992
75.277697
75.374330
75.472145
75.568629
75.664494
75.759180
75.853187
75.947491
76.039717
76.130662
76.221517
76.312409
76.403173
76.493366
76.581740
76.670807
76.758503
76.843996
76.931690
77.017347
77.103398
77.188268
77.273510
77.356657
77.441652
77.525057
77.608861
77.691291
77.773186
77.854753
77.936140
78.016957
78.096741
78.175598
78.255525
78.333604
78.413681
78.493355
78.571133
78.648997
78.726479
78.806186
78.883453
78.961037
79.038692
79.114329
79.189797
79.264335
79.339201
79.414838
79.489048
79.562136
79.635584
79.709624
79.781907
79.854120
79.925921
79.996242
80.068388
80.139009
80.210510
80.282295
80.354221
80.422911
80.493439
80.561974
80.631606
80.700969
80.770583
80.840075
80.909086
80.977813
81.044786
81.112344
81.179929
81.246315
81.313000
81.380361
81.448757
81.515113
81.581247
81.647565
81.712916
81.777593
81.843236
81.908033
81.972901
82.037786
82.102544
82.166879
82.230894
82.294974
82.359219
82.423382
82.486171
82.548023
82.610276
82.673925
82.736466
82.798725
82.861699
82.924408
82.985235
83.046313
83.108277
83.169715
83.230565
83.292142
83.353186
83.414573
83.475864
83.536054
83.596807
83.657864
83.718324
83.779057
83.838334
83.898485
83.958668
84.017727
84.076597
84.136606
84.195734
84.255288
84.314638
84.373890
84.432669
84.491390
84.550363
84.608246
84.666925
84.724873
84.782177
84.839480
84.896320
84.954290
85.011948
85.068559
85.125120
85.181718
85.237867
85.294975
85.351410
85.407535
85.463316
85.520399
85.576915
85.633783
85.689814
85.744876
85.801068
85.856864
85.912292
85.968040
86.024099
86.079448
86.134743
86.190432
86.245935
86.300126
86.354734
86.408598
86.463076
86.517173
86.572607
86.627333
86.681617
86.736310
86.789768
86.843022
86.896048
86.949961
87.003430
87.057546
87.111076
87.165757
87.219808
87.272558
87.325490
87.379049
87.432031
87.484294
87.537656
87.590020
87.642898
87.695427
87.747985
87.800805
87.853247
87.906162
87.958735
88.010986
88.062655
88.114582
88.166154
88.218865
88.270003
88.321372
88.372416
88.423552
88.476018
88.528402
88.579912
88.631746
88.683297
88.734435
88.785992
88.837052
88.888431
88.939321
88.990290
89.041771
89.093670
89.144149
89.194642
89.244983
89.296991
89.347870
89.398868
89.449282
89.499667
89.550703
89.600968
89.651319
89.702111
89.752194
89.803124
89.852130
89.903102
89.952879
90.003370
90.054092
90.105328
90.155311
90.205821
90.255986
90.306308
90.355509
90.405056
90.455528
90.504770
90.554306
90.604068
90.653328
90.703041
90.753082
90.802985
90.853031
90.902559
90.951909
91.001341
91.052037
91.101617
91.151131
91.200032
91.249272
91.297790
91.347113
91.397603
91.446963
91.496055
91.545873
91.595041
91.644260
91.692418
91.741453
91.789810
91.837473
91.886640
91.935910
91.983961
92.033734
92.082348
92.131312
92.179032
92.226942
92.274806
92.324037
92.372432
92.420826
92.469547
92.517186
92.565614
92.614493
92.662602
92.711177
92.759477
92.807295
92.855543
92.904562
92.953485
93.001740
93.049577
93.098139
93.146558
93.194195
93.242480
93.291217
93.338905
93.386987
93.435441
93.483269
93.530856
93.579674
93.627823
93.675395
93.723509
93.771585
93.819075
93.866385
93.914351
93.962280
94.010774
94.058949
94.106430
94.154366
94.202292
94.249944
94.297909
94.345416
94.392539
94.440641
94.488190
94.536700
94.583819
94.631204
94.678854
94.726815
94.774812
94.822426
94.869367
94.916496
94.964007
95.011346
95.058947
95.106097
95.153416
95.200393
95.247545
95.295044
95.342743
95.390463
95.437356
95.484692
95.531121
95.578847
95.626534
95.674217
95.721903
95.769263
95.817073
95.865022
95.913373
95.960683
96.008831
96.056390
96.104041
96.152181
96.200427
96.247974
96.295604
96.343278
96.390317
96.437446
96.485063
96.531398
96.578646
96.625043
96.672647
96.720690
96.768307
96.815820
96.863700
96.910738
96.957871
97.004238
97.052102
97.099165
97.146759
97.194375
97.242631
97.291024
97.338553
97.386881
97.434029
97.482604
97.529828
97.578042
97.625554
97.673894
97.721485
97.768601
97.816072
97.863857
97.911681
97.959805
98.008342
98.056580
98.103519
98.151695
98.199757
98.247488
98.295195
98.343323
98.391827
98.439618
98.486940
98.535223
98.583558
98.631373
98.679288
98.727122
98.776285
98.824268
98.872073
98.920852
98.967909
99.015611
99.063466
99.111509
99.160540
99.208846
99.256997
99.305437
99.354525
99.403142
99.450691
99.499358
99.547154
99.596509
99.644693
99.692654
99.740607
99.789154
99.837250
99.885139
99.933930
99.982200
100.03052
100.07817
100.12681
100.17517
100.22464
100.27412
100.32314
100.37088
100.41919
100.46739
100.51642
100.56520
100.61421
100.66333
100.71220
100.76065
100.80943
100.85786
100.90697
100.95654
101.00610
101.05539
101.10490
101.15391
101.20335
101.25261
101.30125
101.35033
101.39962
101.44801
101.49676
101.54661
101.59579
101.64518
101.69465
101.74354
101.79351
101.84292
101.89408
101.94357
101.99300
102.04335
102.09279
102.14263
102.19265
102.24298
102.29329
102.34272
102.39240
102.44284
102.49272
102.54360
102.59417
102.64372
102.69297
102.74320
102.79275
102.84312
102.89389
102.94465
102.99508
103.04567
103.09634
103.14767
103.19770
103.24807
103.29927
103.34957
103.39987
103.45040
103.50115
103.55218
103.60353
103.65479
103.70659
103.75744
103.80899
103.86008
103.91154
103.96252
104.01365
104.06413
104.11637
104.16708
104.21924
104.27182
104.32391
104.37589
104.42862
104.48077
104.53406
104.58668
104.63876
104.69019
104.74284
104.79612
104.84801
104.90059
104.95245
105.00567
105.05950
105.11140
105.16456
105.21728
105.27063
105.32498
105.37793
105.43093
105.48446
105.53708
105.58944
105.64212
105.69605
105.74995
105.80366
105.85654
105.91054
105.96442
106.01845
106.07244
106.12626
106.18026
106.23366
106.28825
106.34346
106.39865
106.45293
106.50719
106.56239
106.61715
106.67103
106.72594
106.78051
106.83505
106.88970
106.94455
106.99918
107.05445
107.10966
107.16509
107.21983
107.27477
107.33027
107.38637
107.44322
107.49950
107.55574
107.61081
107.66705
107.72321
107.77962
107.83664
107.89308
107.94984
108.00801
108.06487
108.12227
108.17897
108.23655
108.29391
108.35137
108.40826
108.46597
108.52361
108.58078
108.63829
108.69543
108.75324
108.81216
108.87101
108.92979
108.98865
109.04672
109.10527
109.16389
109.22312
109.28243
109.34109
109.40017
109.45947
109.51917
109.57865
109.63789
109.69657
109.75670
109.81680
109.87708
109.93726
109.99761
110.05888
110.11934
110.18140
110.24187
110.30223
110.36377
110.42515
110.48626
110.54756
110.60934
110.67231
110.73342
110.79595
110.85817
110.92006
110.98258
111.04498
111.10803
111.17080
111.23327
111.29538
111.35763
111.42208
111.48625
111.55033
111.61304
111.67676
111.74123
111.80487
111.87009
111.93510
112.00046
112.06621
112.13079
112.19622
112.26205
112.32725
112.39364
112.45849
112.52421
112.59046
112.65606
112.72359
112.79033
112.85601
112.92403
112.99170
113.05845
113.12632
113.19357
113.26075
113.32997
113.39907
113.46760
113.53594
113.60491
113.67441
113.74471
113.81465
113.88269
113.95186
114.02118
114.09182
114.16218
114.23281
114.30314
114.37344
114.44463
114.51675
114.58981
114.66092
114.73489
114.80815
114.88110
114.95357
115.02703
115.09921
115.17183
115.24500
115.31807
115.39318
115.46691
115.54051
115.61570
115.69105
115.76663
115.84363
115.91977
115.99557
116.07208
116.14855
116.22540
116.30221
116.38130
116.45878
116.53812
116.61688
116.69542
116.77459
116.85471
116.93388
117.01337
117.09404
117.17291
117.25387
117.33658
117.41700
117.50023
117.58248
117.66727
117.75089
117.83413
117.91799
118.00068
118.08584
118.17283
118.25692
118.34332
118.42871
118.51439
118.60107
118.68831
118.77663
118.86421
118.95151
119.04095
119.13164
119.22116
119.31118
119.40226
119.49333
119.58476
119.67731
119.76916
119.86176
119.95320
120.04588
120.14035
120.23306
120.32818
120.42289
120.51710
120.61449
120.71208
120.80747
120.90289
121.00211
121.10086
121.19984
121.29767
121.39791
121.49815
121.59904
121.70294
121.80728
121.90981
122.01243
122.11580
122.22087
122.32907
122.43552
122.54219
122.65041
122.76013
122.86992
122.97943
123.09097
123.20365
123.31627
123.42908
123.54257
123.65545
123.77282
123.88692
124.00470
124.12382
124.24168
124.36211
124.48197
124.60251
124.72207
124.84475
124.96972
125.09473
125.21906
125.34602
125.47409
125.60309
125.73215
125.86411
125.99731
126.13069
126.26603
126.39975
126.53716
126.67562
126.81492
126.95311
127.09221
127.23349
127.37693
127.52272
127.66906
127.81913
127.97001
128.12239
128.27369
128.42741
128.58364
128.74044
128.90023
129.06321
129.22557
129.38907
129.55690
129.72436
129.89644
130.06895
130.24321
130.41563
130.59573
130.78033
130.96556
131.15415
131.34139
131.53186
131.72333
131.92239
132.12069
132.32204
132.52802
132.73473
132.94679
133.16373
133.38375
133.60607
133.82835
134.06081
134.29182
134.52981
134.77484
135.02290
135.27691
135.53096
135.79315
136.06354
136.33671
136.61982
136.90953
137.20684
137.50682
137.82063
138.14329
138.46839
138.80006
139.15103
139.51097
139.87963
140.25727
140.65752
141.06418
141.48856
141.92502
142.38465
142.86077
143.34686
143.86406
144.40436
144.98498
145.58041
146.22329
146.90209
147.62264
148.41083
149.24720
150.17256
151.17891
152.31213
153.56461
155.03341
156.76944
158.90208
161.74391
165.76845
173.36691
