0.00015882114
0.00031627676
0.00047073129
0.00062623620
0.00078207332
0.00093824993
0.0010951847
0.0012533624
0.0014130157
0.0015724236
0.0017299370
0.0018905380
0.0020500376
0.0022071318
0.0023603446
0.0025184849
0.0026764241
0.0028303662
0.0029865957
0.0031450944
0.0033043332
0.0034627371
0.0036238046
0.0037818817
0.0039395033
0.0040974410
0.0042574563
0.0044149473
0.0045764614
0.0047353605
0.0048933942
0.0050537271
0.0052101299
0.0053704210
0.0055280463
0.0056881600
0.0058444022
0.0060032837
0.0061627276
0.0063220922
0.0064811235
0.0066392883
0.0067975725
0.0069619611
0.0071199021
0.0072820487
0.0074416874
0.0076005717
0.0077584089
0.0079188868
0.0080795570
0.0082395102
0.0084028280
0.0085639168
0.0087259958
0.0088860878
0.0090449236
0.0092067502
0.0093660447
0.0095292141
0.0096902356
0.0098531615
0.010013559
0.010176636
0.010337110
0.010499650
0.010659360
0.010819585
0.010980728
0.011140827
0.011303741
0.011466016
0.011628040
0.011788041
0.011949704
0.012111076
0.012274932
0.012440201
0.012604615
0.012767387
0.012930387
0.013091140
0.013250794
0.013413606
0.013578340
0.013741046
0.013904191
0.014069176
0.014232862
0.014397919
0.014562061
0.014721967
0.014885730
0.015046486
0.015211018
0.015376701
0.015539811
0.015702809
0.015865197
0.016028968
0.016191656
0.016357415
0.016523234
0.016688659
0.016853223
0.017016903
0.017180948
0.017345247
0.017508457
0.017672917
0.017838072
0.018001825
0.018168806
0.018330421
0.018498373
0.018663782
0.018831956
0.018996006
0.019160512
0.019324144
0.019490353
0.019655650
0.019821590
0.019988318
0.020156117
0.020324079
0.020492072
0.020656455
0.020821952
0.020988093
0.021155108
0.021322098
0.021488120
0.021654945
0.021821360
0.021986595
0.022154993
0.022326682
0.022496916
0.022664301
0.022830817
0.022994694
0.023165541
0.023332599
0.023499854
0.023668375
0.023837549
0.024007691
0.024175292
0.024343763
0.024513087
0.024682668
0.024847401
0.025015543
0.025183213
0.025354895
0.025523520
0.025692691
0.025860694
0.026031615
0.026200004
0.026371001
0.026537939
0.026708647
0.026878762
0.027048839
0.027219895
0.027389849
0.027558690
0.027728645
0.027900992
0.028072749
0.028242194
0.028413456
0.028584296
0.028751520
0.028918279
0.029090661
0.029261955
0.029433288
0.029603271
0.029774224
0.029941983
0.030113632
0.030286554
0.030457368
0.030626349
0.030797804
0.030970016
0.031143236
0.031313862
0.031485709
0.031658641
0.031830433
0.032000559
0.032171685
0.032342959
0.032510947
0.032680110
0.032852625
0.033022477
0.033196020
0.033367490
0.033540566
0.033712903
0.033884642
0.034056553
0.034230043
0.034404208
0.034576837
0.034751527
0.034924968
0.035099605
0.035274651
0.035443874
0.035618855
0.035793704
0.035965269
0.036140310
0.036310951
0.036487005
0.036662537
0.036835128
0.037009792
0.037184023
0.037359316
0.037532384
0.037706160
0.037880478
0.038055961
0.038231603
0.038407067
0.038581646
0.038755946
0.038930922
0.039105458
0.039279944
0.039454261
0.039629237
0.039802744
0.039983296
0.040158268
0.040335191
0.040511439
0.040683496
0.040859835
0.041035778
0.041212768
0.041389127
0.041562300
0.041736659
0.041914384
0.042088411
0.042264854
0.042440332
0.042618987
0.042799076
0.042977638
0.043158140
0.043336452
0.043516410
0.043694619
0.043870834
0.044049293
0.044226825
0.044403585
0.044578032
0.044755276
0.044930748
0.045107504
0.045287875
0.045462585
0.045642133
0.045820560
0.045997852
0.046176082
0.046352733
0.046531849
0.046710541
0.046887051
0.047066101
0.047244030
0.047420874
0.047598597
0.047777392
0.047953281
0.048134947
0.048315394
0.048492353
0.048672870
0.048855084
0.049035732
0.049216735
0.049393215
0.049574359
0.049753162
0.049931359
0.050112086
0.050294256
0.050476001
0.050656091
0.050837943
0.051020406
0.051198669
0.051380627
0.051562309
0.051743479
0.051927378
0.052110978
0.052292402
0.052471507
0.052652980
0.052832983
0.053016539
0.053196324
0.053377708
0.053557741
0.053740079
0.053919859
0.054102747
0.054285234
0.054466711
0.054649444
0.054833005
0.055017622
0.055199321
0.055382136
0.055560181
0.055739251
0.055923267
0.056109543
0.056289942
0.056471662
0.056653493
0.056838206
0.057022115
0.057204001
0.057386600
0.057569162
0.057752035
0.057936536
0.058124255
0.058304494
0.058487677
0.058672174
0.058856482
0.059040894
0.059223648
0.059408474
0.059591870
0.059777344
0.059962180
0.060149449
0.060332623
0.060518355
0.060704059
0.060890150
0.061077321
0.061265587
0.061448906
0.061635298
0.061824505
0.062012653
0.062198700
0.062386587
0.062570036
0.062751757
0.062938288
0.063122512
0.063312202
0.063499361
0.063686612
0.063872338
0.064060229
0.064250358
0.064438906
0.064623882
0.064813522
0.064996264
0.065186451
0.065375511
0.065563719
0.065748746
0.065936352
0.066121601
0.066311166
0.066502957
0.066692755
0.066877625
0.067064165
0.067252737
0.067439221
0.067627622
0.067814996
0.068002710
0.068192002
0.068382470
0.068570175
0.068759194
0.068953242
0.069141460
0.069330872
0.069523994
0.069716044
0.069908394
0.070099186
0.070290633
0.070483158
0.070673411
0.070861984
0.071051754
0.071242820
0.071432897
0.071623976
0.071813426
0.072004156
0.072195464
0.072385205
0.072579564
0.072770457
0.072961170
0.073154551
0.073348232
0.073541454
0.073733412
0.073925427
0.074117512
0.074308637
0.074502302
0.074694194
0.074887793
0.075079917
0.075270601
0.075463905
0.075660669
0.075853282
0.076046136
0.076235335
0.076427634
0.076621990
0.076816187
0.077009005
0.077202665
0.077397385
0.077592450
0.077785695
0.077979931
0.078175375
0.078367968
0.078562678
0.078754569
0.078951595
0.079144285
0.079341305
0.079536837
0.079735316
0.079932334
0.080125807
0.080325707
0.080524555
0.080719239
0.080912305
0.081106890
0.081303900
0.081497066
0.081693656
0.081890543
0.082086117
0.082282569
0.082479829
0.082679603
0.082877742
0.083073802
0.083274611
0.083471277
0.083668791
0.083866827
0.084063961
0.084262024
0.084467035
0.084668616
0.084867670
0.085064378
0.085264895
0.085464896
0.085665360
0.085861517
0.086061315
0.086260369
0.086460256
0.086658054
0.086854783
0.087055799
0.087255849
0.087453646
0.087656576
0.087857128
0.088057842
0.088255549
0.088455936
0.088658357
0.088854001
0.089051241
0.089253106
0.089452227
0.089656599
0.089858322
0.090059244
0.090262270
0.090463510
0.090663892
0.090866351
0.091068738
0.091269773
0.091470251
0.091673813
0.091879323
0.092080109
0.092279207
0.092484010
0.092688961
0.092893363
0.093100526
0.093303279
0.093503100
0.093702758
0.093906447
0.094110358
0.094314105
0.094520727
0.094725100
0.094927797
0.095131447
0.095333228
0.095535916
0.095741882
0.095944546
0.096146882
0.096350021
0.096555038
0.096760906
0.096963512
0.097167041
0.097370299
0.097574134
0.097778302
0.097982100
0.098186407
0.098394232
0.098603539
0.098809372
0.099014385
0.099218214
0.099427276
0.099631410
0.099841449
0.10004651
0.10025194
0.10045887
0.10066763
0.10087444
0.10108295
0.10129150
0.10149951
0.10170764
0.10191269
0.10212124
0.10232747
0.10253371
0.10274048
0.10294912
0.10315936
0.10336753
0.10357184
0.10378240
0.10399047
0.10419653
0.10440739
0.10461931
0.10482539
0.10503582
0.10524510
0.10545374
0.10566478
0.10587283
0.10608242
0.10629053
0.10649876
0.10671132
0.10691873
0.10712829
0.10734044
0.10755094
0.10776387
0.10797847
0.10819192
0.10840289
0.10861689
0.10882700
0.10903846
0.10925511
0.10946732
0.10968112
0.10989528
0.11010599
0.11031756
0.11052601
0.11074074
0.11095000
0.11115992
0.11136908
0.11158546
0.11179593
0.11200766
0.11221895
0.11243508
0.11264914
0.11286093
0.11307315
0.11328273
0.11349988
0.11371654
0.11393168
0.11414629
0.11435804
0.11456853
0.11478236
0.11500004
0.11521306
0.11542616
0.11563986
0.11585199
0.11606477
0.11628025
0.11649820
0.11671589
0.11693374
0.11715108
0.11736537
0.11758743
0.11780270
0.11801923
0.11823733
0.11845547
0.11867270
0.11889405
0.11911057
0.11932911
0.11954799
0.11976725
0.11998782
0.12020500
0.12042351
0.12063897
0.12085914
0.12107808
0.12129414
0.12151689
0.12173872
0.12195656
0.12217537
0.12239440
0.12261126
0.12283215
0.12304961
0.12327119
0.12349015
0.12370839
0.12392827
0.12415251
0.12437414
0.12459778
0.12481877
0.12504261
0.12526512
0.12548420
0.12570578
0.12592627
0.12614936
0.12637107
0.12659124
0.12681187
0.12703360
0.12725710
0.12748107
0.12770556
0.12793010
0.12815313
0.12837509
0.12860143
0.12882035
0.12904568
0.12926732
0.12948855
0.12971074
0.12993544
0.13015773
0.13038099
0.13060905
0.13083459
0.13105732
0.13128502
0.13150804
0.13173420
0.13196094
0.13218616
0.13241211
0.13263933
0.13286447
0.13308975
0.13331436
0.13353869
0.13376843
0.13399596
0.13422308
0.13444804
0.13467607
0.13490319
0.13513158
0.13536032
0.13558474
0.13581452
0.13604195
0.13627260
0.13650368
0.13673050
0.13696016
0.13719064
0.13742290
0.13765276
0.13788366
0.13810816
0.13833762
0.13856849
0.13879703
0.13902344
0.13925321
0.13948368
0.13971513
0.13994819
0.14018046
0.14041233
0.14064438
0.14087443
0.14110807
0.14133666
0.14156688
0.14179761
0.14203166
0.14226191
0.14249651
0.14272459
0.14295389
0.14318473
0.14342020
0.14365555
0.14388869
0.14411901
0.14434940
0.14457657
0.14481078
0.14504442
0.14527835
0.14551209
0.14574765
0.14598030
0.14621617
0.14645227
0.14668713
0.14691899
0.14715727
0.14739111
0.14762201
0.14785377
0.14808552
0.14831756
0.14855313
0.14878484
0.14901661
0.14925187
0.14948733
0.14972290
0.14995983
0.15019523
0.15043228
0.15066724
0.15090043
0.15113586
0.15136926
0.15160686
0.15184340
0.15207988
0.15232100
0.15255560
0.15279880
0.15303619
0.15327474
0.15351249
0.15375401
0.15399007
0.15423091
0.15446636
0.15470562
0.15494626
0.15518552
0.15542181
0.15566352
0.15590589
0.15614387
0.15638307
0.15662349
0.15686344
0.15710247
0.15734115
0.15758093
0.15782141
0.15806456
0.15830410
0.15854753
0.15878584
0.15902727
0.15926770
0.15950968
0.15975055
0.15999449
0.16023611
0.16048310
0.16072587
0.16096898
0.16121164
0.16145708
0.16169642
0.16193893
0.16218652
0.16243054
0.16267205
0.16291685
0.16315970
0.16340078
0.16364535
0.16389470
0.16413927
0.16438896
0.16462904
0.16487998
0.16512231
0.16537089
0.16561249
0.16585999
0.16610514
0.16635190
0.16659480
0.16684418
0.16709587
0.16734600
0.16759280
0.16784426
0.16809425
0.16833712
0.16858627
0.16883526
0.16908107
0.16933512
0.16958463
0.16982964
0.17008261
0.17033100
0.17058259
0.17082910
0.17107960
0.17132926
0.17157984
0.17182783
0.17207739
0.17232325
0.17257255
0.17282329
0.17307384
0.17332309
0.17357214
0.17382574
0.17407974
0.17432894
0.17458614
0.17483964
0.17509093
0.17534419
0.17559841
0.17585244
0.17610775
0.17636685
0.17662149
0.17687583
0.17713227
0.17738401
0.17763816
0.17789406
0.17814257
0.17840027
0.17865671
0.17890937
0.17916273
0.17941685
0.17967217
0.17992228
0.18018028
0.18043719
0.18069372
0.18094807
0.18120574
0.18146454
0.18172195
0.18197553
0.18223426
0.18249260
0.18275456
0.18301013
0.18326790
0.18352744
0.18378756
0.18404945
0.18431004
0.18456463
0.18482306
0.18508404
0.18534296
0.18560220
0.18586231
0.18612299
0.18638149
0.18664348
0.18690477
0.18716411
0.18743076
0.18769964
0.18796529
0.18823008
0.18849073
0.18875180
0.18901251
0.18927696
0.18953571
0.18979434
0.19006052
0.19032177
0.19058148
0.19084116
0.19110551
0.19137138
0.19163264
0.19189524
0.19216331
0.19243067
0.19269738
0.19296773
0.19322969
0.19349216
0.19375809
0.19402063
0.19427869
0.19453766
0.19480729
0.19507007
0.19533282
0.19559894
0.19587262
0.19614241
0.19640682
0.19667406
0.19694504
0.19721493
0.19749038
0.19775709
0.19802707
0.19829367
0.19856339
0.19883446
0.19909961
0.19936906
0.19963611
0.19990635
0.20017699
0.20044938
0.20072172
0.20099039
0.20126046
0.20153014
0.20180217
0.20207356
0.20234579
0.20261788
0.20289144
0.20316488
0.20343673
0.20371227
0.20398437
0.20425548
0.20452722
0.20479673
0.20507187
0.20534837
0.20562673
0.20590152
0.20617454
0.20644644
0.20672188
0.20699401
0.20727038
0.20754524
0.20782458
0.20809880
0.20837623
0.20865634
0.20893403
0.20921189
0.20949069
0.20976403
0.21004395
0.21031802
0.21059090
0.21087278
0.21114953
0.21142879
0.21170877
0.21198721
0.21227016
0.21255299
0.21283448
0.21311415
0.21339652
0.21367898
0.21395941
0.21424339
0.21452155
0.21479676
0.21507942
0.21536025
0.21563869
0.21591859
0.21619885
0.21647971
0.21676311
0.21704584
0.21732591
0.21760805
0.21789350
0.21817483
0.21846010
0.21874211
0.21902340
0.21931036
0.21959401
0.21988397
0.22016922
0.22045730
0.22074214
0.22102602
0.22131492
0.22159818
0.22188655
0.22217470
0.22246200
0.22275057
0.22303712
0.22331968
0.22360617
0.22389566
0.22418594
0.22447638
0.22476366
0.22505151
0.22533953
0.22562452
0.22591736
0.22621011
0.22649877
0.22679205
0.22708279
0.22737749
0.22766636
0.22795255
0.22824391
0.22853642
0.22883261
0.22912501
0.22942091
0.22971326
0.23000708
0.23029534
0.23058841
0.23088408
0.23118318
0.23147265
0.23176901
0.23206110
0.23234975
0.23264981
0.23293927
0.23323710
0.23352993
0.23382479
0.23411364
0.23441222
0.23470526
0.23500383
0.23529778
0.23559390
0.23589154
0.23619437
0.23649361
0.23679004
0.23708677
0.23738322
0.23768388
0.23798352
0.23828519
0.23858356
0.23888176
0.23918187
0.23947905
0.23978163
0.24008426
0.24038972
0.24068720
0.24099071
0.24128674
0.24159043
0.24189448
0.24219309
0.24249462
0.24279955
0.24310740
0.24341122
0.24371448
0.24401791
0.24432360
0.24462843
0.24492881
0.24523599
0.24554164
0.24584839
0.24615023
0.24644867
0.24676008
0.24706743
0.24737594
0.24768680
0.24799637
0.24830079
0.24860237
0.24890649
0.24921487
0.24952168
0.24983075
0.25013833
0.25044795
0.25075972
0.25106614
0.25137293
0.25168369
0.25199837
0.25231192
0.25261890
0.25293039
0.25324286
0.25355387
0.25386324
0.25416969
0.25448694
0.25480143
0.25511605
0.25542227
0.25573753
0.25605258
0.25636345
0.25667545
0.25698663
0.25730242
0.25762098
0.25793083
0.25824941
0.25856265
0.25887751
0.25919457
0.25951368
0.25982585
0.26014427
0.26045919
0.26077700
0.26109481
0.26141322
0.26173516
0.26204876
0.26237178
0.26269093
0.26301634
0.26333952
0.26365576
0.26397206
0.26428651
0.26461170
0.26492928
0.26525079
0.26557676
0.26589820
0.26621726
0.26654174
0.26686393
0.26718132
0.26750251
0.26782903
0.26815359
0.26847683
0.26879707
0.26911972
0.26943708
0.26976727
0.27008889
0.27041445
0.27074187
0.27107224
0.27139930
0.27172671
0.27205401
0.27238510
0.27271380
0.27304029
0.27337168
0.27369424
0.27402907
0.27435601
0.27468512
0.27501716
0.27534482
0.27567494
0.27600909
0.27634109
0.27667524
0.27700926
0.27734378
0.27767480
0.27800270
0.27833579
0.27867007
0.27900424
0.27933456
0.27966353
0.27999719
0.28033825
0.28067314
0.28101605
0.28135196
0.28169379
0.28203632
0.28237651
0.28271017
0.28304774
0.28338393
0.28371789
0.28405306
0.28438875
0.28472531
0.28506413
0.28539857
0.28573945
0.28607971
0.28641440
0.28675083
0.28709112
0.28743485
0.28777899
0.28812354
0.28846429
0.28881243
0.28915281
0.28949842
0.28983884
0.29018387
0.29053054
0.29087405
0.29121850
0.29156514
0.29191075
0.29226342
0.29261299
0.29295633
0.29330342
0.29364636
0.29399689
0.29433634
0.29468368
0.29503575
0.29538583
0.29573698
0.29608005
0.29643362
0.29677962
0.29712851
0.29747525
0.29782247
0.29816942
0.29851844
0.29886882
0.29922159
0.29957614
0.29992817
0.30028166
0.30063028
0.30098977
0.30134388
0.30169821
0.30205114
0.30240748
0.30275921
0.30311830
0.30347502
0.30382881
0.30417969
0.30453613
0.30488688
0.30524657
0.30560501
0.30596321
0.30631785
0.30667972
0.30703168
0.30739245
0.30775324
0.30811327
0.30847219
0.30882739
0.30918689
0.30954976
0.30990855
0.31027148
0.31063502
0.31099363
0.31135918
0.31172487
0.31209669
0.31246394
0.31283249
0.31319934
0.31356263
0.31393054
0.31429744
0.31466410
0.31502569
0.31539163
0.31576397
0.31613228
0.31650513
0.31687277
0.31723958
0.31760617
0.31798567
0.31835518
0.31872700
0.31909389
0.31946499
0.31983631
0.32020650
0.32057895
0.32094317
0.32131079
0.32167938
0.32204266
0.32241475
0.32278887
0.32316009
0.32353070
0.32389889
0.32426665
0.32463931
0.32501542
0.32539339
0.32576676
0.32614302
0.32651627
0.32690374
0.32727949
0.32765671
0.32803436
0.32841733
0.32879626
0.32917762
0.32955630
0.32993535
0.33031822
0.33069973
0.33108184
0.33146333
0.33183883
0.33222211
0.33260650
0.33298908
0.33337867
0.33377070
0.33415945
0.33454500
0.33492315
0.33530886
0.33569839
0.33608748
0.33647781
0.33687317
0.33726020
0.33765134
0.33804643
0.33843153
0.33882090
0.33921497
0.33960396
0.34000296
0.34039835
0.34079489
0.34119270
0.34158535
0.34198241
0.34238173
0.34277938
0.34317528
0.34356865
0.34396555
0.34435882
0.34475556
0.34513976
0.34553454
0.34593560
0.34633743
0.34674105
0.34714148
0.34753908
0.34793968
0.34834119
0.34874309
0.34914408
0.34954932
0.34995739
0.35035968
0.35076040
0.35116664
0.35156659
0.35197152
0.35237115
0.35277714
0.35317940
0.35358642
0.35399306
0.35439769
0.35480963
0.35521799
0.35563556
0.35604378
0.35645194
0.35685854
0.35726762
0.35768489
0.35809642
0.35850637
0.35891613
0.35932646
0.35973985
0.36014987
0.36056073
0.36098189
0.36140344
0.36182171
0.36224357
0.36265606
0.36307363
0.36348942
0.36390539
0.36432697
0.36474246
0.36515422
0.36556955
0.36598451
0.36639550
0.36681021
0.36723454
0.36764911
0.36806710
0.36848325
0.36890525
0.36932051
0.36974974
0.37017079
0.37059444
0.37101992
0.37144812
0.37187329
0.37229497
0.37272498
0.37315478
0.37358393
0.37400976
0.37444259
0.37487165
0.37530755
0.37573165
0.37616317
0.37659550
0.37702659
0.37745396
0.37788286
0.37831356
0.37874507
0.37918270
0.37962230
0.38005787
0.38049881
0.38093922
0.38136986
0.38181370
0.38225171
0.38269041
0.38313357
0.38356825
0.38400627
0.38445017
0.38489180
0.38533163
0.38576450
0.38621349
0.38665734
0.38710098
0.38754169
0.38798855
0.38843950
0.38888686
0.38932838
0.38978384
0.39022582
0.39067241
0.39112221
0.39156461
0.39201487
0.39246808
0.39291589
0.39336692
0.39382179
0.39427300
0.39472592
0.39517698
0.39563469
0.39609037
0.39653783
0.39699544
0.39744995
0.39791318
0.39837509
0.39883486
0.39929456
0.39975097
0.40020521
0.40066634
0.40112760
0.40158753
0.40204942
0.40250483
0.40296714
0.40342554
0.40389133
0.40435219
0.40481939
0.40528377
0.40575151
0.40622223
0.40669507
0.40715571
0.40761971
0.40808634
0.40855584
0.40902334
0.40949295
0.40995689
0.41042267
0.41089584
0.41137024
0.41183757
0.41231334
0.41278598
0.41326605
0.41373876
0.41421706
0.41469694
0.41517999
0.41566151
0.41613315
0.41661202
0.41708402
0.41756986
0.41805475
0.41854349
0.41902896
0.41950577
0.41999432
0.42047452
0.42096251
0.42143972
0.42193350
0.42242229
0.42290895
0.42340081
0.42388271
0.42437472
0.42486694
0.42536441
0.42585861
0.42634102
0.42682773
0.42731438
0.42780960
0.42829938
0.42878660
0.42929418
0.42979636
0.43028756
0.43078841
0.43129584
0.43179209
0.43229423
0.43279571
0.43329362
0.43380203
0.43430621
0.43480277
0.43531065
0.43580246
0.43630455
0.43680684
0.43731809
0.43781803
0.43833187
0.43883555
0.43934198
0.43985246
0.44036272
0.44087513
0.44139542
0.44190218
0.44241372
0.44292307
0.44343975
0.44395716
0.44447609
0.44499329
0.44551277
0.44602871
0.44655460
0.44707797
0.44760807
0.44812812
0.44865065
0.44917885
0.44970034
0.45022450
0.45074371
0.45126737
0.45180283
0.45233380
0.45285933
0.45338020
0.45391276
0.45444189
0.45496956
0.45551349
0.45604202
0.45657871
0.45711427
0.45764659
0.45817414
0.45870830
0.45924309
0.45976673
0.46029601
0.46083176
0.46137134
0.46190879
0.46244028
0.46297793
0.46352300
0.46406710
0.46460610
0.46515894
0.46569972
0.46625804
0.46681602
0.46737050
0.46790794
0.46845832
0.46900226
0.46954976
0.47010521
0.47066698
0.47120974
0.47175731
0.47231526
0.47286701
0.47342115
0.47397738
0.47454046
0.47509527
0.47565900
0.47621831
0.47678017
0.47734202
0.47790183
0.47847129
0.47905006
0.47961811
0.48018542
0.48074703
0.48131574
0.48187662
0.48244687
0.48300800
0.48356841
0.48414186
0.48471925
0.48529313
0.48586231
0.48644187
0.48701674
0.48759370
0.48817268
0.48874296
0.48931310
0.48989610
0.49046971
0.49103954
0.49161712
0.49219666
0.49277852
0.49335319
0.49393952
0.49452302
0.49510767
0.49569474
0.49628453
0.49687328
0.49746953
0.49806933
0.49866147
0.49924974
0.49984476
0.50044030
0.50102946
0.50162771
0.50222092
0.50281574
0.50342463
0.50403362
0.50463839
0.50524776
0.50585450
0.50646295
0.50706870
0.50767855
0.50828154
0.50889476
0.50950782
0.51011298
0.51072116
0.51132753
0.51193795
0.51255344
0.51316927
0.51378362
0.51440116
0.51502771
0.51564548
0.51625943
0.51688169
0.51749187
0.51811093
0.51872865
0.51935115
0.51997385
0.52060205
0.52122430
0.52185044
0.52248195
0.52310555
0.52373015
0.52436109
0.52499412
0.52563338
0.52628726
0.52691581
0.52755176
0.52818757
0.52882194
0.52945868
0.53009844
0.53074005
0.53138112
0.53203166
0.53267908
0.53332533
0.53398075
0.53462912
0.53528159
0.53594028
0.53659794
0.53725129
0.53790820
0.53857281
0.53922050
0.53987520
0.54053533
0.54120101
0.54185958
0.54252157
0.54318750
0.54385109
0.54452645
0.54519836
0.54586384
0.54653248
0.54719287
0.54787318
0.54855131
0.54923238
0.54991278
0.55058788
0.55126854
0.55194734
0.55262157
0.55329095
0.55397604
0.55465959
0.55535119
0.55605497
0.55673479
0.55743200
0.55813066
0.55881816
0.55951740
0.56020943
0.56092148
0.56161620
0.56232771
0.56302144
0.56372393
0.56443557
0.56512894
0.56582765
0.56653890
0.56725682
0.56796075
0.56866527
0.56938151
0.57008635
0.57079571
0.57150779
0.57222608
0.57295169
0.57368702
0.57441064
0.57512993
0.57584774
0.57656545
0.57729125
0.57799934
0.57873241
0.57945857
0.58019110
0.58091710
0.58164703
0.58237792
0.58312181
0.58385279
0.58459235
0.58533563
0.58605919
0.58681010
0.58755308
0.58830812
0.58906519
0.58981123
0.59055783
0.59132128
0.59209631
0.59284203
0.59358662
0.59435974
0.59512044
0.59589753
0.59666192
0.59741834
0.59818404
0.59895473
0.59972924
0.60051016
0.60128802
0.60206068
0.60283886
0.60362092
0.60439295
0.60516903
0.60595886
0.60674564
0.60752558
0.60831453
0.60910249
0.60990459
0.61068800
0.61148094
0.61227604
0.61307778
0.61387892
0.61465921
0.61546802
0.61626397
0.61705518
0.61785309
0.61864992
0.61946030
0.62026494
0.62108301
0.62190909
0.62273498
0.62355830
0.62438120
0.62519922
0.62602098
0.62684418
0.62765000
0.62848551
0.62932492
0.63015735
0.63099815
0.63185018
0.63268492
0.63351481
0.63435461
0.63520510
0.63604351
0.63689376
0.63773230
0.63858032
0.63943368
0.64028815
0.64114740
0.64201363
0.64286819
0.64371819
0.64457044
0.64544111
0.64629991
0.64715247
0.64802864
0.64890480
0.64979382
0.65067801
0.65153459
0.65240890
0.65329234
0.65419490
0.65507827
0.65595909
0.65685385
0.65773784
0.65861972
0.65952194
0.66043002
0.66135882
0.66226847
0.66316126
0.66406567
0.66498305
0.66587738
0.66680582
0.66772870
0.66863417
0.66954287
0.67047348
0.67140682
0.67233357
0.67325646
0.67417650
0.67510790
0.67604194
0.67698112
0.67791988
0.67887321
0.67981736
0.68076855
0.68172108
0.68266793
0.68360847
0.68457063
0.68554275
0.68649361
0.68745941
0.68841848
0.68938291
0.69039196
0.69136542
0.69235120
0.69333198
0.69433035
0.69532027
0.69628545
0.69730252
0.69829315
0.69930466
0.70030203
0.70129380
0.70229053
0.70330641
0.70432078
0.70533713
0.70635927
0.70739007
0.70840838
0.70944194
0.71047370
0.71149394
0.71251237
0.71355426
0.71458823
0.71561397
0.71666379
0.71770407
0.71872446
0.71977800
0.72083360
0.72188255
0.72291251
0.72396772
0.72502921
0.72610059
0.72716146
0.72823561
0.72930163
0.73039635
0.73147822
0.73257101
0.73366202
0.73474491
0.73584652
0.73693853
0.73804385
0.73913360
0.74023755
0.74138455
0.74248221
0.74359101
0.74471425
0.74582522
0.74696144
0.74808280
0.74921404
0.75036294
0.75150242
0.75262386
0.75376681
0.75490629
0.75606284
0.75721032
0.75836225
0.75953707
0.76070928
0.76188905
0.76306777
0.76424672
0.76544809
0.76662925
0.76782490
0.76901668
0.77019524
0.77138390
0.77258511
0.77381639
0.77503132
0.77624875
0.77748158
0.77871399
0.77994773
0.78116243
0.78240838
0.78362664
0.78485888
0.78610977
0.78734506
0.78860498
0.78986425
0.79112948
0.79240385
0.79367696
0.79495707
0.79623980
0.79751895
0.79880740
0.80012041
0.80140591
0.80272124
0.80401739
0.80532224
0.80663834
0.80794706
0.80926818
0.81056554
0.81189322
0.81320427
0.81454471
0.81588535
0.81722513
0.81856720
0.81993589
0.82132766
0.82267983
0.82406027
0.82542677
0.82682129
0.82819210
0.82956778
0.83096259
0.83237311
0.83377472
0.83521402
0.83663625
0.83808048
0.83948856
0.84095121
0.84239599
0.84384993
0.84530620
0.84675970
0.84823812
0.84970066
0.85116418
0.85264436
0.85412838
0.85562577
0.85712030
0.85861261
0.86009905
0.86161364
0.86314489
0.86466954
0.86619433
0.86773941
0.86925300
0.87080800
0.87236135
0.87390532
0.87548188
0.87706445
0.87863187
0.88020953
0.88176910
0.88335874
0.88495837
0.88656644
0.88818783
0.88976410
0.89138197
0.89301243
0.89466660
0.89634009
0.89797949
0.89964956
0.90131410
0.90298590
0.90466294
0.90634223
0.90801024
0.90972397
0.91142273
0.91311767
0.91485654
0.91656334
0.91831602
0.92004559
0.92180018
0.92356515
0.92530170
0.92708127
0.92883928
0.93058828
0.93237270
0.93417047
0.93598747
0.93776613
0.93959553
0.94141033
0.94322390
0.94507399
0.94694882
0.94880603
0.95069168
0.95260385
0.95447336
0.95637278
0.95825414
0.96016837
0.96210576
0.96401157
0.96597194
0.96796477
0.96994640
0.97191895
0.97387565
0.97586912
0.97788258
0.97987855
0.98190908
0.98392923
0.98596593
0.98798541
0.99003102
0.99207841
0.99418189
0.99619923
0.99829403
1.0003851
1.0024970
1.0045481
1.0066660
1.0087896
1.0109018
1.0130637
1.0152000
1.0173900
1.0195480
1.0217236
1.0239271
1.0261358
1.0283621
1.0305781
1.0328090
1.0350789
1.0373330
1.0396228
1.0418837
1.0441174
1.0464330
1.0487686
1.0511114
1.0534755
1.0557913
1.0581335
1.0605027
1.0628625
1.0652724
1.0676510
1.0700963
1.0724880
1.0748736
1.0773132
1.0797513
1.0821778
1.0846428
1.0871603
1.0897067
1.0922380
1.0947492
1.0972742
1.0998191
1.1023407
1.1049466
1.1075276
1.1101384
1.1127093
1.1153237
1.1179873
1.1206105
1.1232415
1.1258787
1.1285505
1.1312380
1.1339311
1.1366637
1.1393827
1.1421283
1.1448718
1.1476146
1.1503919
1.1531986
1.1560018
1.1588514
1.1617020
1.1645649
1.1674449
1.1704114
1.1733290
1.1762258
1.1791772
1.1820726
1.1850015
1.1879914
1.1909326
1.1939136
1.1969883
1.1999773
1.2029821
1.2060184
1.2091176
1.2122136
1.2153204
1.2184716
1.2216227
1.2246993
1.2278074
1.2309858
1.2342069
1.2374443
1.2407019
1.2439441
1.2472353
1.2505197
1.2538032
1.2571397
1.2605059
1.2639134
1.2672882
1.2706799
1.2740946
1.2775327
1.2809791
1.2844179
1.2878373
1.2912747
1.2948097
1.2982958
1.3018123
1.3053884
1.3089199
1.3124963
1.3160802
1.3197352
1.3233581
1.3270417
1.3307917
1.3344914
1.3381763
1.3419133
1.3456552
1.3493920
1.3531438
1.3569811
1.3607899
1.3646729
1.3685111
1.3724196
1.3763149
1.3802377
1.3841956
1.3882348
1.3921913
1.3961716
1.4002055
1.4041334
1.4081781
1.4122104
1.4163058
1.4203374
1.4244682
1.4286179
1.4327940
1.4370089
1.4411954
1.4454280
1.4495929
1.4539008
1.4582367
1.4625615
1.4669071
1.4712427
1.4755984
1.4799338
1.4843405
1.4887905
1.4933090
1.4978396
1.5023458
1.5068423
1.5113974
1.5159003
1.5204668
1.5251426
1.5297741
1.5344688
1.5390846
1.5438075
1.5485216
1.5532861
1.5580915
1.5628668
1.5677726
1.5726097
1.5774800
1.5824681
1.5874495
1.5924600
1.5973290
1.6023582
1.6075000
1.6126441
1.6178207
1.6230495
1.6281550
1.6333789
1.6386251
1.6437591
1.6490337
1.6542148
1.6595408
1.6648880
1.6701882
1.6755996
1.6809706
1.6863442
1.6917650
1.6972727
1.7028360
1.7083457
1.7139207
1.7196448
1.7253217
1.7310989
1.7368746
1.7425165
1.7483015
1.7540375
1.7598055
1.7657129
1.7715397
1.7774020
1.7832712
1.7891548
1.7950721
1.8011121
1.8072797
1.8133255
1.8194274
1.8254882
1.8315871
1.8377996
1.8439735
1.8502854
1.8565632
1.8629026
1.8691812
1.8756129
1.8821279
1.8887440
1.8952528
1.9017665
1.9083675
1.9150787
1.9215929
1.9282342
1.9349204
1.9415838
1.9482273
1.9550670
1.9619009
1.9687649
1.9756608
1.9825857
1.9893775
1.9963496
2.0034168
2.0105709
2.0176550
2.0247754
2.0319753
2.0393198
2.0463909
2.0536811
2.0610927
2.0683333
2.0756969
2.0832663
2.0906057
2.0980406
2.1055387
2.1131623
2.1208291
2.1286754
2.1362354
2.1440324
2.1520053
2.1597620
2.1675737
2.1755562
2.1834735
2.1914663
2.1993971
2.2075622
2.2157756
2.2238750
2.2321060
2.2404738
2.2486136
2.2567638
2.2650445
2.2734875
2.2818488
2.2904026
2.2988522
2.3076319
2.3162334
2.3249472
2.3338505
2.3425326
2.3513359
2.3602409
2.3689796
2.3777768
2.3870150
2.3959955
2.4049472
2.4139360
2.4230595
2.4323133
2.4415064
2.4509816
2.4603934
2.4696563
2.4789067
2.4884615
2.4978791
2.5073611
2.5169220
2.5266280
2.5363112
2.5461617
2.5561196
2.5659230
2.5757245
2.5856650
2.5958561
2.6058352
2.6158993
2.6260777
2.6365356
2.6470412
2.6576486
2.6679471
2.6783216
2.6890639
2.6996774
2.7104650
2.7211334
2.7318588
2.7427858
2.7535551
2.7642907
2.7753203
2.7864295
2.7975482
2.8086609
2.8199334
2.8310367
2.8424376
2.8537515
2.8651783
2.8765157
2.8878508
2.8993881
2.9109551
2.9226499
2.9344993
2.9464117
2.9583013
2.9704956
2.9825641
2.9948734
3.0071699
3.0194408
3.0315752
3.0438405
3.0563160
3.0687647
3.0814029
3.0940038
3.1069441
3.1196789
3.1325768
3.1454069
3.1581677
3.1710114
3.1841810
3.1974088
3.2105546
3.2237563
3.2373758
3.2506284
3.2642177
3.2775955
3.2912215
3.3049022
3.3189681
3.3329893
3.3472578
3.3614182
3.3758073
3.3903336
3.4043779
3.4190149
3.4334317
3.4478685
3.4622719
3.4767911
3.4915421
3.5064416
3.5214916
3.5364104
3.5514270
3.5664698
3.5817362
3.5967081
3.6119762
3.6271563
3.6428715
3.6582776
3.6739597
3.6899029
3.7056584
3.7214864
3.7371565
3.7535147
3.7695283
3.7857846
3.8018417
3.8181889
3.8346808
3.8510288
3.8678239
3.8847271
3.9014833
3.9185930
3.9356062
3.9525603
3.9694708
3.9868646
4.0042620
4.0218665
4.0391841
4.0566550
4.0740457
4.0917840
4.1094438
4.1272934
4.1456565
4.1636972
4.1818487
4.2003475
4.2190862
4.2375173
4.2558217
4.2741270
4.2928740
4.3115703
4.3306840
4.3494591
4.3684773
4.3878075
4.4070978
4.4262602
4.4458643
4.4658178
4.4855767
4.5054779
4.5255190
4.5455946
4.5657666
4.5857783
4.6059424
4.6262728
4.6469263
4.6673572
4.6883172
4.7091330
4.7302114
4.7512499
4.7724576
4.7936907
4.8152721
4.8365980
4.8579744
4.8796617
4.9015549
4.9237834
4.9455580
4.9680016
4.9899808
5.0120634
5.0347455
5.0574252
5.0797687
5.1022365
5.1251657
5.1483304
5.1712732
5.1943455
5.2176339
5.2407861
5.2648368
5.2878586
5.3114479
5.3350618
5.3584346
5.3821604
5.4063913
5.4309875
5.4558156
5.4801465
5.5045801
5.5293450
5.5544286
5.5797969
5.6050651
5.6304010
5.6558037
5.6814737
5.7069859
5.7325621
5.7584921
5.7843219
5.8101259
5.8361363
5.8627693
5.8891703
5.9154750
5.9424020
5.9693092
5.9964914
6.0232272
6.0502900
6.0775801
6.1047271
6.1321903
6.1598690
6.1876951
6.2154025
6.2428134
6.2703856
6.2988344
6.3273271
6.3555996
6.3841442
6.4130634
6.4417507
6.4713550
6.5006173
6.5299641
6.5593895
6.5891232
6.6183158
6.6480418
6.6776317
6.7073862
6.7372490
6.7681998
6.7988315
6.8288020
6.8596374
6.8904412
6.9206570
6.9508773
6.9821220
7.0135220
7.0450479
7.0765488
7.1078731
7.1397948
7.1719127
7.2040849
7.2370120
7.2692666
7.3019841
7.3345913
7.3675919
7.4005046
7.4333314
7.4665830
7.4995098
7.5336034
7.5664519
7.6002431
7.6337421
7.6675809
7.7013653
7.7356272
7.7700854
7.8047578
7.8399718
7.8751896
7.9099644
7.9457207
7.9812126
8.0163948
8.0522906
8.0883831
8.1242033
8.1611055
8.1974004
8.2341106
8.2706797
8.3075470
8.3446663
8.3813543
8.4189882
8.4557701
8.4930127
8.5307322
8.5680102
8.6056592
8.6436106
8.6810401
8.7192305
8.7569522
8.7957302
8.8338374
8.8724110
8.9113887
8.9506959
8.9902632
9.0296671
9.0700189
9.1101300
9.1495410
9.1901851
9.2300398
9.2699904
9.3108096
9.3504068
9.3903372
9.4311002
9.4722566
9.5133052
9.5543386
9.5959782
9.6376617
9.6801102
9.7223180
9.7651264
9.8081649
9.8509347
9.8930332
9.9357171
9.9788011
10.021759
10.065072
10.108892
10.151974
10.195379
10.239330
10.282891
10.326662
10.370352
10.414694
10.459004
10.504391
10.548971
10.594336
10.639449
10.685190
10.730937
10.777498
10.823579
10.869741
10.915941
10.962120
11.009080
11.055904
11.102517
11.149715
11.196413
11.243486
11.290877
11.338300
11.385845
11.433267
11.480777
11.528341
11.576104
11.624129
11.672146
11.720922
11.769523
11.818993
11.868300
11.918008
11.967296
12.017566
12.068535
12.118003
12.168862
12.218856
12.269429
12.320262
12.371617
12.422242
12.472820
12.524118
12.575243
12.626946
12.678183
12.730969
12.782853
12.834596
12.887879
12.940599
12.993998
13.046499
13.099251
13.152874
13.208046
13.261073
13.314806
13.369747
13.423724
13.477893
13.532838
13.587586
13.642727
13.698332
13.753967
13.808689
13.863679
13.920276
13.976070
14.031812
14.088776
14.144505
14.200638
14.256761
14.314461
14.370306
14.427759
14.484773
14.542223
14.600669
14.658158
14.717297
14.775570
14.834189
14.892691
14.951225
15.010737
15.069783
15.129046
15.189108
15.249266
15.308567
15.369342
15.429994
15.490525
15.551247
15.611428
15.673122
15.734231
15.795819
15.857100
15.919177
15.981230
16.042216
16.103849
16.165419
16.225561
16.287231
16.349928
16.412584
16.476083
16.538348
16.602138
16.665439
16.729349
16.793892
16.858327
16.922931
16.987185
17.052227
17.116922
17.181724
17.246224
17.311185
17.377241
17.442028
17.507268
17.572868
17.638239
17.703932
17.770575
17.836452
17.901607
17.969370
18.035504
18.102473
18.169879
18.237956
18.305899
18.374335
18.443247
18.512961
18.582569
18.650910
18.719349
18.788747
18.858059
18.927171
18.996241
19.065768
19.135102
19.203820
19.274070
19.346283
19.418734
19.490616
19.560921
19.631034
19.702195
19.773322
19.844586
19.916553
19.988739
20.061111
20.134396
20.207965
20.282036
20.354834
20.427624
20.501518
20.575542
20.647798
20.722529
20.796264
20.868916
20.944280
21.018874
21.093270
21.168076
21.244000
21.320029
21.393926
21.469061
21.544834
21.620994
21.696592
21.773601
21.850828
21.927602
22.004049
22.081687
22.158723
22.236202
22.313094
22.391423
22.469549
22.547402
22.626842
22.705133
22.784147
22.861620
22.940429
23.019720
23.099480
23.178417
23.257733
23.339024
23.421010
23.500871
23.580341
23.660881
23.741764
23.823325
23.903728
23.985564
24.067231
24.149315
24.230161
24.313361
24.392978
24.475232
24.557977
24.639247
24.722881
24.805329
24.888660
24.970605
25.054174
25.138426
25.223178
25.306865
25.389670
25.473742
25.559617
25.644171
25.728053
25.813960
25.899056
25.983607
26.071159
26.157106
26.243069
26.328111
26.413369
26.498659
26.586546
26.674019
26.762024
26.850650
26.937458
27.025057
27.112538
27.200692
27.288574
27.378092
27.466400
27.555373
27.645304
27.732942
27.821917
27.911775
28.000282
28.091413
28.181152
28.270176
28.360824
28.451150
28.539164
28.630345
28.720766
28.812849
28.903489
28.995096
29.086909
29.178628
29.270788
29.364791
29.458495
29.552797
29.643651
29.736486
29.830465
29.924019
30.018766
30.114317
30.209422
30.303894
30.396726
30.490757
30.584345
30.680250
30.776364
30.873456
30.968299
31.065476
31.162393
31.257268
31.353947
31.451102
31.548778
31.645963
31.741887
31.838749
31.936319
32.034484
32.133383
32.232954
32.330994
32.428934
32.527509
32.625767
32.724490
32.823134
32.921489
33.018631
33.118012
33.217857
33.317884
33.416558
33.516894
33.617292
33.717566
33.818637
33.919062
34.019355
34.121486
34.222710
34.324684
34.427920
34.529556
34.630885
34.731758
34.832252
34.935904
35.039863
35.140911
35.243332
35.350909
35.455459
35.559261
35.664535
35.768676
35.872030
35.976380
36.083308
36.187996
36.292507
36.396530
36.502906
36.607823
36.712898
36.820599
36.926366
37.030302
37.138838
37.246570
37.353765
37.459948
37.567599
37.674721
37.783390
37.887567
37.994572
38.101730
38.210727
38.319524
38.427992
38.537234
38.646720
38.756737
38.868080
38.978895
39.089659
39.198785
39.308221
39.420259
39.531683
39.641418
39.752874
39.865729
39.976378
40.089212
40.201341
40.313923
40.426917
40.538374
40.650850
40.763599
40.877852
40.991227
41.105200
41.219524
41.332677
41.446140
41.560585
41.672794
41.785680
41.898954
42.014917
42.130145
42.245937
42.360105
42.477340
42.594972
42.711423
42.827110
42.945237
43.061356
43.176452
43.292609
43.410137
43.526676
43.642667
43.760940
43.879315
43.996669
44.113371
44.232032
44.350527
44.468858
44.588934
44.709473
44.830013
44.948230
45.067672
45.187395
45.307777
45.428536
45.547886
45.670671
45.791629
45.912968
46.032703
46.154338
46.275778
46.397431
46.519677
46.644071
46.767004
46.889888
47.010344
47.134084
47.254424
47.378751
47.503222
47.626959
47.751084
47.874981
48.000821
48.125007
48.250696
48.376472
48.501660
48.625997
48.751520
48.878139
49.003550
49.128438
49.257749
49.385765
49.515599
49.642127
49.769674
49.896825
50.023754
50.150118
50.277864
50.406141
50.534348
50.662187
50.791477
50.921362
51.048867
51.178594
51.309438
51.438955
51.569005
51.698879
51.828015
51.958863
52.088444
52.218691
52.351772
52.480891
52.613102
52.746013
52.878526
53.009378
53.141157
53.275017
53.407539
53.539867
53.673081
53.806424
53.941206
54.074816
54.208198
54.341186
54.474873
54.608984
54.742725
54.877908
55.011092
55.147926
55.282552
55.416118
55.551993
55.689041
55.825273
55.962478
56.101030
56.235900
56.373689
56.511004
56.646518
56.782097
56.921709
57.060938
57.198710
57.337696
57.475866
57.615478
57.753903
57.892450
58.030343
58.168623
58.308350
58.446676
58.585434
58.725212
58.864934
59.007228
59.149730
59.292251
59.434250
59.577920
59.720174
59.860716
60.004485
60.146228
60.287368
60.431456
60.574515
60.719498
60.862599
61.006016
61.150937
61.296345
61.441386
61.582142
61.727417
61.871291
62.017773
62.164848
62.311019
62.458115
62.603183
62.747530
62.894311
63.042856
63.191791
63.337632
63.484530
63.633455
63.780443
63.925073
64.073833
64.224797
64.373034
64.521356
64.668389
64.817287
64.967921
65.116527
65.262310
65.410494
65.559817
65.709195
65.860280
66.011659
66.163020
66.312961
66.465831
66.618662
66.771932
66.921803
67.073409
67.227451
67.381299
67.531026
67.681790
67.836848
67.990192
68.142808
68.297028
68.447880
68.601752
68.755223
68.908871
69.064582
69.219829
69.371961
69.526036
69.683016
69.837465
69.992776
70.147918
70.301911
70.457900
70.615986
70.773812
70.927736
71.088209
71.245338
71.402935
71.558775
71.715607
71.875161
72.033397
72.192985
72.351014
72.509525
72.669519
72.827356
72.991212
73.152181
73.312817
73.476402
73.637545
73.798162
73.960644
74.124827
74.285528
74.445379
74.607634
74.770988
74.934588
75.098124
75.259819
75.421868
75.581789
75.746472
75.909089
76.071093
76.233857
76.396964
76.561144
76.725412
76.890492
77.054599
77.217739
77.383137
77.546410
77.711178
77.878865
78.041368
78.206379
78.372851
78.538610
78.704786
78.873538
79.039592
79.207404
79.375615
79.542414
79.712755
79.878063
80.046925
80.216073
80.384088
80.551501
80.724558
80.894047
81.066760
81.235544
81.403765
81.573632
81.743668
81.913758
82.086664
82.258759
82.428722
82.602044
82.772284
82.944456
83.119324
83.290315
83.461535
83.635939
83.807121
83.982080
84.157994
84.331090
84.507867
84.683187
84.855402
85.030548
85.205323
85.378642
85.556476
85.733782
85.909814
86.085822
86.264412
86.439603
86.614904
86.791009
86.969144
87.148162
87.327417
87.504450
87.682153
87.860907
88.035971
88.215028
88.394449
88.572406
88.751541
88.928954
89.109492
89.290800
89.471558
89.649615
89.827916
90.006446
90.188384
90.372778
90.551980
90.733245
90.913865
91.097560
91.280235
91.463488
91.645436
91.831261
92.014466
92.197361
92.380190
92.560578
92.741749
92.926798
93.110033
93.295373
93.481532
93.664978
93.848744
94.032244
94.216056
94.402184
94.589780
94.774845
94.965195
95.153555
95.342888
95.528732
95.714217
95.903853
96.091641
96.281630
96.466527
96.655528
96.843212
97.033910
97.223871
97.416700
97.607388
97.797481
97.989251
98.183000
98.371894
98.561524
98.754510
98.946295
99.137119
99.330174
99.519691
99.711341
99.903324
100.09638
100.28952
100.48136
100.67139
100.86612
101.06023
101.25385
101.44679
101.63878
101.83235
102.02433
102.21827
102.41600
102.61108
102.80975
103.00404
103.19977
103.39761
103.59628
103.79741
103.99128
104.18810
104.38423
104.58193
104.78085
104.97548
105.17140
105.36974
105.57142
105.77044
105.97189
106.17292
106.37144
106.57544
106.77362
106.97627
107.17614
107.37876
107.57965
107.78110
107.98476
108.18496
108.38606
108.58653
108.78634
108.98829
109.19224
109.39226
109.59289
109.79355
109.99562
110.20108
110.40704
110.61165
110.81329
111.02040
111.22687
111.43502
111.63855
111.84500
112.05274
112.25859
112.46716
112.67521
112.87847
113.08497
113.29190
113.49865
113.70291
113.91627
114.12955
114.34254
114.55197
114.76028
114.97357
115.18198
115.38979
115.59822
115.81021
116.02175
116.23405
116.44748
116.65822
116.86890
117.08092
117.29735
117.51096
117.72141
117.93282
118.14368
118.35598
118.57038
118.78469
118.99805
119.21074
119.42682
119.64082
119.85651
120.07136
120.28638
120.50311
120.71987
120.93767
121.15370
121.37068
121.58642
121.80477
122.02342
122.24088
122.45951
122.67857
122.89287
123.10804
123.32562
123.54492
123.76545
123.98293
124.19987
124.41741
124.63780
124.85904
125.08042
125.30250
125.52344
125.74629
125.96922
126.19513
126.41466
126.63721
126.86026
127.08497
127.30946
127.53238
127.75615
127.98017
128.20991
128.43595
128.66060
128.88861
129.11213
129.33686
129.56352
129.79135
130.01769
130.24340
130.47063
130.69635
130.92202
131.14822
131.37720
131.60590
131.83541
132.06347
132.28876
132.51839
132.74981
132.98260
133.21006
133.43797
133.66597
133.89392
134.12366
134.35433
134.58654
134.81943
135.05179
135.28229
135.51377
135.74584
135.98050
136.21297
136.44053
136.67954
136.91158
137.14292
137.37777
137.61038
137.84195
138.07552
138.30693
138.54287
138.77471
139.00589
139.23724
139.47619
139.71261
139.95002
140.18754
140.42783
140.66453
140.90336
141.13899
141.37771
141.61790
141.85735
142.09937
142.34103
142.58325
142.82472
143.06244
143.29956
143.54382
143.78273
144.02490
144.26499
144.50798
144.74908
144.98945
145.23692
145.48078
145.72518
145.96802
146.21071
146.45416
146.69777
146.94365
147.18847
147.42688
147.66889
147.91558
148.16098
148.40290
148.64728
148.89485
149.14314
149.38928
149.63672
149.88192
150.12842
150.37334
150.62209
150.87248
151.11669
151.36522
151.60980
151.85661
152.10749
152.35689
152.60934
152.86317
153.11179
153.36410
153.61557
153.86745
154.11984
154.37048
154.62210
154.87422
155.12631
155.37817
155.62797
155.87611
156.12858
156.37921
156.63296
156.88417
157.13601
157.39012
157.64182
157.89700
158.14766
158.40561
158.65734
158.91393
159.16579
159.42419
159.68161
159.93738
160.19182
160.45034
160.70627
160.96691
161.23029
161.49046
161.74910
162.01050
162.26984
162.53407
162.79163
163.05136
163.31088
163.57007
163.83173
164.09794
164.36131
164.62456
164.89201
165.15625
165.41875
165.67620
165.94008
166.20416
166.46664
166.72770
166.98819
167.25229
167.51405
167.78132
168.04400
168.31016
168.57652
168.84167
169.10987
169.37784
169.64208
169.90845
170.17286
170.44087
170.71075
170.98156
171.24419
171.51202
171.78100
172.05280
172.31964
172.59049
172.86326
173.13218
173.40247
173.67742
173.95069
174.22932
174.50012
174.77247
175.04691
175.32271
175.59610
175.87036
176.14584
176.41610
176.69275
176.97118
177.23976
177.51276
177.78781
178.06207
178.33671
178.61417
178.89224
179.17339
179.45081
179.73009
180.00597
180.28543
180.56362
180.83818
181.11571
181.39950
181.68140
181.95516
182.23596
182.51830
182.80100
183.07595
183.35482
183.63725
183.92085
184.19817
184.48126
184.76354
185.04665
185.32928
185.60770
185.89539
186.17714
186.46187
186.74663
187.03150
187.31470
187.59699
187.88341
188.16865
188.45867
188.74541
189.03414
189.32084
189.60504
189.89221
190.17493
190.45750
190.75126
191.04312
191.33124
191.62178
191.90807
192.20056
192.49143
192.78034
193.07226
193.35953
193.65062
193.94715
194.23465
194.52719
194.81987
195.11653
195.41073
195.70424
195.99781
196.29418
196.58998
196.87391
197.16184
197.45561
197.75158
198.05050
198.33846
198.63104
198.92829
199.22525
199.52231
199.81960
200.11560
200.41162
200.71087
201.01104
201.31202
201.61247
201.91242
202.21117
202.50844
202.80723
203.11295
203.41054
203.71000
204.00598
204.30667
204.60733
204.90636
205.20777
205.51448
205.82015
206.12502
206.42798
206.72726
207.03384
207.34088
207.64390
207.95024
208.25669
208.55948
208.87119
209.17508
209.48249
209.79209
210.09786
210.40597
210.71459
211.01934
211.32674
211.64379
211.95122
212.25783
212.56716
212.86805
213.18020
213.49113
213.80239
214.11687
214.42446
214.73230
215.04410
215.35322
215.66586
215.97567
216.29295
216.60463
216.92164
217.23517
217.55022
217.86522
218.18056
218.49379
218.81203
219.13385
219.44820
219.76679
220.08196
220.39832
220.71439
221.03515
221.35294
221.66832
221.99175
222.30711
222.62737
222.94349
223.26209
223.57991
223.90268
224.22642
224.54380
224.86966
225.18878
225.51206
225.83297
226.15363
226.47000
226.79040
227.11656
227.44597
227.77036
228.09589
228.42027
228.74337
229.07219
229.39124
229.71683
230.03812
230.36256
230.69068
231.02217
231.34686
231.67276
232.00426
232.32837
232.65732
232.98669
233.31338
233.64186
233.97089
234.30424
234.63529
234.96993
235.29748
235.62834
235.95881
236.29044
236.62366
236.95879
237.28228
237.61558
237.95173
238.28578
238.62106
238.95725
239.29309
239.62902
239.96009
240.29625
240.62781
240.96246
241.30294
241.64179
241.97977
242.31617
242.65060
242.98429
243.33288
243.67164
244.00973
244.34388
244.68370
245.01786
245.35517
245.69482
246.03864
246.37983
246.72003
247.05830
247.40185
247.74109
248.08326
248.43283
248.77771
249.12254
249.46462
249.80413
250.14800
250.49330
250.83327
251.18291
251.52050
251.87299
252.22218
252.57024
252.92058
253.27451
253.62426
253.96858
254.31631
254.66825
255.01890
255.36802
255.72773
256.08002
256.43089
256.78694
257.13709
257.48684
257.84822
258.20160
258.55858
258.91602
259.27162
259.62814
259.98145
260.33082
260.68574
261.03980
261.39158
261.75245
262.10171
262.46345
262.82041
263.17682
263.53675
263.88974
264.25364
264.61900
264.97662
265.33858
265.70078
266.06184
266.42920
266.78928
267.15292
267.51320
267.87503
268.23817
268.60353
268.96883
269.33031
269.69725
270.06009
270.42613
270.79288
271.15985
271.52956
271.89920
272.26766
272.63454
273.00010
273.36666
273.73779
274.10455
274.47437
274.83973
275.21041
275.57822
275.94757
276.32150
276.69185
277.06196
277.44047
277.81339
278.18464
278.55926
278.93406
279.31087
279.68675
280.05791
280.43431
280.81081
281.18105
281.56184
281.94286
282.31699
282.68820
283.06497
283.44079
283.81625
284.19859
284.58374
284.96586
285.35152
285.73175
286.10803
286.48974
286.86896
287.24958
287.63195
288.01349
288.39650
288.78394
289.17608
289.56116
289.94127
290.32535
290.71491
291.09878
291.48258
291.87481
292.26588
292.64960
293.03216
293.41819
293.81029
294.20660
294.60105
294.98455
295.37261
295.75846
296.14605
296.53772
296.92541
297.31678
297.70527
298.09717
298.48878
298.88388
299.27664
299.67608
300.07350
300.46819
300.86411
301.26081
301.65187
302.05119
302.45445
302.85508
303.25164
303.65392
304.05193
304.45551
304.85427
305.25798
305.65341
306.05425
306.45712
306.86180
307.26394
307.66701
308.06696
308.46724
308.87567
309.27969
309.68743
310.09362
310.49916
310.90250
311.30784
311.70663
312.11683
312.52422
312.92379
313.33356
313.74682
314.14931
314.56546
314.97698
315.38606
315.80091
316.20823
316.62193
317.03792
317.44934
317.85900
318.27244
318.68074
319.08857
319.49723
319.90899
320.32304
320.73815
321.16348
321.57606
321.99590
322.41407
322.83509
323.24699
323.66112
324.07513
324.49788
324.92152
325.33448
325.75559
326.17727
326.59035
327.00484
327.42837
327.85213
328.27414
328.69679
329.11724
329.54240
329.96828
330.38755
330.81225
331.23784
331.66160
332.09270
332.52292
332.94594
333.37518
333.80742
334.23505
334.66831
335.10483
335.54105
335.97473
336.39993
336.83384
337.25954
337.69157
338.11683
338.55208
338.98910
339.42435
339.86639
340.30253
340.74405
341.18616
341.63029
342.07149
342.50811
342.95075
343.39369
343.82977
344.27154
344.71495
345.15949
345.60248
346.04237
346.48512
346.93190
347.37425
347.81573
348.26423
348.70484
349.14814
349.59531
350.05616
350.49793
350.94868
351.39810
351.85066
352.29715
352.74219
353.19306
353.64562
354.09873
354.55259
355.00433
355.46648
355.92210
356.37103
356.82784
357.28230
357.73807
358.18525
358.64382
359.10404
359.56507
360.02829
360.47908
360.93830
361.40734
361.86470
362.32947
362.78996
363.25751
363.71813
364.17448
364.63689
365.10331
365.56592
366.02622
366.49840
366.97335
367.44074
367.90979
368.37926
368.85209
369.32661
369.79377
370.26741
370.73727
371.21921
371.68765
372.16976
372.64574
373.12439
373.60420
374.07587
374.54829
375.02978
375.50482
375.97337
376.45333
376.93176
377.40649
377.88547
378.37102
378.84532
379.33960
379.81538
380.30358
380.79128
381.28036
381.75840
382.24120
382.73572
383.22973
383.71249
384.20692
384.70547
385.19859
385.69183
386.18596
386.68965
387.19079
387.68878
388.18457
388.67870
389.17023
389.67352
390.17917
390.67080
391.17815
391.68335
392.18188
392.68543
393.18900
393.69327
394.21409
394.71963
395.22962
395.73559
396.23547
396.75007
397.25995
397.77276
398.28896
398.80188
399.31748
399.82143
400.34613
400.86501
401.37809
401.89623
402.41364
402.92817
403.45047
403.96868
404.49181
405.01771
405.54041
406.07323
406.60374
407.12996
407.65290
408.17766
408.71101
409.24977
409.78728
410.31580
410.84333
411.37404
411.91380
412.45419
412.99659
413.53342
414.06989
414.60998
415.14159
415.68713
416.23004
416.78510
417.33839
417.87731
418.42839
418.96684
419.51474
420.07283
420.61781
421.15954
421.71035
422.24885
422.80683
423.36187
423.91329
424.45793
424.99935
425.56462
426.11922
426.67523
427.22919
427.78186
428.33872
428.90056
429.46496
430.02790
430.59241
431.15656
431.71590
432.28014
432.84391
433.40928
433.98787
434.54784
435.11998
435.69320
436.26282
436.83795
437.41327
437.98432
438.55874
439.13316
439.71317
440.29469
440.88327
441.46199
442.04391
442.62925
443.21469
443.80327
444.40134
444.98248
445.58146
446.16897
446.76319
447.35278
447.94298
448.53716
449.14210
449.73637
450.34279
450.94960
451.54451
452.14489
452.74160
453.34727
453.95705
454.56160
455.16708
455.78163
456.38552
457.00136
457.60612
458.22640
458.84527
459.46156
460.07090
460.69196
461.31468
461.93047
462.54651
463.17174
463.79702
464.43430
465.06522
465.69451
466.31797
466.95694
467.59667
468.23384
468.86350
469.50751
470.15071
470.78751
471.41090
472.05743
472.69639
473.34158
473.98318
474.63184
475.27568
475.93011
476.58293
477.23452
477.89608
478.54795
479.20849
479.86178
480.52244
481.18835
481.85219
482.52277
483.17750
483.84741
484.51363
485.19617
485.86561
486.54163
487.21395
487.89895
488.57720
489.26103
489.93866
490.62294
491.30730
491.98890
492.67615
493.36873
494.06415
494.76564
495.45660
496.15233
496.84466
497.54895
498.26840
498.96335
499.65904
500.36616
501.06748
501.76459
502.47290
503.18241
503.90448
504.61914
505.33853
506.06084
506.77937
507.49596
508.22548
508.95445
509.68374
510.41445
511.14738
511.88945
512.62766
513.37339
514.12007
514.86346
515.60815
516.35654
517.11637
517.88508
518.64323
519.39178
520.15312
520.91997
521.67419
522.43956
523.20821
523.98085
524.75588
525.52277
526.31344
527.09354
527.87567
528.66894
529.47109
530.26153
531.05438
531.84914
532.64190
533.44425
534.24304
535.04798
535.84265
536.66045
537.46925
538.27850
539.10102
539.92441
540.74153
541.56355
542.38650
543.21298
544.06517
544.91359
545.74558
546.58019
547.43483
548.28973
549.14199
550.00309
550.86939
551.73431
552.61510
553.50729
554.38348
555.25744
556.13777
557.02227
557.90731
558.78506
559.68525
560.58019
561.46370
562.38782
563.30049
564.20972
565.10889
566.02392
566.94535
567.88133
568.80200
569.76287
570.69654
571.63027
572.57203
573.50441
574.46140
575.41408
576.37387
577.36281
578.32200
579.31226
580.29724
581.28942
582.26596
583.28295
584.27741
585.28947
586.29317
587.30542
588.31603
589.35426
590.39123
591.42972
592.47242
593.52989
594.57369
595.63139
596.69454
597.76042
598.82022
599.90554
600.98985
602.06980
603.17302
604.27952
605.38128
606.47877
607.60693
608.74097
609.88237
611.04116
612.17698
613.32890
614.50049
615.66328
616.82159
617.99852
619.17962
620.38060
621.58230
622.80570
624.02924
625.23761
626.50161
627.72372
628.97858
630.24045
631.52134
632.79363
634.06342
635.34125
636.66044
637.98943
639.31653
640.65028
641.98684
643.32664
644.71546
646.08934
647.48977
648.90524
650.31722
651.73185
653.16445
654.60218
656.06917
657.54773
659.05917
660.56110
662.05899
663.60360
665.15712
666.69499
668.26874
669.86639
671.46474
673.07403
674.73157
676.38867
678.04585
679.72435
681.43372
683.12411
684.84690
686.64626
688.40893
690.17485
692.01714
693.85963
695.73006
697.59583
699.50787
701.41468
703.35030
705.32409
707.34182
709.32889
711.37327
713.45944
715.55057
717.69006
719.89323
722.07560
724.33346
726.56662
728.86951
731.18452
733.54591
735.96046
738.35886
740.83874
743.36009
745.92913
748.55965
751.19897
753.92053
756.60586
759.39041
762.18999
765.06419
768.02515
771.11104
774.17405
777.25052
780.45058
783.70404
786.95722
790.36918
793.88322
797.37597
800.97145
804.72260
808.52556
812.33312
816.29750
820.39155
824.63923
828.95384
833.33239
837.92468
842.63827
847.56044
852.52192
857.69868
863.04961
868.51461
874.21843
880.03323
886.18307
892.57314
899.20939
906.28664
913.68465
921.35238
929.35788
937.92489
946.92165
956.61026
966.94803
977.91274
989.81402
1002.7103
1017.0962
1033.1441
1051.3945
1072.8548
1097.9294
1129.0652
1170.4803
1232.4513
1356.4295
