0.0025711907
0.0051096692
0.0076650512
0.010199751
0.012752851
0.015337190
0.017901254
0.020488506
0.023117265
0.025745338
0.028369109
0.030991082
0.033657449
0.036313056
0.038943105
0.041593481
0.044241396
0.046948894
0.049625866
0.052326152
0.055038023
0.057783820
0.060516460
0.063256819
0.065991596
0.068733060
0.071532015
0.074293374
0.077080709
0.079872373
0.082708854
0.085502837
0.088302561
0.091126463
0.093976936
0.096860674
0.099706151
0.10265354
0.10546711
0.10829590
0.11121835
0.11413091
0.11707563
0.12005183
0.12297086
0.12597042
0.12892299
0.13182285
0.13481885
0.13787144
0.14086737
0.14387680
0.14688718
0.14994970
0.15305433
0.15616659
0.15928037
0.16236353
0.16553679
0.16870036
0.17181625
0.17498562
0.17814990
0.18136098
0.18456317
0.18774424
0.19093235
0.19413075
0.19738796
0.20064765
0.20390250
0.20718611
0.21044735
0.21382101
0.21715787
0.22047127
0.22379940
0.22706218
0.23040896
0.23371926
0.23708387
0.24050643
0.24393366
0.24739765
0.25084668
0.25429651
0.25787478
0.26137070
0.26493345
0.26841441
0.27196693
0.27555231
0.27914398
0.28276661
0.28638817
0.28999955
0.29360181
0.29723254
0.30086599
0.30455732
0.30825077
0.31197346
0.31565514
0.31943700
0.32321025
0.32696261
0.33069376
0.33452256
0.33834950
0.34217092
0.34605293
0.35000513
0.35384351
0.35778871
0.36172341
0.36562359
0.36964986
0.37367843
0.37766644
0.38174195
0.38582650
0.38989768
0.39398504
0.39811407
0.40227842
0.40636140
0.41056508
0.41473795
0.41891323
0.42318457
0.42744191
0.43180959
0.43604582
0.44030681
0.44458232
0.44898607
0.45338909
0.45787456
0.46229620
0.46681857
0.47126031
0.47572829
0.48024587
0.48485851
0.48939439
0.49400663
0.49865870
0.50327270
0.50799134
0.51262415
0.51730098
0.52196432
0.52676457
0.53144205
0.53635504
0.54119648
0.54613551
0.55111559
0.55603901
0.56097101
0.56594470
0.57093143
0.57589439
0.58097342
0.58614121
0.59129787
0.59646394
0.60170949
0.60691587
0.61213434
0.61743428
0.62284518
0.62821692
0.63361870
0.63899824
0.64440391
0.64986926
0.65536167
0.66080939
0.66636291
0.67191322
0.67765634
0.68336584
0.68907899
0.69482469
0.70054125
0.70644482
0.71227372
0.71816832
0.72408544
0.73009101
0.73611895
0.74226187
0.74833394
0.75458708
0.76074623
0.76696340
0.77315687
0.77944277
0.78577279
0.79225306
0.79872480
0.80511443
0.81163691
0.81821158
0.82487107
0.83156265
0.83838138
0.84536108
0.85213710
0.85907412
0.86603302
0.87307412
0.88011294
0.88723883
0.89438792
0.90157954
0.90881724
0.91615620
0.92348575
0.93088854
0.93827645
0.94591714
0.95344305
0.96104280
0.96868083
0.97660690
0.98429348
0.99224181
1.0003525
1.0083648
1.0164532
1.0245809
1.0328085
1.0410418
1.0494627
1.0578345
1.0661221
1.0746211
1.0833058
1.0920069
1.1007139
1.1095980
1.1183933
1.1274708
1.1364340
1.1454421
1.1546814
1.1639043
1.1733825
1.1829476
1.1925398
1.2021747
1.2118254
1.2216433
1.2313136
1.2411131
1.2511465
1.2613437
1.2714176
1.2816792
1.2920739
1.3023988
1.3127934
1.3233232
1.3338389
1.3444702
1.3552508
1.3661342
1.3771758
1.3881977
1.3993166
1.4105784
1.4218398
1.4332295
1.4446643
1.4562881
1.4678070
1.4794813
1.4914199
1.5033190
1.5155665
1.5275943
1.5399128
1.5521476
1.5646093
1.5773974
1.5901395
1.6029274
1.6158865
1.6288993
1.6418992
1.6553473
1.6685943
1.6818670
1.6952748
1.7088854
1.7223425
1.7359970
1.7500170
1.7637675
1.7774972
1.7916069
1.8058631
1.8203585
1.8350230
1.8496768
1.8644234
1.8791566
1.8941736
1.9090208
1.9242564
1.9397520
1.9552207
1.9709254
1.9865253
2.0020692
2.0180081
2.0340889
2.0501785
2.0665033
2.0827677
2.0989453
2.1156478
2.1323097
2.1496328
2.1663817
2.1836780
2.2008686
2.2180623
2.2356846
2.2533436
2.2714389
2.2893140
2.3073101
2.3253569
2.3436232
2.3624202
2.3811056
2.3999476
2.4191207
2.4381592
2.4576993
2.4769574
2.4965363
2.5165259
2.5360822
2.5558613
2.5763519
2.5966268
2.6166873
2.6373826
2.6581981
2.6791302
2.7005288
2.7215758
2.7429529
2.7643153
2.7861298
2.8081394
2.8303938
2.8523917
2.8747533
2.8973378
2.9202369
2.9429836
2.9654335
2.9887554
3.0122751
3.0356199
3.0589542
3.0829352
3.1071046
3.1313911
3.1559999
3.1808731
3.2059192
3.2307905
3.2557173
3.2812131
3.3067969
3.3323965
3.3587715
3.3855531
3.4119446
3.4393409
3.4664211
3.4935740
3.5208599
3.5484071
3.5769356
3.6052874
3.6330262
3.6620177
3.6905423
3.7192075
3.7483020
3.7778449
3.8070911
3.8372987
3.8670294
3.8968292
3.9272333
3.9577235
3.9890223
4.0201769
4.0516082
4.0830640
4.1151846
4.1476472
4.1797483
4.2117418
4.2446386
4.2779448
4.3117761
4.3452233
4.3794514
4.4136313
4.4485735
4.4833368
4.5184884
4.5534795
4.5893347
4.6247275
4.6605902
4.6969920
4.7330598
4.7701322
4.8069473
4.8439479
4.8817794
4.9202340
4.9582153
4.9968417
5.0351553
5.0745417
5.1142395
5.1536970
5.1925494
5.2326169
5.2730121
5.3140261
5.3554893
5.3968618
5.4384635
5.4809226
5.5232834
5.5668491
5.6093921
5.6538296
5.6976439
5.7417498
5.7858580
5.8306601
5.8749538
5.9210220
5.9666697
6.0129374
6.0597004
6.1069156
6.1534169
6.2013177
6.2493324
6.2973734
6.3457261
6.3954266
6.4456361
6.4949151
6.5463825
6.5970338
6.6479771
6.6993969
6.7508935
6.8030628
6.8567564
6.9103670
6.9640681
7.0189386
7.0729918
7.1269250
7.1816440
7.2380909
7.2943410
7.3518070
7.4103481
7.4680411
7.5264456
7.5845916
7.6433535
7.7016551
7.7611620
7.8212555
7.8821918
7.9429396
8.0038094
8.0656368
8.1283061
8.1901630
8.2533193
8.3185586
8.3829696
8.4475851
8.5126819
8.5786877
8.6448170
8.7115929
8.7782938
8.8452235
8.9136490
8.9828063
9.0527239
9.1225058
9.1919838
9.2622206
9.3343042
9.4063539
9.4798832
9.5532390
9.6278360
9.7034215
9.7790220
9.8544832
9.9307038
10.007467
10.085858
10.163838
10.242309
10.323368
10.404836
10.486211
10.568119
10.650100
10.732761
10.815611
10.899089
10.984535
11.070675
11.156584
11.244003
11.332952
11.421959
11.512527
11.602762
11.694063
11.785464
11.878588
11.972409
12.065313
12.160328
12.255862
12.351641
12.450629
12.547079
12.645863
12.745011
12.843891
12.942407
13.045078
13.146600
13.249345
13.353860
13.458478
13.564102
13.673309
13.777364
13.885671
13.992182
14.101145
14.211950
14.325374
14.438350
14.552578
14.668151
14.782625
14.899358
15.016115
15.136369
15.254901
15.373897
15.493835
15.614949
15.738364
15.860810
15.984156
16.109635
16.235767
16.362785
16.491771
16.621715
16.752848
16.882169
17.015676
17.148182
17.284205
17.419508
17.556262
17.695098
17.834803
17.974421
18.116763
18.258406
18.403998
18.550574
18.699648
18.845706
18.994453
19.144857
19.296933
19.449507
19.604553
19.760874
19.920954
20.081944
20.238926
20.402332
20.564550
20.729312
20.893895
21.059623
21.228088
21.397034
21.566827
21.738031
21.911998
22.089624
22.265457
22.443465
22.623564
22.805333
22.988313
23.172528
23.356693
23.543176
23.734498
23.925096
24.113866
24.308096
24.503225
24.697441
24.897406
25.100305
25.302334
25.509028
25.713229
25.920041
26.128865
26.335874
26.552165
26.767022
26.979221
27.198267
27.418990
27.639368
27.864667
28.091958
28.318754
28.546420
28.776606
29.012322
29.246955
29.485930
29.722293
29.960487
30.207991
30.452305
30.706203
30.960334
31.208661
31.463241
31.717889
31.978550
32.238662
32.503219
32.772741
33.043822
33.310827
33.582812
33.856528
34.138683
34.415943
34.701976
34.989717
35.280377
35.567431
35.865938
36.165764
36.460858
36.759409
37.061588
37.363206
37.672040
37.985185
38.299748
38.613130
38.933843
39.259947
39.582078
39.914262
40.246373
40.584132
40.920072
41.267210
41.613528
41.962386
42.308416
42.660605
43.013244
43.372644
43.737874
44.110783
44.482081
44.855956
45.239828
45.617195
46.004050
46.393128
46.791399
47.187059
47.594536
48.001200
48.407755
48.812334
49.231089
49.649046
50.070413
50.496589
50.928240
51.360707
51.794978
52.239037
52.673147
53.129414
53.578357
54.037188
54.509308
54.975518
55.439153
55.917595
56.401698
56.883117
57.363815
57.863096
58.356459
58.867650
59.375712
59.889176
60.415715
60.941013
61.467608
62.002184
62.542212
63.086434
63.635782
64.200820
64.762161
65.328198
65.902020
66.501297
67.093011
67.675658
68.266089
68.867756
69.484166
70.096868
70.720693
71.357688
71.989925
72.627198
73.282166
73.934984
74.594378
75.264297
75.927203
76.611749
77.297537
77.988210
78.699201
79.408167
80.125652
80.861784
81.586413
82.327271
83.075126
83.818478
84.584022
85.349671
86.118940
86.909305
87.699802
88.499779
89.298425
90.122750
90.965738
91.804996
92.656957
93.518977
94.387992
95.250773
96.124728
97.023427
97.914507
98.822133
99.744431
100.67505
101.60692
102.55931
103.51218
104.48476
105.47037
106.47401
107.48620
108.48715
109.50523
110.55975
111.60259
112.68058
113.75262
114.84816
115.94786
117.07666
118.19694
119.35727
120.51190
121.67251
122.84927
124.04846
125.26072
126.48662
127.73601
128.98527
130.25596
131.53929
132.83693
134.13225
135.44578
136.79770
138.13896
139.51595
140.90584
142.31564
143.72371
145.15758
146.60318
148.07455
149.54750
151.07607
152.59600
154.12458
155.67787
157.27041
158.87114
160.48597
162.11836
163.79416
165.48606
167.19467
168.93598
170.69135
172.48678
174.24550
176.10030
177.93201
179.81700
181.72781
183.68882
185.63902
187.66142
189.67261
191.67540
193.72980
195.78668
197.91581
200.04826
202.24735
204.43431
206.67846
208.92958
211.24087
213.55024
215.94972
218.34726
220.81821
223.32659
225.85359
228.41306
231.01785
233.63904
236.29503
238.99473
241.74802
244.54734
247.40725
250.31099
253.20207
256.14152
259.19291
262.26579
265.38054
268.48325
271.69056
274.93159
278.23194
281.62091
285.04995
288.53493
292.04132
295.64536
299.27808
303.00742
306.82419
310.63536
314.64765
318.55721
322.59674
326.71233
330.92909
335.22655
339.61229
344.18012
348.69338
353.31594
358.00018
362.71762
367.56082
372.52634
377.62942
382.75274
387.89988
393.31604
398.72299
404.30538
409.96858
415.91075
421.89715
428.10054
434.36747
440.75721
447.16356
453.75435
460.57336
467.39528
474.49508
481.73848
489.18327
496.83345
504.68338
512.83635
521.04554
529.61307
538.20366
546.93198
556.17833
565.38259
575.15171
585.08493
595.13655
605.64063
616.34027
627.68958
638.91740
650.67767
662.63573
675.24955
688.04598
701.38522
715.28896
729.51138
744.34487
759.92538
776.08294
793.07335
810.45115
828.56282
847.64994
867.16649
888.05010
909.45230
932.06671
955.40904
980.13303
1006.7599
1034.9331
1064.4453
1095.9975
1130.2125
1165.9612
1204.5540
1247.0686
1293.9739
1345.0618
1401.1066
1463.6165
1537.0888
1618.1221
1712.8053
1825.0679
1965.0479
2150.2251
2428.3029
2967.7523
