0.73460999
0.90146669
1.0114301
1.0983218
1.1713267
1.2344663
1.2914055
1.3427815
1.3914287
1.4355874
1.4776687
1.5166966
1.5542882
1.5898997
1.6249110
1.6578573
1.6901356
1.7210484
1.7514598
1.7807568
1.8093095
1.8373408
1.8645669
1.8907207
1.9161992
1.9414255
1.9662059
1.9906341
2.0148511
2.0381750
2.0617392
2.0845069
2.1065244
2.1285012
2.1502608
2.1718820
2.1929570
2.2138684
2.2342565
2.2545786
2.2744650
2.2945028
2.3141306
2.3333777
2.3525559
2.3719553
2.3909364
2.4095954
2.4280526
2.4462794
2.4644296
2.4822898
2.5001083
2.5176833
2.5352293
2.5527071
2.5699154
2.5873639
2.6041821
2.6213442
2.6381851
2.6548980
2.6712974
2.6878596
2.7042481
2.7204245
2.7367037
2.7531648
2.7692843
2.7853403
2.8012775
2.8170257
2.8325227
2.8482614
2.8635083
2.8791027
2.8947139
2.9101121
2.9254479
2.9405365
2.9556687
2.9706747
2.9857779
3.0008011
3.0158180
3.0306354
3.0452969
3.0600474
3.0748493
3.0895863
3.1040053
3.1181592
3.1325929
3.1468610
3.1612368
3.1754475
3.1896610
3.2037503
3.2181064
3.2322925
3.2463482
3.2605209
3.2746837
3.2884406
3.3024814
3.3163599
3.3300559
3.3439058
3.3577009
3.3715054
3.3850915
3.3989522
3.4129204
3.4266444
3.4403703
3.4538577
3.4673575
3.4808012
3.4943101
3.5075871
3.5210324
3.5343645
3.5476972
3.5609562
3.5743277
3.5876392
3.6008136
3.6139299
3.6273277
3.6404917
3.6537376
3.6669608
3.6801104
3.6932036
3.7062776
3.7191938
3.7323084
3.7453109
3.7581720
3.7712148
3.7841563
3.7972582
3.8101851
3.8230324
3.8359030
3.8488610
3.8617208
3.8745745
3.8875923
3.9003653
3.9132276
3.9259338
3.9386659
3.9514194
3.9641486
3.9769982
3.9896390
4.0022735
4.0152137
4.0278458
4.0405172
4.0534584
4.0662156
4.0788414
4.0913905
4.1041162
4.1171260
4.1298128
4.1424358
4.1550741
4.1678156
4.1804976
4.1934922
4.2060958
4.2187199
4.2314387
4.2439760
4.2563824
4.2688754
4.2814735
4.2941531
4.3065885
4.3192639
4.3320222
4.3446373
4.3572130
4.3696972
4.3823037
4.3949100
4.4074540
4.4199945
4.4326854
4.4451319
4.4575785
4.4703530
4.4828861
4.4954217
4.5078469
4.5204073
4.5326399
4.5450101
4.5578255
4.5703627
4.5828279
4.5950869
4.6075368
4.6200352
4.6325418
4.6450681
4.6575922
4.6700404
4.6828598
4.6954774
4.7081208
4.7206530
4.7330743
4.7457066
4.7586064
4.7714525
4.7838188
4.7965883
4.8089004
4.8214297
4.8339212
4.8465453
4.8592020
4.8717708
4.8844405
4.8970164
4.9095341
4.9222113
4.9346784
4.9471820
4.9598999
4.9724888
4.9849371
4.9975716
5.0101048
5.0230041
5.0359357
5.0488548
5.0617386
5.0744541
5.0870981
5.0999456
5.1124853
5.1252022
5.1379812
5.1506100
5.1635670
5.1763763
5.1892399
5.2019926
5.2148824
5.2278123
5.2407267
5.2535031
5.2662397
5.2791354
5.2923761
5.3051790
5.3181044
5.3309642
5.3438576
5.3566372
5.3697630
5.3828877
5.3957181
5.4086350
5.4216332
5.4345467
5.4474341
5.4604265
5.4735534
5.4865384
5.4994465
5.5124319
5.5257777
5.5390055
5.5522646
5.5653176
5.5785215
5.5918804
5.6049571
5.6181493
5.6313790
5.6445432
5.6575864
5.6708749
5.6837819
5.6969806
5.7100591
5.7233185
5.7363722
5.7496927
5.7631091
5.7765829
5.7901022
5.8033229
5.8165947
5.8298447
5.8430902
5.8567799
5.8703603
5.8838710
5.8976205
5.9112455
5.9246141
5.9382654
5.9518011
5.9655575
5.9791332
5.9928335
6.0067091
6.0202789
6.0339726
6.0475948
6.0615538
6.0752697
6.0891146
6.1030975
6.1172128
6.1310167
6.1449118
6.1590572
6.1730028
6.1870181
6.2009163
6.2152028
6.2291654
6.2432108
6.2572819
6.2711612
6.2849596
6.2990171
6.3129787
6.3272105
6.3413274
6.3553324
6.3696182
6.3839470
6.3980699
6.4124631
6.4266287
6.4412157
6.4557450
6.4700509
6.4844005
6.4987412
6.5132250
6.5277010
6.5421330
6.5568099
6.5714273
6.5862949
6.6012187
6.6162337
6.6310242
6.6456554
6.6605025
6.6751009
6.6903097
6.7052252
6.7200177
6.7348492
6.7497266
6.7650440
6.7799898
6.7950918
6.8105380
6.8258499
6.8410154
6.8561060
6.8712264
6.8863586
6.9016401
6.9171078
6.9326730
6.9480845
6.9638347
6.9790633
6.9944357
7.0094342
7.0248169
7.0404349
7.0560940
7.0719364
7.0876906
7.1036933
7.1196046
7.1352144
7.1510632
7.1670591
7.1832299
7.1993047
7.2153319
7.2315846
7.2479227
7.2641025
7.2802465
7.2961896
7.3128638
7.3292309
7.3454602
7.3618116
7.3781380
7.3943883
7.4108513
7.4276492
7.4441880
7.4607821
7.4774154
7.4942279
7.5111814
7.5280812
7.5447625
7.5611535
7.5783393
7.5952936
7.6123095
7.6294515
7.6466493
7.6634956
7.6808460
7.6982688
7.7157168
7.7331538
7.7503790
7.7680477
7.7855736
7.8030023
7.8208481
7.8384361
7.8563425
7.8740861
7.8920922
7.9101388
7.9282807
7.9464119
7.9645743
7.9830356
8.0011026
8.0191209
8.0372391
8.0556945
8.0738629
8.0922561
8.1110840
8.1299955
8.1486972
8.1674644
8.1865703
8.2055591
8.2246485
8.2436348
8.2628865
8.2820208
8.3014194
8.3207325
8.3403112
8.3598623
8.3790439
8.3987236
8.4182266
8.4381317
8.4576804
8.4777830
8.4979907
8.5178213
8.5382158
8.5585210
8.5786213
8.5988709
8.6191967
8.6394305
8.6599554
8.6804885
8.7012294
8.7220761
8.7427769
8.7642192
8.7853741
8.8065302
8.8277295
8.8491071
8.8703707
8.8920003
8.9137850
8.9355087
8.9575683
8.9792731
9.0011422
9.0233587
9.0457124
9.0678678
9.0898566
9.1120394
9.1350150
9.1580334
9.1809900
9.2041007
9.2274414
9.2503938
9.2735819
9.2968874
9.3204865
9.3439937
9.3682986
9.3926125
9.4165458
9.4402469
9.4645643
9.4888253
9.5134326
9.5377764
9.5625796
9.5872052
9.6120053
9.6369288
9.6622967
9.6875579
9.7129869
9.7382796
9.7642229
9.7901548
9.8162052
9.8422773
9.8688934
9.8953549
9.9217389
9.9487018
9.9755593
10.002597
10.030214
10.057530
10.084826
10.112751
10.140217
10.167969
10.195739
10.223666
10.252146
10.280344
10.309414
10.338032
10.367308
10.396287
10.426172
10.456375
10.485903
10.515933
10.545944
10.576234
10.606559
10.637018
10.667311
10.698579
10.730258
10.761612
10.792749
10.824718
10.856809
10.888494
10.920428
10.954011
10.987054
11.020836
11.054587
11.088609
11.123035
11.156713
11.191416
11.226306
11.261652
11.297033
11.332951
11.369229
11.405326
11.441827
11.478572
11.515528
11.552692
11.590190
11.627879
11.666859
11.705261
11.743377
11.782542
11.821929
11.861150
11.901246
11.941588
11.982708
12.024315
12.066117
12.107743
12.149906
12.193161
12.237137
12.280620
12.325081
12.369217
12.413662
12.459345
12.505804
12.551187
12.597813
12.645048
12.693415
12.741987
12.791006
12.841325
12.891070
12.942233
12.993706
13.046112
13.098732
13.151750
13.204296
13.257802
13.311523
13.366722
13.422924
13.479574
13.537615
13.595900
13.654079
13.713168
13.772431
13.833142
13.893279
13.954942
14.017437
14.081296
14.145055
14.209608
14.276141
14.344362
14.411853
14.481020
14.551073
14.622497
14.693756
14.765961
14.841355
14.913673
14.989989
15.065888
15.144465
15.223895
15.302557
15.381577
15.463339
15.545915
15.630122
15.716314
15.801488
15.891202
15.983399
16.073793
16.167437
16.261475
16.357182
16.452895
16.553591
16.652519
16.751871
16.856404
16.961449
17.069652
17.176939
17.284665
17.395936
17.511153
17.627537
17.749425
17.868218
17.990466
18.113877
18.241700
18.371430
18.505332
18.638005
18.770963
18.909809
19.046434
19.188533
19.333167
19.477236
19.630038
19.779617
19.933263
20.089914
20.252026
20.418159
20.589085
20.762746
20.937149
21.111221
21.290501
21.476279
21.663377
21.851465
22.044156
22.241975
22.443386
22.650992
22.861491
23.078566
23.298981
23.516441
23.744689
23.975065
24.208940
24.444742
24.684439
24.934272
25.189395
25.451270
25.719736
25.986114
26.258843
26.534987
26.828835
27.128044
27.420529
27.732911
28.046525
28.362298
28.699136
29.033841
29.372224
29.721713
30.076705
30.442700
30.812402
31.194798
31.577635
31.957800
32.351126
32.767173
33.184915
33.607465
34.045715
34.492701
34.937330
35.401933
35.872574
36.361792
36.858046
37.363436
37.875066
38.402847
38.931677
39.482334
40.045014
40.628610
41.221235
41.814108
42.439860
43.081646
43.723868
44.394723
45.069500
45.763657
46.469557
47.196623
47.933696
48.695704
49.475891
50.269684
51.088971
51.914004
52.748990
53.612355
54.506191
55.378456
56.288401
57.221771
58.160804
59.141316
60.165746
61.187110
62.237012
63.341715
64.469141
65.638147
66.807252
67.975843
69.168106
70.392942
71.644833
72.920041
74.241923
75.553399
76.927311
78.328943
79.752790
81.179297
82.655816
84.160892
85.666487
87.230881
88.816938
90.415022
92.028018
93.697116
95.370837
97.121769
98.894456
100.70204
102.51431
104.35546
106.22132
108.14233
110.07090
112.07370
114.04319
116.07559
118.13769
120.15106
122.19948
124.25226
126.39822
128.55381
130.70637
132.93641
135.20159
137.50968
139.82567
142.15549
144.44210
146.79014
149.23903
151.73684
154.28983
156.76073
159.25732
161.81348
164.36810
166.89504
169.52201
172.13285
174.76686
177.45831
180.20577
182.94008
185.67303
188.46985
191.28543
194.19952
197.10953
200.01198
202.96814
205.88258
208.85021
211.75562
214.73310
217.71517
220.76171
223.76736
226.86809
229.94889
233.06029
236.21445
239.43175
242.70524
245.99366
249.24785
252.55916
255.81510
259.25267
262.66769
266.16972
269.71999
273.28412
276.76929
280.37818
284.02307
287.74027
291.47221
295.18494
298.91719
302.76513
306.47536
310.13037
313.92335
317.87362
321.88509
325.92137
329.95982
334.08263
338.31564
342.64310
346.86963
351.12936
355.41523
359.68022
363.94141
368.36619
372.85199
377.26814
381.63308
386.12690
390.56817
394.99923
399.54651
404.34036
409.13158
413.96430
418.87406
423.80426
428.75066
433.84934
438.97562
444.06890
449.08366
454.18651
459.33906
464.68733
470.12101
475.59876
481.15167
486.72627
492.15480
497.59165
503.28786
508.95396
514.98510
521.00142
526.83116
532.54423
538.45561
544.57518
550.85745
556.88377
563.08825
569.39139
575.55300
581.79418
588.18731
594.74630
601.53323
608.13853
614.66377
621.81350
628.88448
636.30992
643.38374
650.62565
657.82884
665.24688
672.87515
680.60801
687.83886
695.26971
702.97291
710.89862
718.79418
726.56363
734.32164
742.08931
750.63377
759.49622
768.33495
777.29519
786.15024
794.77509
803.69304
812.81996
821.99860
831.02060
840.40128
849.90102
860.05890
870.64572
880.69651
891.16904
902.29871
913.27713
924.13169
936.15831
948.12913
961.36536
974.90303
988.52896
1003.0458
1016.7307
1032.4434
1048.7720
1066.2034
1086.1578
1107.1066
1130.1473
1155.2541
1185.9405
1221.9118
1271.8438
1340.4488
1445.5099
