0.0067887347
0.013423700
0.020137623
0.026729871
0.033475543
0.040232267
0.046891314
0.053623558
0.060391822
0.067189407
0.074009614
0.080913721
0.087780125
0.094664314
0.10154933
0.10853400
0.11538375
0.12233242
0.12934338
0.13633316
0.14326584
0.15022919
0.15714067
0.16402682
0.17100376
0.17804339
0.18519014
0.19213575
0.19907166
0.20614546
0.21317873
0.22028712
0.22732799
0.23456879
0.24179285
0.24887472
0.25594960
0.26316099
0.27028855
0.27741898
0.28469490
0.29187279
0.29904166
0.30649765
0.31371512
0.32095776
0.32824992
0.33555420
0.34281427
0.34989740
0.35725965
0.36459446
0.37188444
0.37912360
0.38649816
0.39393189
0.40149315
0.40874843
0.41625296
0.42366884
0.43101964
0.43858909
0.44614487
0.45367374
0.46100806
0.46841769
0.47596924
0.48353777
0.49116146
0.49866354
0.50626818
0.51388326
0.52161650
0.52933927
0.53708348
0.54476352
0.55245986
0.56014922
0.56799297
0.57571013
0.58340012
0.59114202
0.59901318
0.60672866
0.61446463
0.62224156
0.63008006
0.63812915
0.64597993
0.65391201
0.66179962
0.66971849
0.67771230
0.68560100
0.69353094
0.70159923
0.70959758
0.71764819
0.72566868
0.73373625
0.74194327
0.75013143
0.75821633
0.76642995
0.77455557
0.78270015
0.79092293
0.79911719
0.80732540
0.81575443
0.82401597
0.83225198
0.84050793
0.84884857
0.85729260
0.86563337
0.87397543
0.88235848
0.89064630
0.89910510
0.90763002
0.91614721
0.92483344
0.93321287
0.94178604
0.95025897
0.95874899
0.96738421
0.97600967
0.98443129
0.99294408
1.0015389
1.0100821
1.0186280
1.0273124
1.0359639
1.0446278
1.0532583
1.0617887
1.0706229
1.0794008
1.0881514
1.0970516
1.1059047
1.1147607
1.1236589
1.1324834
1.1414703
1.1504160
1.1592967
1.1682599
1.1772593
1.1861176
1.1952256
1.2041983
1.2133493
1.2223727
1.2314585
1.2406256
1.2497695
1.2589070
1.2681365
1.2772628
1.2864384
1.2956110
1.3048298
1.3140730
1.3234058
1.3326181
1.3419637
1.3514265
1.3607129
1.3699298
1.3795477
1.3889560
1.3984849
1.4078604
1.4172689
1.4267416
1.4361443
1.4454668
1.4550448
1.4644314
1.4740407
1.4834123
1.4929764
1.5027050
1.5122099
1.5219436
1.5316706
1.5413823
1.5513253
1.5610455
1.5707362
1.5803840
1.5901926
1.5999664
1.6097554
1.6196213
1.6293451
1.6392009
1.6490504
1.6591644
1.6692197
1.6791210
1.6891369
1.6991801
1.7092836
1.7193620
1.7295285
1.7396824
1.7496046
1.7597101
1.7701724
1.7801996
1.7903433
1.8007470
1.8109775
1.8211676
1.8316786
1.8419694
1.8524292
1.8627778
1.8734130
1.8838198
1.8941501
1.9048670
1.9152129
1.9256698
1.9362565
1.9466658
1.9571120
1.9675239
1.9780630
1.9886987
1.9992966
2.0098831
2.0205490
2.0312164
2.0419754
2.0527254
2.0635881
2.0744351
2.0852419
2.0961468
2.1071726
2.1179010
2.1288139
2.1396402
2.1506546
2.1617963
2.1727921
2.1836438
2.1947101
2.2057586
2.2169857
2.2280961
2.2393319
2.2504615
2.2617110
2.2729812
2.2841695
2.2955566
2.3069287
2.3180645
2.3295049
2.3408340
2.3522526
2.3636212
2.3751053
2.3864900
2.3978897
2.4094734
2.4210251
2.4324960
2.4442809
2.4558892
2.4675383
2.4790908
2.4907601
2.5024951
2.5143726
2.5262780
2.5381447
2.5499155
2.5618268
2.5737470
2.5856535
2.5972798
2.6089773
2.6211922
2.6330349
2.6449618
2.6572241
2.6691927
2.6812435
2.6934543
2.7057258
2.7178979
2.7302300
2.7423795
2.7548030
2.7672492
2.7795186
2.7918218
2.8043337
2.8167160
2.8292501
2.8416563
2.8541560
2.8666428
2.8792814
2.8918884
2.9045726
2.9173230
2.9299362
2.9426367
2.9552835
2.9681207
2.9808850
2.9941367
3.0068429
3.0196559
3.0322086
3.0453940
3.0582334
3.0711793
3.0841698
3.0971973
3.1101930
3.1232070
3.1366220
3.1498873
3.1629440
3.1760242
3.1893592
3.2027480
3.2163221
3.2294432
3.2427069
3.2563336
3.2700696
3.2837177
3.2974580
3.3110981
3.3247915
3.3383407
3.3518647
3.3654772
3.3791414
3.3927107
3.4067246
3.4207704
3.4349463
3.4489869
3.4630375
3.4768089
3.4909515
3.5049594
3.5187809
3.5328744
3.5468325
3.5610088
3.5754416
3.5897335
3.6042581
3.6188019
3.6335885
3.6478735
3.6623572
3.6768267
3.6914382
3.7061677
3.7209065
3.7357292
3.7505257
3.7651486
3.7798458
3.7947300
3.8094591
3.8242982
3.8389698
3.8538142
3.8688353
3.8838156
3.8988625
3.9138659
3.9290744
3.9444557
3.9597910
3.9748806
3.9902339
4.0055317
4.0209653
4.0363602
4.0517603
4.0673516
4.0827037
4.0983590
4.1137737
4.1292826
4.1448774
4.1606568
4.1763801
4.1921874
4.2082171
4.2242665
4.2402932
4.2561722
4.2721235
4.2882033
4.3041419
4.3203745
4.3367068
4.3527802
4.3691073
4.3856858
4.4020180
4.4184253
4.4347801
4.4511884
4.4680626
4.4844683
4.5012539
4.5179053
4.5346456
4.5515962
4.5685653
4.5853509
4.6023762
4.6196232
4.6367892
4.6538383
4.6711045
4.6882042
4.7054312
4.7228577
4.7403105
4.7575181
4.7752413
4.7927896
4.8104659
4.8281187
4.8457166
4.8635951
4.8814031
4.8993018
4.9175097
4.9354260
4.9534114
4.9715852
4.9899573
5.0078712
5.0261787
5.0445285
5.0630202
5.0812407
5.0998288
5.1184235
5.1371816
5.1556957
5.1744679
5.1931043
5.2117941
5.2307468
5.2494668
5.2684947
5.2873904
5.3064647
5.3255317
5.3446245
5.3639759
5.3837242
5.4031833
5.4224837
5.4418705
5.4613489
5.4808899
5.5003744
5.5203189
5.5399950
5.5598211
5.5797541
5.5998697
5.6197104
5.6396101
5.6598533
5.6806458
5.7010666
5.7213880
5.7417644
5.7625999
5.7835640
5.8047032
5.8252211
5.8459251
5.8669486
5.8876717
5.9089683
5.9299844
5.9516088
5.9728211
5.9940569
6.0153158
6.0369574
6.0587871
6.0803540
6.1022369
6.1242740
6.1458089
6.1679837
6.1900556
6.2122077
6.2343692
6.2567589
6.2789564
6.3014732
6.3239014
6.3468595
6.3696743
6.3924339
6.4154549
6.4382331
6.4611456
6.4844906
6.5077677
6.5308134
6.5538299
6.5771965
6.6009244
6.6246541
6.6483700
6.6722155
6.6961878
6.7204581
6.7448367
6.7688190
6.7930278
6.8171377
6.8411739
6.8656026
6.8901120
6.9150490
6.9394155
6.9641810
6.9895176
7.0150393
7.0406413
7.0660173
7.0913373
7.1167297
7.1424746
7.1685307
7.1943327
7.2199498
7.2461402
7.2725476
7.2987625
7.3252391
7.3517459
7.3784859
7.4054836
7.4327684
7.4595111
7.4862342
7.5130487
7.5403511
7.5677762
7.5953986
7.6229414
7.6507606
7.6780701
7.7056862
7.7336162
7.7614010
7.7895097
7.8178016
7.8462362
7.8748430
7.9037427
7.9326911
7.9614993
7.9903809
8.0197785
8.0490831
8.0784931
8.1080500
8.1377682
8.1683087
8.1983858
8.2283181
8.2589398
8.2896960
8.3202722
8.3506728
8.3814592
8.4124142
8.4434152
8.4746141
8.5064192
8.5381036
8.5703628
8.6020664
8.6342283
8.6667807
8.6997772
8.7326434
8.7656097
8.7988272
8.8322526
8.8660060
8.8996659
8.9330083
8.9665403
9.0008448
9.0353606
9.0689759
9.1034611
9.1383843
9.1731407
9.2078522
9.2437250
9.2789951
9.3149506
9.3510018
9.3870725
9.4231417
9.4596776
9.4955474
9.5320371
9.5689600
9.6054300
9.6431597
9.6810593
9.7184651
9.7571183
9.7954388
9.8347350
9.8736043
9.9122147
9.9514134
9.9910609
10.030652
10.070457
10.110649
10.151527
10.192466
10.234228
10.276636
10.318580
10.360557
10.402416
10.445471
10.488632
10.531476
10.574891
10.618585
10.662260
10.706465
10.750749
10.795210
10.840361
10.885333
10.931442
10.977165
11.023514
11.070653
11.117997
11.165465
11.213706
11.262435
11.311399
11.361016
11.411630
11.461183
11.510948
11.561358
11.612709
11.664108
11.716106
11.768861
11.821473
11.874373
11.927261
11.982063
12.036167
12.090616
12.146892
12.203000
12.259724
12.316702
12.373094
12.430840
12.489773
12.548669
12.608615
12.668293
12.729831
12.791204
12.853745
12.917345
12.980422
13.043941
13.108951
13.173974
13.240525
13.308325
13.375887
13.444938
13.514684
13.585882
13.657031
13.729268
13.802522
13.877331
13.952274
14.028106
14.104234
14.180085
14.256973
14.336682
14.417437
14.498227
14.582005
14.663389
14.746870
14.832472
14.919283
15.008523
15.096445
15.187475
15.279132
15.370968
15.466081
15.562960
15.661852
15.761332
15.861677
15.962766
16.066659
16.173063
16.280928
16.396536
16.507689
16.619106
16.733097
16.854686
16.979027
17.100493
17.224252
17.351977
17.479364
17.610171
17.745337
17.882200
18.023566
18.167367
18.310852
18.457308
18.608948
18.766806
18.925737
19.087326
19.254769
19.421844
19.591574
19.766062
19.948065
20.126637
20.312571
20.505166
20.703168
20.905214
21.119298
21.334198
21.547889
21.771496
21.995510
22.230686
22.471427
22.718917
22.971573
23.231315
23.500676
23.778152
24.061314
24.351036
24.643053
24.944009
25.255115
25.574444
25.902597
26.235645
26.585449
26.949895
27.313151
27.700348
28.093544
28.493545
28.911756
29.338581
29.773883
30.214521
30.678600
31.161479
31.666846
32.173344
32.683362
33.212505
33.769056
34.362132
34.965148
35.592029
36.242786
36.919874
37.607773
38.311037
39.044597
39.799034
40.598500
41.436696
42.275485
43.153120
44.047574
44.997154
45.973761
46.941839
47.959297
49.024511
50.130637
51.262128
52.466868
53.735510
54.993098
56.367690
57.733272
59.172949
60.689004
62.283069
63.907342
65.606198
67.346476
69.086910
70.847918
72.718690
74.633148
76.648258
78.749527
80.917040
83.211236
85.559130
87.990090
90.491550
93.075896
95.707228
98.508955
101.44886
104.47937
107.66243
110.99597
114.42576
118.12277
121.84735
125.65467
129.59184
133.62090
137.71744
141.94894
146.33708
150.83839
155.39093
160.22599
165.24776
170.33995
175.66345
181.12792
186.76435
192.24501
197.81564
203.63449
209.46571
215.56756
221.63761
227.77824
234.01347
240.22316
246.66562
252.98038
259.31606
265.46725
271.71624
278.08362
284.39736
290.69140
297.07901
303.64414
310.37489
317.48677
324.72923
331.74851
338.73802
345.76353
352.55501
359.62355
366.46965
373.18895
380.17228
387.56903
394.74759
401.99255
409.14944
416.48546
423.91289
431.73563
439.25489
446.88108
455.10951
463.57833
471.46823
479.66295
487.74892
495.54442
503.25331
511.10370
518.66237
526.43243
535.06960
543.08123
552.00562
561.04017
570.18848
579.22647
588.26864
597.59496
606.85737
615.89294
625.02168
634.61533
644.63039
654.58998
664.99260
675.45874
685.92329
695.53677
705.35108
715.49759
724.94120
734.30865
744.54592
754.90702
765.03763
775.19137
784.77271
794.31203
804.04498
814.20774
824.33189
834.38000
844.11198
854.38747
865.21572
876.93496
887.98044
899.05519
910.06780
922.44272
935.10541
947.86646
959.98133
972.73047
986.08840
999.07032
1013.3294
1026.3356
1040.2712
1054.9667
1071.5250
1087.9377
1104.9012
1123.2424
1142.3363
1160.4501
1180.6179
1200.2395
1222.1419
1244.1487
1268.2369
1294.3504
1320.6848
1351.7607
1384.8808
1417.8806
1457.6419
1506.9376
1549.4687
1609.7889
1693.0691
1785.1909
1931.5536
2173.7394
