3.7671732
4.9558062
5.7734918
6.4265558
6.9944040
7.4961809
7.9506188
8.3680127
8.7577024
9.1303167
9.4846911
9.8231128
10.145183
10.462085
10.760392
11.051593
11.331725
11.605902
11.875324
12.139458
12.394389
12.642297
12.889312
13.124518
13.360050
13.593273
13.823063
14.049279
14.266131
14.482016
14.696468
14.908117
15.116152
15.321384
15.528202
15.728418
15.929927
16.125953
16.323921
16.517710
16.710462
16.901983
17.092503
17.278958
17.464526
17.645996
17.827141
18.008999
18.192739
18.368046
18.544891
18.720869
18.894525
19.071162
19.246964
19.417697
19.587103
19.759284
19.926107
20.094388
20.261735
20.426137
20.589415
20.753835
20.918237
21.081643
21.243273
21.404320
21.561908
21.719481
21.879087
22.038318
22.194800
22.351866
22.507639
22.662266
22.816010
22.969686
23.122382
23.270676
23.425233
23.577191
23.727778
23.880139
24.030482
24.183748
24.331323
24.478002
24.625745
24.775338
24.925368
25.072820
25.219570
25.366253
25.511365
25.655592
25.800639
25.946290
26.091085
26.231366
26.375120
26.520749
26.664378
26.807051
26.950877
27.093276
27.236733
27.377169
27.520063
27.663367
27.807838
27.948519
28.090549
28.232776
28.373837
28.511539
28.652229
28.791270
28.932064
29.071789
29.214949
29.356132
29.496159
29.633105
29.770194
29.906045
30.042930
30.177621
30.314814
30.448775
30.584864
30.719597
30.858783
30.994744
31.128939
31.267288
31.404060
31.541284
31.673763
31.807296
31.939598
32.074636
32.207453
32.342289
32.478022
32.611316
32.744050
32.878421
33.011757
33.148844
33.283069
33.415386
33.551287
33.686281
33.818498
33.951587
34.085220
34.219025
34.352339
34.484993
34.617867
34.747219
34.880219
35.009370
35.141997
35.274247
35.403969
35.536192
35.668958
35.802860
35.934602
36.065376
36.196346
36.330021
36.461568
36.595375
36.726686
36.857610
36.989044
37.119042
37.249651
37.380486
37.512890
37.645831
37.776863
37.906073
38.038044
38.169811
38.301607
38.434028
38.564241
38.693034
38.823590
38.952790
39.082656
39.213690
39.342122
39.472066
39.603264
39.734323
39.866550
39.998324
40.125301
40.255441
40.387278
40.517864
40.648188
40.779348
40.909280
41.039075
41.168845
41.298251
41.427218
41.556100
41.685964
41.817031
41.945091
42.073671
42.203245
42.332891
42.462064
42.591586
42.722004
42.851336
42.981127
43.108079
43.237481
43.368828
43.499958
43.629658
43.761004
43.892903
44.024467
44.151998
44.281562
44.412737
44.543928
44.674754
44.804945
44.936248
45.066340
45.197463
45.329916
45.459788
45.586894
45.716911
45.848261
45.976859
46.107434
46.237330
46.367067
46.498306
46.629003
46.759816
46.891688
47.020778
47.150566
47.280748
47.412035
47.542796
47.672320
47.802623
47.932393
48.062915
48.193544
48.323502
48.453108
48.584806
48.715862
48.846329
48.977222
49.109078
49.242005
49.375100
49.507621
49.639876
49.770034
49.901847
50.030379
50.161333
50.292009
50.422738
50.554857
50.685556
50.819549
50.952865
51.086519
51.219350
51.351667
51.483826
51.614850
51.746186
51.880716
52.014041
52.147794
52.281274
52.413164
52.542848
52.673977
52.807741
52.938483
53.073734
53.207530
53.338257
53.470783
53.605720
53.737476
53.871869
54.007973
54.143992
54.278323
54.410720
54.546626
54.683057
54.816607
54.948153
55.084829
55.219325
55.352337
55.487301
55.622213
55.756867
55.890534
56.024673
56.158620
56.294851
56.432000
56.568542
56.704135
56.841549
56.978607
57.114623
57.250549
57.385502
57.522679
57.658775
57.795943
57.932442
58.070386
58.207361
58.340280
58.475359
58.611876
58.747664
58.884744
59.023367
59.159786
59.296212
59.431321
59.567971
59.702255
59.838641
59.974651
60.115483
60.253829
60.391264
60.528220
60.667927
60.804904
60.943389
61.081523
61.219856
61.357251
61.495033
61.636913
61.774686
61.912739
62.052183
62.192549
62.331874
62.473280
62.615927
62.755795
62.897307
63.037908
63.177605
63.319883
63.461870
63.602823
63.744413
63.884943
64.027488
64.169851
64.312441
64.453033
64.596074
64.737824
64.878580
65.019932
65.161369
65.302998
65.446437
65.588797
65.731028
65.872881
66.013617
66.158580
66.303540
66.445503
66.589392
66.735485
66.878709
67.021376
67.163474
67.309935
67.453014
67.600585
67.744140
67.891752
68.036079
68.181505
68.324969
68.471109
68.616522
68.763880
68.911330
69.056208
69.200994
69.347936
69.493617
69.638024
69.785607
69.933439
70.079959
70.231306
70.379417
70.529277
70.677934
70.827484
70.975678
71.121530
71.272559
71.420047
71.570956
71.721335
71.870256
72.019999
72.171394
72.321827
72.475188
72.627581
72.778709
72.928911
73.081868
73.232022
73.385862
73.540793
73.695707
73.844898
73.997567
74.149790
74.301850
74.453821
74.609598
74.763765
74.917936
75.073957
75.225030
75.379335
75.533562
75.688328
75.841439
75.994812
76.150047
76.305681
76.462367
76.621837
76.777351
76.934281
77.090848
77.248583
77.406699
77.560915
77.716082
77.871926
78.031620
78.187473
78.343591
78.503399
78.663272
78.824829
78.984894
79.142260
79.303228
79.462895
79.622638
79.783968
79.945386
80.106771
80.266756
80.429942
80.592945
80.751707
80.914303
81.075637
81.237529
81.398659
81.562260
81.725366
81.886745
82.048728
82.210304
82.372633
82.538157
82.702458
82.867858
83.031847
83.196706
83.360141
83.525521
83.689640
83.858391
84.024935
84.193217
84.356165
84.525809
84.694897
84.861222
85.031154
85.195259
85.364287
85.530981
85.700357
85.866356
86.039197
86.209192
86.377486
86.548840
86.721234
86.893696
87.061748
87.231861
87.402104
87.574234
87.744984
87.920068
88.093769
88.265874
88.438160
88.608932
88.781050
88.954415
89.128153
89.304321
89.479447
89.655068
89.831607
90.007686
90.183893
90.360118
90.539111
90.716388
90.894450
91.073195
91.253607
91.434690
91.612714
91.790954
91.969907
92.149563
92.331477
92.512391
92.693097
92.876335
93.060538
93.244458
93.426521
93.611427
93.796917
93.982253
94.163770
94.347434
94.533277
94.720276
94.902754
95.087992
95.274138
95.461060
95.647977
95.834951
96.020527
96.207149
96.394716
96.581192
96.767681
96.957763
97.144118
97.333117
97.521078
97.710686
97.898785
98.088063
98.279094
98.470843
98.666245
98.857314
99.055151
99.246828
99.443873
99.637822
99.831881
100.02964
100.22678
100.42295
100.61740
100.81695
101.01155
101.21039
101.40740
101.60773
101.80494
102.00102
102.19853
102.39716
102.59560
102.79647
102.99765
103.19606
103.39998
103.60135
103.80608
104.01030
104.21059
104.41316
104.61541
104.81834
105.02538
105.23749
105.44413
105.65309
105.86092
106.06444
106.27535
106.48554
106.69347
106.90479
107.11632
107.32820
107.53725
107.74927
107.96313
108.17555
108.38951
108.60750
108.82270
109.03825
109.25417
109.46974
109.68577
109.90587
110.11956
110.33492
110.55439
110.77340
110.99039
111.21032
111.42870
111.64986
111.87095
112.09532
112.31613
112.53995
112.76045
112.98770
113.21181
113.43672
113.66570
113.88886
114.11293
114.34108
114.56959
114.80241
115.03013
115.25972
115.49082
115.72291
115.95678
116.18827
116.42358
116.65616
116.88704
117.12423
117.35850
117.59678
117.83854
118.07651
118.31399
118.55101
118.79046
119.02850
119.26841
119.50857
119.75471
119.99499
120.23746
120.48460
120.73069
120.97583
121.22122
121.47129
121.72031
121.96561
122.21840
122.46745
122.71278
122.96184
123.21225
123.46303
123.71955
123.97266
124.22816
124.48076
124.73730
124.99537
125.25672
125.51442
125.77180
126.03038
126.29353
126.55173
126.81638
127.07862
127.34096
127.60725
127.87285
128.13992
128.40429
128.67263
128.94249
129.21326
129.48105
129.75617
130.02128
130.29409
130.56657
130.84334
131.12057
131.40293
131.68166
131.95855
132.23511
132.51632
132.79746
133.07466
133.36052
133.64278
133.92601
134.21242
134.50231
134.78540
135.07413
135.36275
135.65706
135.94515
136.23763
136.52821
136.82436
137.12642
137.42725
137.72321
138.02755
138.32840
138.62426
138.92518
139.22657
139.53288
139.83706
140.13883
140.45056
140.75779
141.06583
141.37688
141.69401
142.00824
142.32092
142.63568
142.95535
143.27008
143.59517
143.91545
144.23587
144.56102
144.88945
145.21491
145.54820
145.87665
146.21170
146.54579
146.87911
147.21527
147.55334
147.89738
148.24080
148.57918
148.91487
149.25728
149.60782
149.95615
150.30801
150.66235
151.01461
151.36906
151.72650
152.08357
152.44396
152.80374
153.15647
153.51863
153.88124
154.24481
154.61311
154.98657
155.35983
155.73538
156.11191
156.49210
156.87321
157.25987
157.63627
158.02333
158.40515
158.79429
159.18597
159.57985
159.97349
160.37467
160.77306
161.17319
161.58032
161.98212
162.39049
162.79985
163.20566
163.62150
164.03625
164.44670
164.86131
165.27766
165.69549
166.12312
166.55835
166.99634
167.42994
167.87439
168.31349
168.75778
169.21094
169.66818
170.12642
170.58157
171.04056
171.50106
171.96313
172.42075
172.89031
173.36600
173.84333
174.31860
174.80307
175.27951
175.76828
176.25633
176.75208
177.25858
177.75704
178.25696
178.76555
179.27545
179.78543
180.30393
180.81944
181.33636
181.86064
182.39735
182.93575
183.47870
184.02291
184.57354
185.13057
185.69176
186.24601
186.79699
187.36674
187.94770
188.53592
189.11500
189.70407
190.29402
190.89213
191.49889
192.10409
192.71254
193.33334
193.94499
194.56795
195.19970
195.84408
196.48356
197.12961
197.78363
198.44283
199.11484
199.78747
200.47218
201.15474
201.86219
202.56983
203.29314
204.00889
204.73408
205.46618
206.20081
206.94289
207.70312
208.46407
209.22504
210.01593
210.80789
211.59713
212.41130
213.23516
214.06162
214.90504
215.75502
216.61443
217.48485
218.36625
219.25277
220.13703
221.04642
221.99405
222.92936
223.88776
224.85904
225.84617
226.84956
227.87056
228.88591
229.92616
230.97896
232.06265
233.13769
234.23648
235.34707
236.49671
237.65926
238.82352
240.01560
241.23004
242.46824
243.73657
245.05090
246.36078
247.66849
249.05142
250.45024
251.87729
253.34105
254.82886
256.35759
257.89441
259.51162
261.14131
262.81763
264.55067
266.32505
268.14360
270.05920
271.99303
274.02556
276.06968
278.19735
280.40824
282.67200
285.03083
287.48138
290.01914
292.65212
295.45723
298.33359
301.36756
304.56682
308.00495
311.59882
315.31946
319.39289
323.65521
328.28895
333.35162
338.71171
344.60899
351.09195
358.32583
366.87715
376.54957
388.24833
402.69628
421.65697
449.94255
505.15182
