4.0145384
5.2496301
6.1148764
6.8093465
7.4020267
7.9361593
8.4240869
8.8736578
9.2814622
9.6652345
10.041682
10.396540
10.730526
11.057770
11.373940
11.672463
11.968868
12.261459
12.536562
12.808844
13.081991
13.340477
13.596530
13.851332
14.097542
14.342394
14.580508
14.819194
15.048830
15.271527
15.493278
15.713458
15.929717
16.144358
16.354207
16.562732
16.770605
16.977342
17.179199
17.379957
17.580753
17.776932
17.973019
18.166952
18.357786
18.551377
18.740322
18.928175
19.113055
19.295539
19.475274
19.658576
19.838198
20.014321
20.194292
20.371229
20.545196
20.720823
20.893016
21.062552
21.234572
21.403770
21.570497
21.741369
21.910141
22.079111
22.246575
22.413095
22.577921
22.742580
22.904053
23.067147
23.228510
23.387846
23.548391
23.706307
23.865320
24.024506
24.183434
24.339947
24.495891
24.653589
24.811461
24.964931
25.118158
25.270988
25.421120
25.574589
25.725598
25.879710
26.033187
26.184636
26.334499
26.484828
26.633787
26.781298
26.929481
27.080726
27.227354
27.371461
27.516760
27.663237
27.810981
27.958624
28.103163
28.246423
28.389657
28.535325
28.679444
28.825288
28.968456
29.111219
29.258048
29.401262
29.543799
29.687953
29.831210
29.969587
30.110655
30.251847
30.393854
30.533944
30.675443
30.814850
30.953043
31.092298
31.233190
31.373966
31.513002
31.651591
31.790550
31.929538
32.067389
32.206838
32.345556
32.483365
32.619661
32.756295
32.895734
33.028541
33.167290
33.302087
33.440839
33.577505
33.713853
33.850037
33.987070
34.123073
34.259980
34.395757
34.529192
34.664903
34.799789
34.935401
35.071083
35.207532
35.343331
35.478547
35.614127
35.748727
35.883717
36.016107
36.150185
36.285935
36.421595
36.555366
36.690601
36.824165
36.958020
37.092424
37.226452
37.358824
37.493776
37.626041
37.758242
37.891116
38.023739
38.156381
38.288045
38.420130
38.550542
38.682646
38.815185
38.948342
39.082850
39.215064
39.346389
39.479778
39.613039
39.744932
39.875385
40.007453
40.138879
40.272117
40.403674
40.535274
40.666820
40.796663
40.926622
41.059535
41.190199
41.322962
41.455599
41.586758
41.715935
41.846100
41.978517
42.109923
42.239248
42.368092
42.499106
42.629735
42.759906
42.890440
43.020895
43.151476
43.282572
43.414014
43.544332
43.677664
43.807453
43.937084
44.070013
44.200800
44.332324
44.463936
44.593080
44.723866
44.856469
44.987561
45.118408
45.248873
45.382187
45.512231
45.643311
45.771896
45.901394
46.033650
46.164215
46.296330
46.427659
46.557347
46.686779
46.817712
46.949586
47.078349
47.210689
47.341346
47.472558
47.603828
47.734108
47.865656
47.998464
48.129004
48.258012
48.387851
48.520026
48.651376
48.781882
48.912649
49.046951
49.177051
49.307915
49.440392
49.572290
49.704139
49.833544
49.966945
50.099682
50.232980
50.363007
50.495305
50.626882
50.758730
50.889903
51.021399
51.153317
51.284156
51.416706
51.548494
51.681156
51.814310
51.945401
52.078829
52.212439
52.343766
52.475330
52.607110
52.738378
52.871222
53.003019
53.134564
53.268078
53.401541
53.534013
53.664047
53.795095
53.926682
54.058722
54.190567
54.324066
54.456074
54.591291
54.721808
54.853784
54.987411
55.122320
55.254377
55.388402
55.521397
55.655161
55.788458
55.920495
56.055950
56.190037
56.322365
56.456111
56.588599
56.722206
56.855925
56.989251
57.123436
57.257034
57.390290
57.522071
57.658344
57.791734
57.927795
58.064470
58.201431
58.338451
58.472875
58.607423
58.744740
58.879587
59.013838
59.153349
59.290378
59.428291
59.563773
59.700827
59.835922
59.970946
60.109025
60.244702
60.382832
60.519316
60.656580
60.793270
60.932002
61.066278
61.203917
61.340256
61.474909
61.612267
61.745921
61.884527
62.026671
62.166737
62.303784
62.443181
62.583278
62.724707
62.864644
63.004105
63.143094
63.285136
63.426707
63.565293
63.706347
63.844905
63.982590
64.121566
64.262126
64.401778
64.540808
64.678856
64.819044
64.958315
65.097232
65.237574
65.375646
65.514113
65.656479
65.798431
65.937383
66.078496
66.220266
66.361096
66.504591
66.642676
66.781938
66.924079
67.067356
67.209684
67.351616
67.492025
67.635634
67.779891
67.922401
68.065380
68.206829
68.351413
68.493739
68.637553
68.783197
68.924155
69.066410
69.211085
69.352172
69.496854
69.640332
69.785713
69.933140
70.077522
70.219744
70.365510
70.510108
70.651365
70.797104
70.945153
71.090508
71.237075
71.383092
71.529111
71.676910
71.823266
71.969068
72.116659
72.263974
72.410689
72.555104
72.700585
72.848651
72.994915
73.144106
73.291775
73.438933
73.587639
73.735601
73.884934
74.033305
74.184094
74.333404
74.483425
74.631010
74.783283
74.933267
75.086522
75.238814
75.385987
75.538134
75.690093
75.841598
75.994728
76.148480
76.300012
76.450627
76.602748
76.756520
76.908421
77.062154
77.217180
77.369682
77.522762
77.677438
77.830810
77.981715
78.134880
78.290007
78.444801
78.598025
78.751321
78.905657
79.062984
79.217656
79.373471
79.529446
79.685123
79.841370
79.996520
80.152906
80.311878
80.468927
80.625187
80.782664
80.939952
81.097731
81.256162
81.413479
81.572394
81.731882
81.887328
82.048022
82.208214
82.368633
82.529520
82.689855
82.848860
83.008592
83.165755
83.328757
83.493239
83.654855
83.817259
83.984089
84.148212
84.311633
84.473874
84.637263
84.803397
84.966509
85.134875
85.300809
85.468388
85.631808
85.795848
85.959694
86.122954
86.287017
86.449801
86.613228
86.780396
86.947265
87.113287
87.280496
87.446330
87.614793
87.782316
87.951577
88.120932
88.289403
88.457309
88.629304
88.794886
88.962287
89.130248
89.299695
89.470322
89.641376
89.812077
89.982803
90.156222
90.323994
90.495173
90.669296
90.843345
91.016407
91.189583
91.360507
91.533246
91.709118
91.885152
92.060258
92.233722
92.408310
92.583736
92.756497
92.932759
93.112602
93.292072
93.467378
93.642800
93.821184
93.999447
94.177980
94.356193
94.533330
94.711510
94.887672
95.067340
95.247225
95.426398
95.608562
95.790630
95.969030
96.150088
96.334679
96.517840
96.702644
96.885314
97.068708
97.253031
97.434825
97.623891
97.811826
97.995675
98.177743
98.364105
98.549287
98.733005
98.920305
99.106017
99.294932
99.480873
99.671459
99.859367
100.04847
100.24096
100.42997
100.62078
100.81263
101.00348
101.19415
101.38418
101.57798
101.76947
101.96453
102.15742
102.34672
102.54059
102.73226
102.92763
103.12344
103.31839
103.51158
103.70566
103.89988
104.09855
104.29606
104.49274
104.69027
104.88836
105.08867
105.28834
105.48661
105.68490
105.88521
106.08329
106.28761
106.49126
106.69529
106.89800
107.10177
107.30581
107.50867
107.71610
107.92403
108.12811
108.33579
108.54550
108.75216
108.95790
109.16815
109.37534
109.58393
109.79509
110.00614
110.21623
110.42726
110.63824
110.85278
111.06078
111.27220
111.48711
111.69680
111.91398
112.12436
112.33941
112.55608
112.77134
112.99009
113.20944
113.42565
113.64537
113.86385
114.08334
114.30053
114.51860
114.74085
114.96275
115.18432
115.41085
115.62959
115.85312
116.07952
116.30266
116.53059
116.75404
116.98333
117.21445
117.44395
117.67070
117.90364
118.13112
118.36275
118.59287
118.82112
119.05518
119.28741
119.52156
119.75261
119.98310
120.21805
120.45422
120.69342
120.92746
121.16091
121.39491
121.63528
121.87203
122.10958
122.35206
122.59386
122.84135
123.08543
123.33286
123.57660
123.82585
124.07319
124.31766
124.56559
124.81451
125.06361
125.31035
125.56467
125.81446
126.06324
126.31519
126.57041
126.82422
127.08388
127.33612
127.58986
127.85108
128.10580
128.36321
128.62317
128.87930
129.14181
129.40025
129.66151
129.92385
130.18661
130.44702
130.71483
130.97435
131.24296
131.50897
131.78313
132.05958
132.32860
132.60569
132.88155
133.15623
133.42853
133.70483
133.98103
134.25865
134.53947
134.81870
135.09967
135.37911
135.66258
135.94921
136.22505
136.51099
136.79654
137.09149
137.38293
137.67405
137.97002
138.26076
138.55676
138.85355
139.14938
139.44357
139.73948
140.04218
140.34148
140.64283
140.94193
141.24338
141.54539
141.84885
142.15801
142.47208
142.77955
143.09592
143.40552
143.72371
144.03816
144.35094
144.66215
144.97780
145.29757
145.61655
145.93222
146.25269
146.57589
146.90171
147.22990
147.55752
147.88862
148.21885
148.55754
148.89161
149.22480
149.56097
149.89783
150.23383
150.57638
150.91708
151.25937
151.60612
151.95826
152.30379
152.65858
153.01269
153.36769
153.71887
154.07929
154.44251
154.80494
155.16351
155.52876
155.89227
156.26162
156.63644
157.00941
157.38075
157.75546
158.13209
158.50841
158.88698
159.26977
159.65510
160.03717
160.41703
160.80820
161.19775
161.58995
161.97957
162.37505
162.76906
163.17397
163.57923
163.98861
164.39479
164.80478
165.21460
165.63114
166.03381
166.45441
166.87844
167.31122
167.72962
168.15870
168.59952
169.03328
169.47524
169.92115
170.36681
170.82091
171.26269
171.71143
172.16660
172.63409
173.10297
173.57195
174.03654
174.50465
174.97997
175.45459
175.93953
176.42142
176.90194
177.39086
177.88072
178.37138
178.87115
179.37215
179.86735
180.37667
180.89298
181.41129
181.93127
182.46029
182.99168
183.51147
184.04282
184.58957
185.12184
185.67728
186.22340
186.78360
187.34791
187.92214
188.49019
189.06272
189.64938
190.23538
190.83360
191.43177
192.03431
192.64513
193.24673
193.88388
194.50634
195.14170
195.76598
196.40711
197.05838
197.71667
198.38328
199.04175
199.70881
200.40018
201.09483
201.79290
202.48956
203.20126
203.92177
204.63876
205.37002
206.11644
206.86091
207.60907
208.37257
209.13992
209.91857
210.70056
211.50089
212.30633
213.11988
213.94975
214.79084
215.64406
216.49003
217.35753
218.24532
219.13869
220.04399
220.96024
221.89527
222.83703
223.79776
224.77771
225.77727
226.77584
227.78723
228.81736
229.88618
230.94784
232.02413
233.11870
234.23558
235.37512
236.54495
237.74121
238.95301
240.16985
241.42695
242.70128
244.02570
245.37046
246.73406
248.12864
249.55447
251.01544
252.49447
254.00756
255.60330
257.20938
258.83698
260.53207
262.26979
264.06587
265.93364
267.84285
269.81535
271.85519
273.93644
276.10724
278.33779
280.65581
283.06015
285.57253
288.18685
290.96058
293.87388
296.87959
300.03957
303.40482
306.93332
310.74709
314.76108
319.12360
323.77143
328.87326
334.35657
340.54147
347.63058
355.50033
364.68659
375.70979
389.31514
407.46017
433.85424
486.51639
