0.00048827460
0.00098869459
0.0014740567
0.0019537418
0.0024371834
0.0029216279
0.0034106403
0.0039109975
0.0044071567
0.0049004220
0.0053970800
0.0058920587
0.0063982166
0.0068929864
0.0073920230
0.0078755961
0.0083723480
0.0088730019
0.0093769682
0.0098748087
0.010376466
0.010875646
0.011378332
0.011883033
0.012386135
0.012890609
0.013388835
0.013884268
0.014386802
0.014894130
0.015408976
0.015907440
0.016411795
0.016914996
0.017428690
0.017933619
0.018439455
0.018948718
0.019471286
0.019987052
0.020508354
0.021024107
0.021544456
0.022062079
0.022584145
0.023101656
0.023610920
0.024131555
0.024651732
0.025173308
0.025693362
0.026226541
0.026750494
0.027279771
0.027797915
0.028329410
0.028859192
0.029388198
0.029912442
0.030436963
0.030954926
0.031483568
0.032022588
0.032555599
0.033092632
0.033637156
0.034172162
0.034701823
0.035238002
0.035778571
0.036320665
0.036857391
0.037399838
0.037940927
0.038503907
0.039040370
0.039584800
0.040134242
0.040685711
0.041231176
0.041778968
0.042321744
0.042869004
0.043425009
0.043972804
0.044528347
0.045087432
0.045641628
0.046195526
0.046754220
0.047312043
0.047870530
0.048431349
0.048994374
0.049551828
0.050108946
0.050673154
0.051243312
0.051809970
0.052371036
0.052936005
0.053499043
0.054068363
0.054638487
0.055202891
0.055764466
0.056321633
0.056894390
0.057467977
0.058048701
0.058620726
0.059185735
0.059764955
0.060353708
0.060935522
0.061513936
0.062093059
0.062675057
0.063262782
0.063847410
0.064430709
0.065018816
0.065600007
0.066190716
0.066785779
0.067378912
0.067967190
0.068551345
0.069142208
0.069737680
0.070347324
0.070940764
0.071532207
0.072124731
0.072735041
0.073337932
0.073940068
0.074538500
0.075141855
0.075739898
0.076353391
0.076957745
0.077561378
0.078170015
0.078772332
0.079388370
0.080006216
0.080617022
0.081241669
0.081860497
0.082484290
0.083109351
0.083727630
0.084362732
0.084994417
0.085619426
0.086246621
0.086867529
0.087495779
0.088118858
0.088747655
0.089381221
0.090010914
0.090646623
0.091284907
0.091916848
0.092563426
0.093207634
0.093853776
0.094489956
0.095147463
0.095788300
0.096435762
0.097086909
0.097734123
0.098386148
0.099036224
0.099704299
0.10035791
0.10100710
0.10166473
0.10230382
0.10295782
0.10362050
0.10429282
0.10495141
0.10561087
0.10626861
0.10693807
0.10760263
0.10826376
0.10894673
0.10962280
0.11029688
0.11097025
0.11164652
0.11231665
0.11300060
0.11368084
0.11436191
0.11504485
0.11573478
0.11641030
0.11709816
0.11778926
0.11847171
0.11916823
0.11985179
0.12055070
0.12124639
0.12193805
0.12263673
0.12333006
0.12404226
0.12475310
0.12545476
0.12616174
0.12686919
0.12759027
0.12829160
0.12901572
0.12970754
0.13041515
0.13113808
0.13184256
0.13255517
0.13327146
0.13398857
0.13471905
0.13544417
0.13617135
0.13690354
0.13762634
0.13835778
0.13907512
0.13981188
0.14053421
0.14128001
0.14201503
0.14275419
0.14350391
0.14424877
0.14501737
0.14576638
0.14651110
0.14726538
0.14801779
0.14876837
0.14952823
0.15027845
0.15103846
0.15180068
0.15255056
0.15330828
0.15406826
0.15483283
0.15559283
0.15635959
0.15713472
0.15791152
0.15869429
0.15948456
0.16025447
0.16102407
0.16179727
0.16258207
0.16337366
0.16414892
0.16494725
0.16574530
0.16653449
0.16733682
0.16813033
0.16892466
0.16972924
0.17052847
0.17133192
0.17214969
0.17296326
0.17379248
0.17460920
0.17543353
0.17624886
0.17706415
0.17788189
0.17869797
0.17953714
0.18037095
0.18119571
0.18203353
0.18285975
0.18368701
0.18452205
0.18536307
0.18621136
0.18705425
0.18789539
0.18874364
0.18958871
0.19043109
0.19128657
0.19214615
0.19300271
0.19387802
0.19472588
0.19559774
0.19646496
0.19733255
0.19819369
0.19907149
0.19993513
0.20082209
0.20171295
0.20258579
0.20346860
0.20434628
0.20524954
0.20612239
0.20702052
0.20792802
0.20882385
0.20973280
0.21063754
0.21154204
0.21247136
0.21338625
0.21429563
0.21520574
0.21612091
0.21703268
0.21795345
0.21889640
0.21984212
0.22078365
0.22171016
0.22265416
0.22360173
0.22453677
0.22548870
0.22642238
0.22737326
0.22832081
0.22926977
0.23022924
0.23120026
0.23215562
0.23310242
0.23406825
0.23502477
0.23600803
0.23697903
0.23794799
0.23894199
0.23994108
0.24091106
0.24190924
0.24288815
0.24388464
0.24488101
0.24590163
0.24691306
0.24792996
0.24893995
0.24993857
0.25095150
0.25196674
0.25298403
0.25402382
0.25505083
0.25608358
0.25711828
0.25816624
0.25921342
0.26026291
0.26132790
0.26237688
0.26342731
0.26449124
0.26555782
0.26662287
0.26769340
0.26876114
0.26981974
0.27090055
0.27200248
0.27309415
0.27418697
0.27527283
0.27636604
0.27748356
0.27858983
0.27969316
0.28079754
0.28189800
0.28303090
0.28416127
0.28529201
0.28643350
0.28758188
0.28873422
0.28986983
0.29100931
0.29214894
0.29328725
0.29444223
0.29559046
0.29674614
0.29791229
0.29906643
0.30023820
0.30141173
0.30261322
0.30379812
0.30500324
0.30620345
0.30740855
0.30861060
0.30980260
0.31100771
0.31223817
0.31346765
0.31468040
0.31591329
0.31713196
0.31836921
0.31960602
0.32085821
0.32209739
0.32336392
0.32462294
0.32588110
0.32715291
0.32842715
0.32970981
0.33100327
0.33231100
0.33361955
0.33492147
0.33621892
0.33751423
0.33882096
0.34015261
0.34148213
0.34281465
0.34414985
0.34549350
0.34684799
0.34823630
0.34957070
0.35092584
0.35229345
0.35367203
0.35505304
0.35645588
0.35783887
0.35924062
0.36062863
0.36204001
0.36344600
0.36486663
0.36627675
0.36771222
0.36914156
0.37056191
0.37202739
0.37350323
0.37497622
0.37645884
0.37794824
0.37944263
0.38091894
0.38240930
0.38390073
0.38540394
0.38692886
0.38845375
0.38998727
0.39152510
0.39304043
0.39460262
0.39616312
0.39773693
0.39931126
0.40090150
0.40250038
0.40409061
0.40570682
0.40734857
0.40894183
0.41057159
0.41220406
0.41383583
0.41547286
0.41713530
0.41876553
0.42044396
0.42212741
0.42381727
0.42548235
0.42721648
0.42896290
0.43070133
0.43244272
0.43417422
0.43593276
0.43771536
0.43950887
0.44128632
0.44306081
0.44485222
0.44665996
0.44850243
0.45032272
0.45218975
0.45405048
0.45589432
0.45778959
0.45964293
0.46155345
0.46346122
0.46538805
0.46729989
0.46925096
0.47119826
0.47317187
0.47513711
0.47715229
0.47913375
0.48113664
0.48316841
0.48520780
0.48721359
0.48930051
0.49138053
0.49346126
0.49557151
0.49765348
0.49977855
0.50193434
0.50409699
0.50627347
0.50843464
0.51065575
0.51287146
0.51510927
0.51737914
0.51966066
0.52196662
0.52428084
0.52663057
0.52894074
0.53124822
0.53365904
0.53603699
0.53839734
0.54080369
0.54327013
0.54573849
0.54824266
0.55075670
0.55328498
0.55580269
0.55838722
0.56098594
0.56359441
0.56621845
0.56889033
0.57156459
0.57429852
0.57699425
0.57976930
0.58250467
0.58537012
0.58814184
0.59101873
0.59391026
0.59683612
0.59977699
0.60272743
0.60576076
0.60880479
0.61193730
0.61505588
0.61815847
0.62137846
0.62447273
0.62776196
0.63105077
0.63437803
0.63777976
0.64119499
0.64455299
0.64813263
0.65166167
0.65521206
0.65888533
0.66263602
0.66631487
0.67006248
0.67375591
0.67762290
0.68147601
0.68536802
0.68946374
0.69346978
0.69767524
0.70181083
0.70593104
0.71027617
0.71469063
0.71916658
0.72371051
0.72829855
0.73297270
0.73760972
0.74229779
0.74726282
0.75227449
0.75715613
0.76222531
0.76738002
0.77267289
0.77795455
0.78342524
0.78891269
0.79452559
0.80012144
0.80583884
0.81192083
0.81808688
0.82429262
0.83047610
0.83681576
0.84297921
0.84949715
0.85646485
0.86323381
0.87018262
0.87744751
0.88482403
0.89217821
0.89981925
0.90767430
0.91552648
0.92341902
0.93184135
0.94033647
0.94942153
0.95863295
0.96812402
0.97733769
0.98695111
0.99656540
1.0067131
1.0171670
1.0277512
1.0383181
1.0492860
1.0605240
1.0722451
1.0838879
1.0958300
1.1080751
1.1212385
1.1342298
1.1476086
1.1609768
1.1747026
1.1884016
1.2032749
1.2186056
1.2343203
1.2502883
1.2666588
1.2833775
1.3004764
1.3176963
1.3362600
1.3554914
1.3749935
1.3938658
1.4143635
1.4354389
1.4575916
1.4795683
1.5018869
1.5261645
1.5501001
1.5761442
1.6012883
1.6277611
1.6552429
1.6833640
1.7116871
1.7411949
1.7717981
1.8024212
1.8345743
1.8685305
1.9029958
1.9371802
1.9740930
2.0102424
2.0490249
2.0899144
2.1304528
2.1711063
2.2167848
2.2604127
2.3073007
2.3567167
2.4068175
2.4573222
2.5072342
2.5610254
2.6170594
2.6760108
2.7363265
2.7986973
2.8604874
2.9235271
2.9873501
3.0576163
3.1270969
3.2055518
3.2834221
3.3616361
3.4419503
3.5272652
3.6154182
3.7035101
3.7919416
3.8855295
3.9828860
4.0807856
4.1818079
4.2887753
4.3947818
4.5074991
4.6219873
4.7418138
4.8669211
4.9967866
5.1286519
5.2609498
5.3978066
5.5445042
5.6904660
5.8415373
6.0006679
6.1669596
6.3297591
6.5028539
6.6748307
6.8597660
7.0516879
7.2499479
7.4482944
7.6569287
7.8670841
8.0761524
8.3013541
8.5328069
8.7714961
9.0181002
9.2737809
9.5356350
9.8109455
10.090294
10.370627
10.677092
10.993019
11.318737
11.658062
11.989245
12.331320
12.704350
13.070100
13.459750
13.864508
14.277652
14.712087
15.158571
15.614856
16.081078
16.588143
17.090810
17.594495
18.123279
18.675025
19.231857
19.812873
20.418490
21.036668
21.674120
22.328420
23.000062
23.717960
24.439292
25.189982
25.970563
26.762038
27.594321
28.454009
29.346516
30.263414
31.196022
32.179797
33.185390
34.242074
35.306436
36.413330
37.559486
38.727671
39.923704
41.196823
42.483722
43.802786
45.220178
46.646841
48.137647
49.675977
51.233192
52.800261
54.398042
56.130365
57.898735
59.668197
61.474775
63.394921
65.378000
67.427955
69.479648
71.631191
73.826320
76.074753
78.352970
80.699926
83.114191
85.601693
88.174347
90.844744
93.510530
96.208348
99.034108
101.91520
104.87376
107.82612
110.88771
113.98967
117.15016
120.42192
123.81516
127.28599
130.72840
134.21411
137.76436
141.34994
145.01507
148.83578
152.84701
156.90938
160.94214
165.03343
169.25399
173.60580
178.13924
182.51354
186.99796
191.58513
196.08096
200.72160
205.42399
210.16112
215.05419
219.87715
224.79999
229.91645
235.02013
240.05263
245.09666
250.16248
255.32599
260.46040
265.67031
271.16101
276.80725
282.43446
288.40464
294.46934
300.58460
306.59005
312.84775
319.21695
325.85594
332.24957
338.49752
344.80898
350.97411
357.46442
364.01160
370.36779
376.78431
383.52251
390.19007
396.95070
403.81060
410.68183
417.94356
425.51451
433.09370
440.40014
447.69619
454.97165
462.12610
469.33493
476.36218
483.63119
490.95099
498.74447
506.42009
513.93573
521.74614
529.68860
537.36576
545.17846
553.17719
561.53250
570.07533
578.65486
586.93302
595.12802
602.91348
611.22531
619.61128
628.23967
637.05565
645.77129
654.64222
663.09010
672.14346
681.07586
690.41435
699.75892
709.01067
718.89824
728.77618
738.91598
748.16859
757.48094
767.45551
777.38319
787.68063
798.23512
808.58078
819.02262
829.43570
839.99888
850.50147
861.26722
872.34578
883.65358
895.39111
906.75342
919.26706
932.43863
944.73774
957.04586
970.03760
983.62902
997.09545
1011.8473
1026.0558
1040.9012
1056.6491
1071.6535
1087.3930
1104.3072
1122.5031
1141.2459
1158.9288
1178.0540
1197.5707
1218.9852
1240.1416
1262.2117
1287.2294
1313.4137
1339.5925
1370.5150
1404.2234
1439.9519
1478.0823
1523.3453
1570.2646
1630.7207
1705.5822
1797.4019
1936.1728
2169.3396
