0.21861328
0.28498685
0.33150989
0.36820850
0.39962166
0.42760019
0.45329816
0.47679291
0.49907462
0.52005450
0.53973874
0.55873597
0.57705586
0.59434046
0.61125273
0.62749670
0.64339229
0.65908599
0.67411025
0.68878608
0.70313823
0.71720215
0.73106932
0.74477266
0.75819322
0.77160772
0.78444876
0.79708978
0.80971543
0.82227991
0.83443047
0.84645832
0.85830440
0.87002898
0.88175230
0.89324907
0.90457235
0.91589081
0.92690526
0.93801053
0.94900365
0.95983447
0.97063682
0.98134991
0.99201427
1.0026405
1.0129978
1.0234360
1.0335738
1.0436085
1.0536324
1.0636592
1.0738748
1.0838857
1.0938520
1.1037992
1.1135111
1.1234156
1.1331501
1.1427893
1.1521997
1.1618615
1.1712753
1.1805801
1.1901358
1.1994306
1.2086595
1.2180265
1.2273775
1.2365701
1.2458071
1.2550414
1.2643770
1.2735498
1.2826715
1.2915504
1.3005334
1.3094239
1.3183377
1.3274982
1.3364552
1.3454134
1.3544549
1.3632703
1.3721450
1.3808418
1.3896414
1.3983418
1.4070288
1.4159067
1.4246715
1.4334544
1.4423933
1.4509181
1.4595147
1.4681750
1.4768272
1.4853580
1.4940174
1.5025534
1.5111227
1.5195578
1.5280260
1.5364601
1.5450533
1.5535798
1.5620462
1.5704090
1.5788178
1.5872956
1.5957923
1.6044514
1.6127611
1.6211125
1.6297148
1.6380452
1.6465118
1.6549071
1.6633470
1.6716823
1.6799754
1.6884082
1.6967377
1.7051714
1.7136224
1.7219493
1.7303105
1.7387143
1.7471178
1.7555043
1.7638341
1.7721019
1.7803830
1.7887343
1.7970308
1.8053652
1.8135893
1.8217455
1.8300275
1.8381768
1.8463675
1.8545344
1.8628007
1.8708638
1.8792226
1.8875609
1.8958848
1.9041185
1.9125084
1.9206698
1.9288746
1.9370687
1.9453903
1.9535639
1.9619188
1.9699704
1.9780488
1.9862198
1.9944760
2.0027516
2.0110433
2.0192766
2.0274849
2.0357730
2.0439533
2.0522303
2.0604700
2.0687478
2.0770168
2.0852495
2.0934962
2.1016999
2.1098350
2.1180015
2.1263429
2.1345418
2.1427781
2.1508263
2.1589679
2.1672491
2.1753678
2.1835387
2.1918629
2.2001105
2.2083213
2.2165054
2.2246904
2.2329943
2.2412813
2.2494684
2.2578184
2.2661784
2.2744721
2.2827486
2.2910018
2.2992085
2.3074464
2.3157433
2.3240352
2.3325625
2.3407975
2.3492848
2.3574410
2.3658660
2.3743567
2.3825663
2.3909136
2.3992519
2.4076379
2.4161110
2.4245479
2.4329316
2.4413287
2.4497720
2.4581599
2.4666322
2.4752993
2.4837276
2.4921319
2.5005352
2.5088413
2.5174952
2.5259599
2.5346174
2.5429647
2.5515567
2.5600619
2.5687404
2.5772391
2.5855707
2.5940173
2.6024145
2.6109513
2.6195512
2.6280444
2.6365860
2.6451246
2.6537333
2.6622232
2.6707857
2.6794041
2.6881115
2.6968940
2.7055956
2.7142003
2.7227458
2.7315055
2.7402312
2.7490325
2.7577271
2.7665039
2.7751699
2.7838094
2.7926409
2.8013848
2.8101562
2.8191811
2.8279153
2.8368655
2.8457269
2.8546369
2.8635898
2.8725117
2.8815024
2.8903978
2.8992999
2.9081313
2.9172174
2.9260931
2.9351277
2.9441061
2.9529838
2.9620828
2.9711311
2.9802757
2.9892384
2.9983181
3.0074659
3.0165237
3.0257578
3.0347717
3.0439858
3.0530411
3.0621999
3.0712678
3.0803949
3.0895453
3.0986087
3.1078138
3.1171113
3.1263525
3.1355629
3.1448645
3.1543900
3.1638007
3.1731952
3.1825203
3.1918644
3.2011556
3.2105148
3.2199281
3.2295252
3.2389710
3.2484723
3.2579339
3.2674899
3.2770570
3.2866042
3.2961459
3.3056628
3.3152406
3.3248118
3.3344909
3.3439775
3.3537549
3.3633683
3.3730297
3.3826414
3.3924225
3.4019165
3.4116146
3.4213007
3.4310666
3.4408571
3.4507977
3.4606190
3.4705631
3.4804657
3.4903950
3.5002460
3.5102436
3.5203935
3.5303600
3.5403323
3.5503573
3.5606074
3.5706433
3.5806831
3.5907574
3.6008161
3.6109946
3.6211061
3.6312838
3.6414611
3.6517038
3.6618657
3.6723186
3.6825545
3.6928830
3.7033529
3.7138163
3.7242396
3.7344823
3.7449212
3.7553026
3.7657369
3.7760011
3.7864220
3.7967954
3.8073562
3.8179426
3.8287330
3.8394013
3.8500893
3.8608988
3.8714774
3.8821802
3.8928240
3.9036345
3.9145191
3.9253332
3.9361410
3.9469738
3.9577352
3.9688245
3.9801353
3.9911789
4.0021796
4.0129743
4.0239934
4.0351290
4.0462986
4.0574546
4.0686219
4.0800142
4.0913767
4.1025818
4.1139908
4.1251906
4.1365756
4.1479393
4.1594512
4.1709282
4.1825829
4.1940619
4.2054452
4.2169639
4.2284707
4.2400089
4.2514824
4.2632709
4.2749759
4.2866861
4.2984339
4.3103788
4.3223425
4.3343209
4.3463038
4.3582048
4.3703057
4.3822558
4.3943232
4.4062954
4.4184734
4.4306579
4.4427659
4.4550142
4.4670459
4.4796231
4.4918139
4.5041153
4.5166062
4.5291070
4.5414990
4.5540712
4.5663698
4.5790404
4.5917055
4.6043676
4.6169205
4.6297200
4.6426252
4.6554354
4.6684011
4.6813778
4.6943407
4.7071188
4.7202308
4.7332837
4.7462526
4.7592625
4.7725274
4.7859050
4.7991049
4.8126789
4.8261586
4.8395422
4.8529827
4.8667756
4.8802233
4.8935061
4.9070910
4.9206304
4.9345845
4.9483997
4.9621701
4.9758997
4.9898050
5.0036136
5.0177791
5.0317074
5.0459830
5.0603019
5.0746522
5.0887490
5.1030461
5.1173418
5.1320616
5.1466734
5.1611953
5.1758551
5.1906049
5.2051216
5.2198299
5.2347781
5.2497512
5.2646963
5.2799316
5.2948795
5.3097574
5.3250837
5.3400975
5.3555915
5.3708136
5.3862674
5.4016818
5.4171723
5.4327044
5.4481345
5.4639413
5.4796402
5.4953857
5.5114928
5.5271958
5.5431931
5.5593218
5.5755311
5.5914825
5.6078827
5.6244073
5.6406835
5.6569897
5.6733976
5.6901475
5.7069627
5.7238300
5.7405512
5.7573125
5.7744127
5.7915731
5.8086161
5.8261108
5.8433450
5.8605458
5.8780047
5.8954894
5.9129912
5.9308042
5.9486463
5.9664965
5.9844958
6.0024988
6.0206460
6.0388593
6.0572036
6.0756437
6.0943925
6.1129724
6.1317413
6.1506171
6.1696494
6.1887527
6.2075481
6.2272900
6.2467850
6.2663941
6.2860811
6.3053377
6.3249925
6.3447616
6.3649613
6.3849006
6.4052847
6.4257554
6.4458248
6.4661783
6.4869408
6.5072956
6.5279188
6.5491391
6.5699732
6.5909739
6.6120253
6.6337201
6.6550293
6.6766888
6.6984399
6.7205958
6.7426295
6.7648191
6.7867387
6.8089475
6.8316006
6.8544941
6.8774307
6.9001652
6.9239083
6.9475877
6.9714606
6.9951559
7.0189088
7.0427452
7.0672321
7.0916227
7.1159140
7.1405301
7.1650413
7.1900461
7.2154481
7.2408221
7.2659039
7.2916858
7.3180714
7.3438635
7.3701750
7.3967796
7.4241638
7.4510944
7.4785652
7.5057508
7.5332963
7.5608731
7.5886040
7.6169752
7.6445886
7.6731888
7.7016181
7.7304392
7.7597731
7.7897378
7.8191996
7.8488995
7.8794912
7.9098259
7.9407956
7.9720250
8.0034869
8.0351256
8.0675122
8.0995670
8.1316061
8.1645424
8.1976751
8.2315623
8.2657252
8.2998567
8.3343433
8.3690198
8.4041533
8.4401885
8.4756637
8.5118030
8.5478489
8.5841532
8.6210209
8.6582634
8.6968935
8.7353906
8.7745487
8.8138891
8.8533901
8.8926641
8.9336491
8.9747770
9.0173348
9.0593240
9.1018912
9.1458085
9.1888281
9.2320166
9.2770395
9.3232714
9.3681958
9.4148666
9.4620352
9.5094679
9.5573569
9.6053955
9.6551829
9.7049164
9.7550302
9.8072050
9.8599765
9.9121164
9.9651783
10.020064
10.074568
10.129905
10.186268
10.242432
10.300635
10.358579
10.418729
10.479496
10.539646
10.602192
10.665987
10.729383
10.795811
10.861843
10.927993
10.996667
11.066224
11.136658
11.208106
11.279620
11.354970
11.429460
11.506182
11.584418
11.664384
11.744376
11.826081
11.909519
11.994944
12.081565
12.167442
12.256404
12.346296
12.439339
12.532460
12.628763
12.728497
12.828436
12.929905
13.033723
13.138600
13.247495
13.357017
13.471682
13.586415
13.702651
13.819045
13.940299
14.062103
14.186562
14.314756
14.445018
14.578391
14.709809
14.843616
14.985644
15.131600
15.281071
15.427654
15.578262
15.730380
15.889028
16.052060
16.214285
16.377572
16.547043
16.721354
16.899927
17.080314
17.265205
17.455618
17.651117
17.843889
18.042143
18.255438
18.465588
18.683790
18.909512
19.137849
19.376164
19.616649
19.861151
20.106690
20.354472
20.615806
20.879312
21.152613
21.427116
21.706389
22.002163
22.296927
22.593689
22.901835
23.218650
23.540792
23.876063
24.210517
24.552978
24.905261
25.265918
25.634850
26.003900
26.390463
26.787133
27.197840
27.615344
28.041512
28.487600
28.941269
29.393525
29.866242
30.357972
30.852437
31.356804
31.871310
32.397634
32.931877
33.484869
34.043813
34.609578
35.190135
35.805397
36.407781
37.032424
37.679005
38.347667
39.021950
39.719717
40.434244
41.148492
41.889538
42.661398
43.451952
44.274334
45.108025
45.939533
46.804180
47.701233
48.609974
49.540859
50.498817
51.500816
52.528039
53.575091
54.633073
55.734521
56.849230
58.019463
59.198945
60.396252
61.625618
62.897727
64.190238
65.505934
66.865968
68.271598
69.679269
71.142143
72.643148
74.177847
75.767789
77.406468
79.066160
80.765284
82.555989
84.351859
86.182848
88.053065
90.004933
91.959193
93.990213
96.033602
98.092603
100.23809
102.40402
104.52697
106.72204
109.01872
111.35381
113.71207
116.13148
118.66322
121.26321
123.90805
126.57782
129.27131
132.12551
134.94161
137.80188
140.72882
143.66768
146.65854
149.61495
152.70540
155.79215
158.92761
162.01532
165.24711
168.68328
172.04082
175.42204
178.79472
182.16907
185.63365
189.14534
192.71016
196.39391
200.18300
203.96588
207.69736
211.52282
215.38404
219.23521
223.07769
227.00750
231.07649
235.20342
239.34491
243.52047
247.68915
251.92167
256.17859
260.53694
265.05425
269.55451
274.06989
278.57921
283.10673
287.66227
292.31551
297.08980
301.87514
306.73201
311.63324
316.70708
321.88418
327.05181
332.14516
337.27819
342.52195
347.85417
353.19195
358.53969
363.95607
369.26389
374.53431
379.91026
385.29337
390.68713
396.12059
401.76219
407.58005
413.63950
419.58920
425.73917
431.86253
438.00569
444.42449
450.92313
457.36238
464.05556
470.68880
477.16023
483.62427
490.09228
496.49435
502.87312
509.13983
515.79416
522.66015
529.61300
536.38007
543.09330
549.87768
556.80477
564.10769
571.51367
578.69398
585.68996
593.26344
601.02514
609.08862
617.43014
625.45421
633.29873
641.03454
648.91918
656.73520
664.68023
672.70390
680.61504
688.53920
696.92968
705.26807
713.66600
722.29278
731.05924
739.62781
748.07366
756.55010
765.69287
774.88754
784.07822
794.11107
803.74797
813.43801
823.33634
833.49262
844.33276
855.23303
865.86829
876.78016
888.10063
899.25301
910.09046
921.36898
933.08977
944.64549
955.99295
967.86813
979.88567
992.74532
1006.4811
1020.1458
1033.2856
1046.6407
1061.2487
1077.0326
1093.8796
1110.3435
1126.8966
1144.6709
1164.7924
1186.1186
1209.7011
1234.4056
1261.4619
1290.1088
1327.7531
1368.7206
1420.1298
1480.3842
1586.6093
1782.9834
