11.097369
13.410387
14.882104
16.001992
16.932357
17.732425
18.456366
19.111022
19.701419
20.261266
20.781244
21.282779
21.747404
22.194547
22.622266
23.023317
23.414732
23.792266
24.154512
24.503889
24.850168
25.183457
25.504365
25.818460
26.130666
26.431885
26.727639
27.018662
27.301966
27.585776
27.854841
28.121720
28.384232
28.643583
28.901177
29.148330
29.394027
29.635089
29.873266
30.112108
30.348062
30.581768
30.809874
31.037524
31.258469
31.479029
31.695439
31.909511
32.123124
32.332630
32.545984
32.754322
32.954185
33.156334
33.353907
33.555414
33.747388
33.943913
34.137564
34.330114
34.521036
34.708851
34.898273
35.082545
35.265727
35.445691
35.630112
35.809932
35.985422
36.165226
36.343011
36.517391
36.691645
36.862591
37.035352
37.206606
37.375015
37.542635
37.714128
37.881114
38.048897
38.213723
38.376227
38.539267
38.704446
38.866330
39.027126
39.186684
39.346851
39.505280
39.665652
39.825689
39.981153
40.136020
40.291209
40.443134
40.597222
40.750853
40.902494
41.055825
41.206173
41.357119
41.506484
41.656695
41.806232
41.957144
42.102886
42.249534
42.395919
42.541442
42.685249
42.831836
42.975531
43.121215
43.263909
43.407805
43.550075
43.692880
43.834066
43.975373
44.117325
44.256863
44.393639
44.532885
44.671838
44.808843
44.945282
45.084865
45.225791
45.363148
45.501528
45.638235
45.774861
45.909318
46.044406
46.178682
46.313476
46.445983
46.581225
46.716701
46.848855
46.981663
47.114037
47.243121
47.377244
47.507600
47.638978
47.770347
47.900932
48.032149
48.163341
48.293965
48.423296
48.551316
48.683512
48.814308
48.942241
49.071659
49.201646
49.329969
49.455884
49.582632
49.710573
49.838633
49.965280
50.088324
50.213889
50.340447
50.464218
50.588098
50.714898
50.841183
50.966533
51.089863
51.215291
51.338950
51.464584
51.585745
51.710781
51.835760
51.958087
52.081001
52.202049
52.322178
52.444816
52.567963
52.687460
52.809685
52.930446
53.053726
53.174739
53.296348
53.417130
53.538353
53.661013
53.783219
53.903189
54.023737
54.144169
54.264402
54.384418
54.507434
54.629102
54.750919
54.870748
54.989824
55.107605
55.226348
55.346787
55.465389
55.583254
55.703070
55.821622
55.939964
56.059459
56.179703
56.297375
56.414955
56.535005
56.653159
56.769372
56.887539
57.003674
57.119894
57.237283
57.354332
57.470798
57.587626
57.703857
57.819463
57.936999
58.052359
58.170408
58.285444
58.401744
58.518244
58.634484
58.748707
58.865176
58.981812
59.098459
59.212135
59.328029
59.442130
59.555489
59.672484
59.789738
59.905200
60.019640
60.136836
60.253776
60.366929
60.483213
60.597513
60.712938
60.827479
60.942473
61.058081
61.172494
61.289775
61.404245
61.519142
61.633717
61.749801
61.864513
61.979171
62.093916
62.206100
62.319726
62.434203
62.549564
62.665755
62.778623
62.892687
63.007906
63.122447
63.237750
63.351690
63.465036
63.579837
63.691826
63.804241
63.917056
64.030309
64.143963
64.257182
64.371123
64.485553
64.599551
64.715978
64.829939
64.945428
65.057899
65.172623
65.286501
65.401361
65.515083
65.631516
65.742654
65.857021
65.971327
66.083693
66.197224
66.311173
66.426478
66.540319
66.654420
66.768283
66.882106
66.994662
67.108200
67.222787
67.337257
67.452045
67.565841
67.680580
67.793956
67.907970
68.023611
68.138427
68.252183
68.365226
68.476967
68.591530
68.704918
68.819660
68.933851
69.049162
69.162390
69.276609
69.392217
69.506213
69.617939
69.728701
69.842641
69.956581
70.070840
70.185275
70.298784
70.414216
70.527985
70.641609
70.756645
70.870697
70.985414
71.099957
71.214762
71.328580
71.443228
71.559186
71.674318
71.787078
71.902568
72.015931
72.131856
72.245105
72.359089
72.472441
72.588133
72.702231
72.816688
72.931694
73.045529
73.162630
73.277803
73.394823
73.507332
73.622642
73.735831
73.852917
73.966820
74.083734
74.197479
74.312019
74.427781
74.542982
74.659797
74.777480
74.893240
75.008272
75.123111
75.238979
75.355975
75.472693
75.587749
75.702446
75.818777
75.934220
76.050997
76.166635
76.284002
76.401538
76.519689
76.634933
76.751348
76.872057
76.988005
77.105194
77.221259
77.336993
77.452652
77.569727
77.687086
77.802241
77.919398
78.034712
78.152135
78.267336
78.384452
78.503983
78.621183
78.738709
78.856953
78.974840
79.092169
79.209102
79.327117
79.446651
79.563315
79.681619
79.801380
79.918167
80.037259
80.156770
80.275697
80.395357
80.512721
80.633535
80.754741
80.874716
80.994248
81.111996
81.231469
81.352905
81.472183
81.593349
81.712115
81.831765
81.951648
82.071344
82.191587
82.312825
82.431961
82.551407
82.671445
82.791286
82.911477
83.032101
83.152043
83.271727
83.393481
83.514300
83.636342
83.754918
83.875653
83.997251
84.118152
84.238486
84.359534
84.480365
84.602711
84.724157
84.842643
84.966655
85.088088
85.211142
85.333170
85.457331
85.580314
85.702777
85.826359
85.949458
86.074104
86.199971
86.323602
86.449491
86.573811
86.697684
86.818958
86.942497
87.066976
87.190363
87.314553
87.437360
87.563188
87.687941
87.812249
87.940614
88.066848
88.192181
88.316252
88.444587
88.570628
88.698107
88.822327
88.947696
89.071253
89.197161
89.324398
89.452008
89.578082
89.706269
89.833912
89.962776
90.089233
90.214816
90.339866
90.465679
90.593073
90.718760
90.843558
90.969713
91.098415
91.227186
91.355581
91.485469
91.613890
91.744663
91.874624
92.004017
92.134768
92.266986
92.395344
92.525734
92.653988
92.784654
92.916734
93.047416
93.179953
93.311635
93.443019
93.575400
93.708406
93.843112
93.975394
94.106959
94.239810
94.373639
94.504728
94.639047
94.773913
94.905654
95.038088
95.171144
95.303000
95.435581
95.571509
95.706136
95.843286
95.976227
96.110759
96.244226
96.379904
96.516123
96.649651
96.782376
96.917993
97.053449
97.190654
97.325936
97.461268
97.597367
97.735630
97.873643
98.010041
98.150396
98.284933
98.421900
98.558947
98.696386
98.834242
98.974811
99.113616
99.256242
99.398253
99.538505
99.678556
99.815411
99.956931
100.09808
100.23548
100.37584
100.51971
100.66111
100.80285
100.94518
101.08674
101.23038
101.37292
101.51659
101.66117
101.80236
101.94866
102.09420
102.23939
102.38412
102.52866
102.67313
102.81594
102.96198
103.10794
103.25308
103.39849
103.54629
103.69001
103.83640
103.98304
104.12867
104.27759
104.42655
104.57548
104.72501
104.87243
105.02112
105.16701
105.31746
105.46626
105.61828
105.77030
105.91903
106.07147
106.22087
106.37185
106.52277
106.67532
106.82887
106.98165
107.13177
107.28173
107.43663
107.59050
107.74535
107.90056
108.05623
108.21241
108.36538
108.52036
108.67537
108.82959
108.98369
109.13812
109.29359
109.45094
109.60762
109.76537
109.92708
110.08452
110.24350
110.40460
110.56465
110.72443
110.88204
111.04034
111.20239
111.36506
111.52687
111.68795
111.85174
112.01539
112.17729
112.34219
112.50364
112.66784
112.83163
112.99467
113.16059
113.32664
113.49026
113.65579
113.82349
113.99200
114.15867
114.32344
114.48971
114.66032
114.82872
114.99424
115.16605
115.33526
115.50905
115.67932
115.84884
116.01977
116.19087
116.36440
116.53805
116.71141
116.88378
117.05759
117.23204
117.40583
117.58312
117.76117
117.93868
118.11420
118.29144
118.46915
118.64691
118.82518
119.00148
119.18185
119.36052
119.54120
119.71853
119.89965
120.08068
120.26607
120.45127
120.63262
120.81658
121.00039
121.18640
121.37372
121.56233
121.74749
121.93538
122.12533
122.31419
122.50322
122.68800
122.87658
123.06514
123.25590
123.44677
123.63925
123.82901
124.02079
124.21112
124.40514
124.60043
124.79401
124.99572
125.19173
125.39071
125.59019
125.79097
125.99070
126.18801
126.38578
126.58787
126.79170
126.99593
127.19872
127.39958
127.60282
127.80581
128.00847
128.21595
128.41762
128.62413
128.83099
129.03886
129.24821
129.45737
129.66502
129.87940
130.09173
130.30472
130.51899
130.73588
130.95049
131.16735
131.38151
131.60061
131.81817
132.03449
132.25015
132.47181
132.69035
132.90888
133.12997
133.35452
133.58021
133.80093
134.02683
134.25708
134.48220
134.71316
134.93691
135.16927
135.40107
135.63138
135.86274
136.09246
136.32482
136.56062
136.79496
137.02453
137.26188
137.49784
137.73693
137.97905
138.21856
138.45843
138.69974
138.94538
139.18935
139.43645
139.68222
139.92976
140.17744
140.42461
140.67368
140.93117
141.18597
141.43756
141.69055
141.95186
142.21038
142.47226
142.73145
142.99396
143.25897
143.52765
143.79485
144.05979
144.32618
144.59443
144.86622
145.13873
145.41241
145.68747
145.96219
146.23918
146.51480
146.79507
147.07195
147.35228
147.63785
147.92202
148.20562
148.49646
148.78883
149.07860
149.37604
149.67397
149.96772
150.26544
150.56566
150.86954
151.17589
151.48142
151.78504
152.08903
152.39294
152.70513
153.02003
153.33798
153.65405
153.96776
154.28400
154.60610
154.92501
155.25539
155.58461
155.91579
156.24377
156.56813
156.90593
157.24234
157.58332
157.92299
158.26552
158.61056
158.95062
159.29553
159.64533
160.00286
160.35825
160.71825
161.07711
161.43630
161.80764
162.17803
162.54549
162.91705
163.28819
163.66161
164.03943
164.42459
164.81009
165.19719
165.58796
165.98090
166.36875
166.76711
167.17542
167.58015
167.99493
168.41213
168.82860
169.25312
169.68332
170.11839
170.55566
170.98634
171.42901
171.87889
172.32910
172.78170
173.23752
173.69287
174.16304
174.62201
175.09622
175.57759
176.05842
176.54617
177.02628
177.52445
178.02089
178.53067
179.04672
179.56224
180.08594
180.61141
181.13911
181.67145
182.21348
182.77567
183.33180
183.89185
184.47127
185.04567
185.63335
186.22792
186.82794
187.43641
188.05342
188.66744
189.30331
189.93256
190.56927
191.22925
191.89440
192.57368
193.24641
193.94413
194.65653
195.35882
196.08965
196.81538
197.55818
198.30891
199.07783
199.85484
200.64345
201.46291
202.29216
203.12835
203.97218
204.83542
205.71956
206.62777
207.54286
208.47596
209.44143
210.43190
211.43990
212.45779
213.51112
214.59363
215.68961
216.81742
217.97409
219.16191
220.38910
221.64346
222.94283
224.27429
225.62654
227.05024
228.48899
229.99151
231.54458
233.17479
234.87347
236.63360
238.42172
240.33113
242.36971
244.44588
246.61232
248.91826
251.35048
253.94788
256.70775
259.75044
263.03166
266.45278
270.22149
274.44438
279.08811
284.48276
290.68812
298.06664
307.13471
318.96850
336.34099
370.65652
