0.045702953
0.058470922
0.067098831
0.073916275
0.079800755
0.084830641
0.089485116
0.093623599
0.097543670
0.10120183
0.10465676
0.10790840
0.11104635
0.11406319
0.11692713
0.11971636
0.12239078
0.12498258
0.12749011
0.12996133
0.13238575
0.13471902
0.13701040
0.13926925
0.14143243
0.14357209
0.14563906
0.14772620
0.14969843
0.15168143
0.15364957
0.15558032
0.15745779
0.15933186
0.16119170
0.16297643
0.16475857
0.16654809
0.16829977
0.17002602
0.17177384
0.17347754
0.17515384
0.17680421
0.17843255
0.18004038
0.18162192
0.18319759
0.18475212
0.18631640
0.18787506
0.18939100
0.19090869
0.19243275
0.19392841
0.19539902
0.19685647
0.19832913
0.19976773
0.20121473
0.20264074
0.20404979
0.20545282
0.20682001
0.20822900
0.20962805
0.21102384
0.21240404
0.21376765
0.21512130
0.21646219
0.21779604
0.21913756
0.22043824
0.22175326
0.22307088
0.22436462
0.22566162
0.22691012
0.22819187
0.22948177
0.23072037
0.23198369
0.23326447
0.23451213
0.23576434
0.23700841
0.23822915
0.23945255
0.24066352
0.24186924
0.24308933
0.24428390
0.24548887
0.24667774
0.24786655
0.24906938
0.25023927
0.25144948
0.25262955
0.25379324
0.25496755
0.25612272
0.25727937
0.25842782
0.25959438
0.26076001
0.26189630
0.26303379
0.26416998
0.26530324
0.26642407
0.26755809
0.26866474
0.26979319
0.27090653
0.27202757
0.27314554
0.27425150
0.27534619
0.27643956
0.27755210
0.27866226
0.27977295
0.28087797
0.28196372
0.28303023
0.28411714
0.28519247
0.28625844
0.28731547
0.28838607
0.28943242
0.29049796
0.29155871
0.29262509
0.29368089
0.29475136
0.29582056
0.29686803
0.29791950
0.29895722
0.30000465
0.30106199
0.30212099
0.30314126
0.30418791
0.30523075
0.30627374
0.30730747
0.30833431
0.30935519
0.31039127
0.31141494
0.31243983
0.31346002
0.31448285
0.31549497
0.31650532
0.31751044
0.31852122
0.31952933
0.32053103
0.32153223
0.32254648
0.32355875
0.32455557
0.32555067
0.32654157
0.32753708
0.32853750
0.32953438
0.33051664
0.33149492
0.33248097
0.33345197
0.33446337
0.33544142
0.33642663
0.33740863
0.33838320
0.33936207
0.34033266
0.34133083
0.34231054
0.34328060
0.34424979
0.34521843
0.34618549
0.34715170
0.34812339
0.34908701
0.35005302
0.35099774
0.35195460
0.35289533
0.35386171
0.35482890
0.35577566
0.35673532
0.35768962
0.35865453
0.35961846
0.36056050
0.36151169
0.36246217
0.36340349
0.36437262
0.36531600
0.36628008
0.36721223
0.36814990
0.36910002
0.37005847
0.37099308
0.37195171
0.37289059
0.37384462
0.37477628
0.37571951
0.37665878
0.37758745
0.37853844
0.37947472
0.38037670
0.38130940
0.38223596
0.38315858
0.38411270
0.38505084
0.38597144
0.38689613
0.38782897
0.38875738
0.38968010
0.39060478
0.39152314
0.39245141
0.39337930
0.39431132
0.39522838
0.39614768
0.39707558
0.39798305
0.39891057
0.39983794
0.40075154
0.40167771
0.40259868
0.40352180
0.40443940
0.40536529
0.40629316
0.40720388
0.40812480
0.40903662
0.40994808
0.41086614
0.41178287
0.41269324
0.41359100
0.41448366
0.41539401
0.41631800
0.41722468
0.41812060
0.41901828
0.41992603
0.42083201
0.42172102
0.42263791
0.42354747
0.42444592
0.42536127
0.42626537
0.42716523
0.42807220
0.42897306
0.42987018
0.43079341
0.43170290
0.43259755
0.43351708
0.43441206
0.43530558
0.43621616
0.43711222
0.43800351
0.43891306
0.43980825
0.44070802
0.44160169
0.44249189
0.44339803
0.44429624
0.44518384
0.44609001
0.44698954
0.44787640
0.44878001
0.44969161
0.45058725
0.45147065
0.45237325
0.45325122
0.45414037
0.45503420
0.45593153
0.45681724
0.45772835
0.45860670
0.45949503
0.46038959
0.46126907
0.46216846
0.46308146
0.46398572
0.46488017
0.46576032
0.46664133
0.46752998
0.46842357
0.46931882
0.47020540
0.47109996
0.47199907
0.47290059
0.47379388
0.47466565
0.47556485
0.47643870
0.47732195
0.47822398
0.47911083
0.48001075
0.48088752
0.48177112
0.48266006
0.48353612
0.48443666
0.48532178
0.48621363
0.48709395
0.48799455
0.48887667
0.48975513
0.49062061
0.49149700
0.49236561
0.49325681
0.49414352
0.49503471
0.49591238
0.49679672
0.49766890
0.49854503
0.49942089
0.50031450
0.50120365
0.50208607
0.50296578
0.50384270
0.50472374
0.50561735
0.50650649
0.50738623
0.50826718
0.50914872
0.51004805
0.51093408
0.51180973
0.51269470
0.51356663
0.51445347
0.51536291
0.51625943
0.51714339
0.51803654
0.51893027
0.51981621
0.52068826
0.52156815
0.52246444
0.52335058
0.52423476
0.52512906
0.52601839
0.52690565
0.52778367
0.52868134
0.52956460
0.53043555
0.53131166
0.53219852
0.53307277
0.53397137
0.53485494
0.53572750
0.53661504
0.53749317
0.53838150
0.53925769
0.54014057
0.54102429
0.54191814
0.54279178
0.54368105
0.54456812
0.54545263
0.54636371
0.54724663
0.54813553
0.54902743
0.54991299
0.55080565
0.55167298
0.55255053
0.55343069
0.55431344
0.55520289
0.55607998
0.55697671
0.55786485
0.55874312
0.55962671
0.56052625
0.56141332
0.56228550
0.56317170
0.56407212
0.56496066
0.56584491
0.56672896
0.56760994
0.56848406
0.56936499
0.57024187
0.57112438
0.57200663
0.57290189
0.57378386
0.57466746
0.57554716
0.57643894
0.57733446
0.57822412
0.57912006
0.57999410
0.58089483
0.58177730
0.58266185
0.58354269
0.58445488
0.58533432
0.58622392
0.58711875
0.58801257
0.58889899
0.58980749
0.59070493
0.59158357
0.59245336
0.59334887
0.59424897
0.59513359
0.59603863
0.59694555
0.59786186
0.59875251
0.59964956
0.60055309
0.60146822
0.60237437
0.60328890
0.60418473
0.60507640
0.60596532
0.60685447
0.60776067
0.60867691
0.60958183
0.61048313
0.61137212
0.61225406
0.61315902
0.61406817
0.61498158
0.61588750
0.61679875
0.61770220
0.61859621
0.61949279
0.62038950
0.62128997
0.62218748
0.62309278
0.62398808
0.62488829
0.62578979
0.62669659
0.62758115
0.62849155
0.62939460
0.63027811
0.63117884
0.63209911
0.63299076
0.63390001
0.63481032
0.63571173
0.63663179
0.63756032
0.63846927
0.63938114
0.64030584
0.64122146
0.64214598
0.64306590
0.64397696
0.64488232
0.64580063
0.64670943
0.64761689
0.64852725
0.64942754
0.65033210
0.65123477
0.65214614
0.65305338
0.65395961
0.65487066
0.65580827
0.65672181
0.65764043
0.65855046
0.65946957
0.66039012
0.66131921
0.66224753
0.66316529
0.66408477
0.66501107
0.66593742
0.66686040
0.66779321
0.66873037
0.66963975
0.67056221
0.67147835
0.67241227
0.67333379
0.67423864
0.67516114
0.67608365
0.67699389
0.67791607
0.67885654
0.67977646
0.68071475
0.68163393
0.68256266
0.68348717
0.68439703
0.68534626
0.68626186
0.68720364
0.68811436
0.68904779
0.68996350
0.69088816
0.69181469
0.69275343
0.69369555
0.69462287
0.69557601
0.69651698
0.69744312
0.69837757
0.69932482
0.70026150
0.70119587
0.70215436
0.70310960
0.70406211
0.70500800
0.70593444
0.70689272
0.70782550
0.70876384
0.70970611
0.71064095
0.71158680
0.71253559
0.71349092
0.71443783
0.71537929
0.71630786
0.71725515
0.71819315
0.71914369
0.72007944
0.72104069
0.72197274
0.72293191
0.72388615
0.72485141
0.72578942
0.72674227
0.72769490
0.72865578
0.72959768
0.73055698
0.73151218
0.73247075
0.73342521
0.73438205
0.73533958
0.73628316
0.73725772
0.73820408
0.73917880
0.74013246
0.74108153
0.74203610
0.74299442
0.74395217
0.74492147
0.74589068
0.74685303
0.74781878
0.74878372
0.74974219
0.75071189
0.75168202
0.75264636
0.75362027
0.75457341
0.75553170
0.75650037
0.75747418
0.75845475
0.75943608
0.76042471
0.76139128
0.76236044
0.76334741
0.76431822
0.76529995
0.76628557
0.76725954
0.76823535
0.76921842
0.77021537
0.77119416
0.77214814
0.77312009
0.77411757
0.77509182
0.77607507
0.77706116
0.77802674
0.77899706
0.77997052
0.78096306
0.78193449
0.78292787
0.78391052
0.78489253
0.78586754
0.78685621
0.78785106
0.78883488
0.78982372
0.79081708
0.79181440
0.79280680
0.79379857
0.79480440
0.79580599
0.79681071
0.79782276
0.79879941
0.79978298
0.80077441
0.80177189
0.80276201
0.80374400
0.80472877
0.80572978
0.80673896
0.80773068
0.80873082
0.80974520
0.81073971
0.81175884
0.81275873
0.81378471
0.81478779
0.81579298
0.81678692
0.81779111
0.81880671
0.81981596
0.82083864
0.82184220
0.82284300
0.82386517
0.82488039
0.82591144
0.82692450
0.82794260
0.82897703
0.82998856
0.83097921
0.83199238
0.83301205
0.83403826
0.83505596
0.83607449
0.83708777
0.83810721
0.83912134
0.84016566
0.84119321
0.84222166
0.84325982
0.84430709
0.84532968
0.84636406
0.84738859
0.84843213
0.84946993
0.85049232
0.85153453
0.85258016
0.85363845
0.85467181
0.85570916
0.85673876
0.85778905
0.85882152
0.85987135
0.86090565
0.86196699
0.86301839
0.86404249
0.86507545
0.86611086
0.86717424
0.86820507
0.86927957
0.87031267
0.87136288
0.87240502
0.87345691
0.87450069
0.87554433
0.87659509
0.87766000
0.87870410
0.87978219
0.88084283
0.88190137
0.88298430
0.88405453
0.88512248
0.88619311
0.88724264
0.88831693
0.88940380
0.89045514
0.89151856
0.89259169
0.89365885
0.89474015
0.89582462
0.89691048
0.89798529
0.89907293
0.90013566
0.90123009
0.90229800
0.90337860
0.90445437
0.90553298
0.90662569
0.90770124
0.90879516
0.90985640
0.91094980
0.91204936
0.91312262
0.91422768
0.91532678
0.91640342
0.91749410
0.91859852
0.91968983
0.92080374
0.92188519
0.92298872
0.92409360
0.92518893
0.92627981
0.92738145
0.92847756
0.92957138
0.93067730
0.93179387
0.93289638
0.93399166
0.93510516
0.93621627
0.93733233
0.93842866
0.93954894
0.94064634
0.94176800
0.94286831
0.94399348
0.94512354
0.94623882
0.94735880
0.94845392
0.94957043
0.95071296
0.95182064
0.95295357
0.95410835
0.95524365
0.95639073
0.95752755
0.95866389
0.95977969
0.96090019
0.96204583
0.96315994
0.96428635
0.96542483
0.96656389
0.96769223
0.96885000
0.96999254
0.97114928
0.97229237
0.97343586
0.97457584
0.97571700
0.97687508
0.97800805
0.97916801
0.98032278
0.98146609
0.98262119
0.98377212
0.98493422
0.98607303
0.98724748
0.98840236
0.98956967
0.99072381
0.99189177
0.99305477
0.99421080
0.99538419
0.99656025
0.99774258
0.99894174
1.0001257
1.0012888
1.0024792
1.0036502
1.0048269
1.0060019
1.0072044
1.0083952
1.0095708
1.0107472
1.0119477
1.0131538
1.0143362
1.0155183
1.0167063
1.0179140
1.0191280
1.0203365
1.0215484
1.0227537
1.0239456
1.0251534
1.0263228
1.0275155
1.0287425
1.0299428
1.0311167
1.0323328
1.0335434
1.0347422
1.0359733
1.0371875
1.0383890
1.0396260
1.0408609
1.0420698
1.0432831
1.0445033
1.0457424
1.0469792
1.0481905
1.0494163
1.0506389
1.0518606
1.0530854
1.0543340
1.0555688
1.0568165
1.0580526
1.0593128
1.0605597
1.0617839
1.0630407
1.0642801
1.0655114
1.0667596
1.0680184
1.0692658
1.0705096
1.0717751
1.0730302
1.0742735
1.0755295
1.0768032
1.0780736
1.0793378
1.0805898
1.0818563
1.0831046
1.0843615
1.0856178
1.0868939
1.0881660
1.0894418
1.0907242
1.0919920
1.0932657
1.0945322
1.0957973
1.0970936
1.0983998
1.0996999
1.1009941
1.1022896
1.1035678
1.1048502
1.1061495
1.1074308
1.1087260
1.1100264
1.1113215
1.1126322
1.1139317
1.1152217
1.1165280
1.1178328
1.1191464
1.1204634
1.1217890
1.1230980
1.1244163
1.1257281
1.1270395
1.1283595
1.1296892
1.1310161
1.1323448
1.1336753
1.1350296
1.1363518
1.1376811
1.1390114
1.1403426
1.1416890
1.1430048
1.1443467
1.1456968
1.1470323
1.1483631
1.1497094
1.1510575
1.1524379
1.1537911
1.1551433
1.1565066
1.1578572
1.1591971
1.1605457
1.1619218
1.1632851
1.1646676
1.1660444
1.1674123
1.1687868
1.1701398
1.1715323
1.1729224
1.1742804
1.1756512
1.1770172
1.1784076
1.1798087
1.1811824
1.1825676
1.1839513
1.1853495
1.1867149
1.1881023
1.1894864
1.1908953
1.1922930
1.1936909
1.1951144
1.1965017
1.1979152
1.1993307
1.2007198
1.2021440
1.2035753
1.2049938
1.2064260
1.2078517
1.2092651
1.2106870
1.2121420
1.2135632
1.2150124
1.2164424
1.2178779
1.2193408
1.2208085
1.2222715
1.2237168
1.2251529
1.2266161
1.2280711
1.2295355
1.2309605
1.2324315
1.2338939
1.2353632
1.2368298
1.2383043
1.2397749
1.2412346
1.2427083
1.2441943
1.2456669
1.2471171
1.2486039
1.2500787
1.2515617
1.2530543
1.2545432
1.2560448
1.2575537
1.2590471
1.2605523
1.2620311
1.2635411
1.2650458
1.2665567
1.2680699
1.2695821
1.2710771
1.2726031
1.2740912
1.2756220
1.2771511
1.2786775
1.2802053
1.2817533
1.2832650
1.2847962
1.2863354
1.2878814
1.2894277
1.2909888
1.2925355
1.2940752
1.2956361
1.2971914
1.2987339
1.3003037
1.3018789
1.3034345
1.3050008
1.3065697
1.3081487
1.3097480
1.3113446
1.3128879
1.3144373
1.3160302
1.3176067
1.3192174
1.3208032
1.3223872
1.3240072
1.3256162
1.3272059
1.3288025
1.3304211
1.3320281
1.3335940
1.3351916
1.3367970
1.3384093
1.3400057
1.3416077
1.3432225
1.3448397
1.3464312
1.3480531
1.3497005
1.3513467
1.3529688
1.3546007
1.3562418
1.3579091
1.3595666
1.3612298
1.3628875
1.3645539
1.3662243
1.3678979
1.3695298
1.3711839
1.3728572
1.3745541
1.3762147
1.3778954
1.3795625
1.3812400
1.3829287
1.3846065
1.3862841
1.3879669
1.3896264
1.3912949
1.3929636
1.3946510
1.3963856
1.3980733
1.3997693
1.4014903
1.4031934
1.4048791
1.4065990
1.4082865
1.4099990
1.4117217
1.4134368
1.4151663
1.4168750
1.4186347
1.4203715
1.4220950
1.4238556
1.4255997
1.4273278
1.4290754
1.4308211
1.4325687
1.4343493
1.4361145
1.4378373
1.4396095
1.4413721
1.4431588
1.4449138
1.4467021
1.4484779
1.4502341
1.4520035
1.4537844
1.4555762
1.4573399
1.4591412
1.4609105
1.4627261
1.4644892
1.4662773
1.4680693
1.4698822
1.4716935
1.4734987
1.4753157
1.4771162
1.4789348
1.4807424
1.4825504
1.4843911
1.4862367
1.4880739
1.4898976
1.4917148
1.4935678
1.4953993
1.4972322
1.4990885
1.5009567
1.5028597
1.5047191
1.5065944
1.5084659
1.5103442
1.5122099
1.5140782
1.5159846
1.5178482
1.5197405
1.5216113
1.5235215
1.5254095
1.5273349
1.5292209
1.5311319
1.5330294
1.5349208
1.5368254
1.5387016
1.5406073
1.5425082
1.5444509
1.5463550
1.5482799
1.5502111
1.5521316
1.5540505
1.5559738
1.5579234
1.5598545
1.5617973
1.5637349
1.5656685
1.5676146
1.5695824
1.5715050
1.5734639
1.5754614
1.5774241
1.5794062
1.5813826
1.5833804
1.5853397
1.5872870
1.5892962
1.5913173
1.5932960
1.5952911
1.5973153
1.5993511
1.6013355
1.6033842
1.6053848
1.6073810
1.6094068
1.6114381
1.6135130
1.6155558
1.6176388
1.6196808
1.6217331
1.6237808
1.6258503
1.6279163
1.6299647
1.6320102
1.6341015
1.6361681
1.6382087
1.6402508
1.6423435
1.6444134
1.6464816
1.6485732
1.6506277
1.6526737
1.6547816
1.6568906
1.6590050
1.6610968
1.6632040
1.6653455
1.6674785
1.6696151
1.6717175
1.6738634
1.6760229
1.6781719
1.6803198
1.6824714
1.6846013
1.6867099
1.6888324
1.6909457
1.6930733
1.6952468
1.6974023
1.6995523
1.7017264
1.7039055
1.7061096
1.7083314
1.7105042
1.7126516
1.7148484
1.7170807
1.7192390
1.7214488
1.7236597
1.7258843
1.7281235
1.7303150
1.7325165
1.7347514
1.7369946
1.7392347
1.7414520
1.7436539
1.7458884
1.7481204
1.7503171
1.7525980
1.7548659
1.7571217
1.7594029
1.7616535
1.7639562
1.7662270
1.7684415
1.7706899
1.7729822
1.7752634
1.7775770
1.7798602
1.7821232
1.7844613
1.7867819
1.7891228
1.7914480
1.7937787
1.7960957
1.7984332
1.8007440
1.8030892
1.8054343
1.8077889
1.8101284
1.8124112
1.8148022
1.8171460
1.8195042
1.8218697
1.8242141
1.8265484
1.8289516
1.8313130
1.8336979
1.8360837
1.8384763
1.8408269
1.8432198
1.8456327
1.8480332
1.8504532
1.8528841
1.8552717
1.8576853
1.8600988
1.8625347
1.8650099
1.8674805
1.8699358
1.8723750
1.8747867
1.8772474
1.8797090
1.8821450
1.8846054
1.8870842
1.8895690
1.8920614
1.8945594
1.8970708
1.8995877
1.9021006
1.9046056
1.9071145
1.9096038
1.9120913
1.9146003
1.9170802
1.9196520
1.9222030
1.9247479
1.9272729
1.9297901
1.9323241
1.9348769
1.9374299
1.9399745
1.9425430
1.9451322
1.9477112
1.9502775
1.9528692
1.9554996
1.9581226
1.9607160
1.9632801
1.9658663
1.9685061
1.9710807
1.9737197
1.9763069
1.9788957
1.9815342
1.9841729
1.9868001
1.9894455
1.9920860
1.9947438
1.9974079
2.0000668
2.0027484
2.0054647
2.0081585
2.0108482
2.0135554
2.0162048
2.0188670
2.0215596
2.0242058
2.0269063
2.0296025
2.0323270
2.0350753
2.0378015
2.0405407
2.0433119
2.0460353
2.0487856
2.0514594
2.0541785
2.0569137
2.0596597
2.0624114
2.0652347
2.0679191
2.0706631
2.0734088
2.0762122
2.0790284
2.0818592
2.0846315
2.0874403
2.0902470
2.0930512
2.0958976
2.0986697
2.1015090
2.1043441
2.1071962
2.1100051
2.1128465
2.1157167
2.1185766
2.1214382
2.1243320
2.1271895
2.1300652
2.1329526
2.1358005
2.1386193
2.1414865
2.1443844
2.1472558
2.1501500
2.1530968
2.1560011
2.1589066
2.1618447
2.1647712
2.1677132
2.1706776
2.1736106
2.1765467
2.1795007
2.1825277
2.1854798
2.1884496
2.1913760
2.1943029
2.1973011
2.2003361
2.2032902
2.2061982
2.2092159
2.2122317
2.2152902
2.2182569
2.2212801
2.2243136
2.2273396
2.2303394
2.2333425
2.2363822
2.2394789
2.2425361
2.2455880
2.2485891
2.2516641
2.2547729
2.2578121
2.2608881
2.2639220
2.2670234
2.2701194
2.2732199
2.2763023
2.2794282
2.2825682
2.2856922
2.2888088
2.2919459
2.2950806
2.2981896
2.3013317
2.3045285
2.3077042
2.3108902
2.3140977
2.3172351
2.3204575
2.3236261
2.3268596
2.3300781
2.3332536
2.3364742
2.3396253
2.3428495
2.3460977
2.3493030
2.3525809
2.3558215
2.3590993
2.3623417
2.3655558
2.3687821
2.3720449
2.3753241
2.3786154
2.3818829
2.3851636
2.3884433
2.3917338
2.3950702
2.3983960
2.4016941
2.4050261
2.4083405
2.4116252
2.4150274
2.4183690
2.4217297
2.4250469
2.4284443
2.4317812
2.4351442
2.4385565
2.4420030
2.4453975
2.4488252
2.4522074
2.4555946
2.4590031
2.4624337
2.4658747
2.4693227
2.4727678
2.4762236
2.4796528
2.4831740
2.4866050
2.4900514
2.4935565
2.4970638
2.5005226
2.5040396
2.5075372
2.5110718
2.5146343
2.5181736
2.5217025
2.5252868
2.5288016
2.5323718
2.5359515
2.5395343
2.5430804
2.5465914
2.5501610
2.5537182
2.5573047
2.5609011
2.5645067
2.5680950
2.5717319
2.5753289
2.5789590
2.5825944
2.5862821
2.5899002
2.5935296
2.5972012
2.6008767
2.6045466
2.6082260
2.6119667
2.6157043
2.6194349
2.6230805
2.6267964
2.6305621
2.6343645
2.6381390
2.6419257
2.6456313
2.6494029
2.6531421
2.6568744
2.6606284
2.6644552
2.6682030
2.6719849
2.6757977
2.6795368
2.6832888
2.6871036
2.6908846
2.6946596
2.6985035
2.7023072
2.7061240
2.7099641
2.7137828
2.7176602
2.7214814
2.7254617
2.7293511
2.7332206
2.7371226
2.7410449
2.7449872
2.7489298
2.7528854
2.7568396
2.7607778
2.7647310
2.7686387
2.7725596
2.7765734
2.7805361
2.7846243
2.7886465
2.7926387
2.7966231
2.8006105
2.8045838
2.8085689
2.8125913
2.8165855
2.8206129
2.8246430
2.8287448
2.8328315
2.8369404
2.8410818
2.8451983
2.8493033
2.8533957
2.8575507
2.8616741
2.8658254
2.8699176
2.8740873
2.8782111
2.8823925
2.8865827
2.8907361
2.8948608
2.8990436
2.9032334
2.9074730
2.9117334
2.9158775
2.9200681
2.9242571
2.9284791
2.9327579
2.9370745
2.9413909
2.9456419
2.9499605
2.9542440
2.9585639
2.9628420
2.9671706
2.9714820
2.9758282
2.9800955
2.9843702
2.9886805
2.9929957
2.9973371
3.0016496
3.0060678
3.0104615
3.0148988
3.0192837
3.0236813
3.0281000
3.0325587
3.0369435
3.0413816
3.0458339
3.0503679
3.0548267
3.0593576
3.0638530
3.0682740
3.0726752
3.0771232
3.0816749
3.0861624
3.0906926
3.0952061
3.0997595
3.1043670
3.1088787
3.1133702
3.1179790
3.1225981
3.1271923
3.1317163
3.1362796
3.1408859
3.1454873
3.1500897
3.1547177
3.1593039
3.1639386
3.1686040
3.1732956
3.1779500
3.1826661
3.1873380
3.1920007
3.1966188
3.2013299
3.2060125
3.2107360
3.2155453
3.2203280
3.2251305
3.2298350
3.2346324
3.2394303
3.2442286
3.2491178
3.2538807
3.2586580
3.2634156
3.2682844
3.2731346
3.2780204
3.2829773
3.2879160
3.2928170
3.2977327
3.3026931
3.3076211
3.3124915
3.3173426
3.3222162
3.3272249
3.3320817
3.3370361
3.3420080
3.3469900
3.3520057
3.3569254
3.3619702
3.3669417
3.3720741
3.3770715
3.3821818
3.3872986
3.3924047
3.3974922
3.4025395
3.4075959
3.4126977
3.4177447
3.4228932
3.4280946
3.4332232
3.4384417
3.4436389
3.4489895
3.4541600
3.4592842
3.4643872
3.4694962
3.4746067
3.4797596
3.4850475
3.4903721
3.4955989
3.5008618
3.5060667
3.5113916
3.5166405
3.5219042
3.5272321
3.5325097
3.5378491
3.5432201
3.5485497
3.5540007
3.5593959
3.5648264
3.5702192
3.5756160
3.5809808
3.5863688
3.5917658
3.5972519
3.6027007
3.6081754
3.6136742
3.6191286
3.6246083
3.6300643
3.6355848
3.6411406
3.6467042
3.6521957
3.6577615
3.6632322
3.6688179
3.6743789
3.6799937
3.6856117
3.6911628
3.6968558
3.7025630
3.7081743
3.7137402
3.7194251
3.7251167
3.7308364
3.7366500
3.7423985
3.7480345
3.7537306
3.7595416
3.7652745
3.7710443
3.7768277
3.7826379
3.7884564
3.7943391
3.8002403
3.8061394
3.8119337
3.8178435
3.8237505
3.8295425
3.8354289
3.8412008
3.8471161
3.8530755
3.8590627
3.8651031
3.8709885
3.8769975
3.8829279
3.8890084
3.8948719
3.9008932
3.9069343
3.9129552
3.9190215
3.9250652
3.9310634
3.9370939
3.9432088
3.9493063
3.9554116
3.9614499
3.9676368
3.9737543
3.9799310
3.9860858
3.9923058
3.9985887
4.0049573
4.0112075
4.0173724
4.0235797
4.0298465
4.0360184
4.0423411
4.0486235
4.0548794
4.0612205
4.0675666
4.0739047
4.0802478
4.0865565
4.0929220
4.0993091
4.1057735
4.1121616
4.1187157
4.1252394
4.1316658
4.1380547
4.1443900
4.1508249
4.1572966
4.1637882
4.1702724
4.1767802
4.1832216
4.1899336
4.1964920
4.2031061
4.2096715
4.2162768
4.2228936
4.2295266
4.2361287
4.2427368
4.2493424
4.2560661
4.2627513
4.2692719
4.2760975
4.2828231
4.2896155
4.2963321
4.3031283
4.3098795
4.3165643
4.3233625
4.3301455
4.3370662
4.3439285
4.3507803
4.3577157
4.3645861
4.3715272
4.3783792
4.3853134
4.3921797
4.3990584
4.4061163
4.4131545
4.4201323
4.4271045
4.4340889
4.4411660
4.4481980
4.4552655
4.4623693
4.4694382
4.4766644
4.4838272
4.4910328
4.4982167
4.5053202
4.5124115
4.5195693
4.5268332
4.5340326
4.5410978
4.5484243
4.5556290
4.5628812
4.5701674
4.5774063
4.5846776
4.5919433
4.5994163
4.6067595
4.6140951
4.6214417
4.6288325
4.6362600
4.6436883
4.6510248
4.6583759
4.6657420
4.6733024
4.6808603
4.6883178
4.6957166
4.7031814
4.7105999
4.7182217
4.7257147
4.7333539
4.7409959
4.7487031
4.7562996
4.7639713
4.7716698
4.7794390
4.7870831
4.7945950
4.8023184
4.8100509
4.8178958
4.8256738
4.8334387
4.8413144
4.8492006
4.8569330
4.8646587
4.8724917
4.8802750
4.8881980
4.8961203
4.9041183
4.9120698
4.9200899
4.9280909
4.9361990
4.9441244
4.9520870
4.9600436
4.9680916
4.9762771
4.9842287
4.9923094
5.0005304
5.0086054
5.0166659
5.0249478
5.0330985
5.0414741
5.0497315
5.0579492
5.0662849
5.0746179
5.0828779
5.0910716
5.0994925
5.1077518
5.1161383
5.1244240
5.1326816
5.1410032
5.1494096
5.1576171
5.1661111
5.1743984
5.1828035
5.1912571
5.1997591
5.2083364
5.2170001
5.2256810
5.2342296
5.2428310
5.2512483
5.2599463
5.2685767
5.2771801
5.2857898
5.2943851
5.3030036
5.3117975
5.3204717
5.3294062
5.3382089
5.3470404
5.3557386
5.3644727
5.3734643
5.3823006
5.3911815
5.4000310
5.4089694
5.4178656
5.4267203
5.4358628
5.4446669
5.4535970
5.4626695
5.4717928
5.4808042
5.4898470
5.4988872
5.5079140
5.5169805
5.5261012
5.5352144
5.5443870
5.5533295
5.5626332
5.5719810
5.5812046
5.5905263
5.5999319
5.6091596
5.6185070
5.6278754
5.6373316
5.6468102
5.6562186
5.6658029
5.6753128
5.6847762
5.6943980
5.7038422
5.7133107
5.7228338
5.7321821
5.7418151
5.7515239
5.7610861
5.7706386
5.7803244
5.7898438
5.7995461
5.8091555
5.8188501
5.8286934
5.8387003
5.8483651
5.8580404
5.8678148
5.8776454
5.8874309
5.8972360
5.9071347
5.9171017
5.9272014
5.9372049
5.9472065
5.9571352
5.9670771
5.9772141
5.9872032
5.9972376
6.0073282
6.0172179
6.0271178
6.0373164
6.0474591
6.0575389
6.0679737
6.0782915
6.0886117
6.0988952
6.1092365
6.1194761
6.1298466
6.1402184
6.1506018
6.1610620
6.1714070
6.1817529
6.1920378
6.2023580
6.2127512
6.2233636
6.2337414
6.2441134
6.2546690
6.2651897
6.2758065
6.2863566
6.2967997
6.3074292
6.3181024
6.3289010
6.3396977
6.3502381
6.3610855
6.3718365
6.3825834
6.3933620
6.4045078
6.4155284
6.4264568
6.4372867
6.4481810
6.4591701
6.4702726
6.4811099
6.4923279
6.5033270
6.5144542
6.5257216
6.5369667
6.5480312
6.5595009
6.5706971
6.5818891
6.5930564
6.6042644
6.6154916
6.6267508
6.6381807
6.6494720
6.6608924
6.6721138
6.6833337
6.6946924
6.7061535
6.7176304
6.7292013
6.7407888
6.7523400
6.7639066
6.7753584
6.7869963
6.7989086
6.8104402
6.8221710
6.8338895
6.8456679
6.8576077
6.8693735
6.8813054
6.8932171
6.9051116
6.9172361
6.9290552
6.9408703
6.9528381
6.9647653
6.9767004
6.9885846
7.0004846
7.0123396
7.0244515
7.0366168
7.0487533
7.0610182
7.0732644
7.0854352
7.0977919
7.1101606
7.1225957
7.1348644
7.1470651
7.1594489
7.1717605
7.1840391
7.1966938
7.2091272
7.2217384
7.2343476
7.2471402
7.2597758
7.2724719
7.2851804
7.2981035
7.3107410
7.3233039
7.3357656
7.3484797
7.3610330
7.3739510
7.3868653
7.3996849
7.4124994
7.4257309
7.4388628
7.4518292
7.4650894
7.4781548
7.4910288
7.5039543
7.5169207
7.5301774
7.5433687
7.5564452
7.5694070
7.5827830
7.5962217
7.6096127
7.6227569
7.6361168
7.6495260
7.6629821
7.6764812
7.6899077
7.7034866
7.7170832
7.7306481
7.7441163
7.7575612
7.7711124
7.7847400
7.7983472
7.8121229
7.8260001
7.8396704
7.8533838
7.8673126
7.8811408
7.8950127
7.9089694
7.9229496
7.9370249
7.9508681
7.9647157
7.9787566
7.9929052
8.0068777
8.0209323
8.0348442
8.0490133
8.0629926
8.0770683
8.0913870
8.1056078
8.1202497
8.1343800
8.1489367
8.1632932
8.1778066
8.1921229
8.2065675
8.2213201
8.2356958
8.2504136
8.2651118
8.2795971
8.2941606
8.3087416
8.3234387
8.3381185
8.3526773
8.3675267
8.3826751
8.3974910
8.4124528
8.4276216
8.4424576
8.4576562
8.4725168
8.4875854
8.5025313
8.5174214
8.5326349
8.5478052
8.5629171
8.5778870
8.5930295
8.6081952
8.6234665
8.6387547
8.6543295
8.6697866
8.6855071
8.7010401
8.7165881
8.7323011
8.7479817
8.7634749
8.7792542
8.7949888
8.8105010
8.8261935
8.8419804
8.8576279
8.8733096
8.8890412
8.9048785
8.9208783
8.9367313
8.9525517
8.9686382
8.9848208
9.0009537
9.0171990
9.0333300
9.0496548
9.0659141
9.0821617
9.0983274
9.1147372
9.1311015
9.1476644
9.1639304
9.1804318
9.1968506
9.2133568
9.2301469
9.2469351
9.2636668
9.2808244
9.2971806
9.3140545
9.3306305
9.3471167
9.3640122
9.3808390
9.3978107
9.4145945
9.4313740
9.4482973
9.4653091
9.4825486
9.4995688
9.5167262
9.5336852
9.5507982
9.5680533
9.5854271
9.6025644
9.6199703
9.6375306
9.6547848
9.6722597
9.6898002
9.7072798
9.7248667
9.7424728
9.7602140
9.7778782
9.7953726
9.8129622
9.8308081
9.8486351
9.8660960
9.8838697
9.9017970
9.9198581
9.9379517
9.9558384
9.9738442
9.9919857
10.009844
10.027921
10.046124
10.064561
10.082961
10.101224
10.119389
10.137953
10.156242
10.174537
10.192890
10.211674
10.230130
10.248981
10.267647
10.286389
10.304979
10.323875
10.342215
10.361011
10.380097
10.398890
10.418098
10.436950
10.456375
10.475462
10.495020
10.514330
10.533503
10.552964
10.572487
10.591698
10.611294
10.630747
10.650121
10.669509
10.688988
10.708594
10.728067
10.747773
10.767771
10.787327
10.806831
10.826645
10.846309
10.866256
10.886219
10.906091
10.926224
10.946226
10.966279
10.986420
11.006645
11.026878
11.047077
11.067209
11.087623
11.107889
11.128123
11.148808
11.168939
11.189248
11.209901
11.230633
11.251412
11.272087
11.292845
11.313451
11.334345
11.355518
11.376194
11.397108
11.418203
11.439151
11.460376
11.481310
11.502540
11.523534
11.545072
11.566595
11.587439
11.608809
11.630339
11.652003
11.673596
11.695127
11.717164
11.738756
11.760824
11.782642
11.804338
11.826221
11.847922
11.870017
11.891605
11.913502
11.935631
11.957441
11.979304
12.001275
12.022743
12.044855
12.067511
12.089789
12.112413
12.134954
12.157566
12.179829
12.202294
12.225217
12.247553
12.270409
12.292972
12.315553
12.338067
12.361001
12.384021
12.407101
12.430192
12.453123
12.475992
12.499118
12.522635
12.546121
12.569413
12.592963
12.616241
12.639695
12.663110
12.686362
12.710023
12.733662
12.757702
12.781497
12.805243
12.828627
12.852306
12.876320
12.900647
12.924979
12.948984
12.973175
12.997410
13.021942
13.046338
13.070903
13.095159
13.119500
13.143580
13.168409
13.193129
13.217473
13.242333
13.267055
13.291215
13.315665
13.340344
13.365087
13.390375
13.414925
13.439969
13.465073
13.490368
13.515723
13.541082
13.565980
13.591085
13.616210
13.641822
13.666918
13.692387
13.718147
13.743652
13.769217
13.795194
13.821436
13.846938
13.872759
13.898752
13.924786
13.950473
13.976593
14.003590
14.029823
14.056420
14.082883
14.109467
14.135826
14.162747
14.188971
14.215514
14.241854
14.268686
14.295878
14.322722
14.349762
14.376476
14.403619
14.431026
14.457695
14.484903
14.512557
14.539514
14.567179
14.594145
14.621796
14.649141
14.677038
14.704747
14.732345
14.759601
14.787648
14.815595
14.843741
14.871618
14.899338
14.927245
14.955489
14.983652
15.011698
15.039687
15.068341
15.097188
15.125418
15.154083
15.182901
15.211764
15.239754
15.268715
15.297209
15.326028
15.354912
15.384311
15.413250
15.442151
15.471095
15.500548
15.529538
15.558414
15.587192
15.616403
15.646004
15.675453
15.704912
15.734341
15.764164
15.793981
15.823315
15.853465
15.883876
15.913264
15.942866
15.973099
16.003008
16.033673
16.063902
16.093895
16.124447
16.155181
16.185352
16.215538
16.245983
16.276685
16.306832
16.337865
16.368917
16.400282
16.431490
16.462942
16.494151
16.525216
16.556184
16.587650
16.619352
16.651031
16.683047
16.714391
16.746064
16.777939
16.809731
16.841855
16.873803
16.905681
16.937739
16.970509
17.003197
17.035782
17.068279
17.100633
17.133064
17.165700
17.198126
17.230684
17.263448
17.296021
17.329054
17.362210
17.395156
17.427921
17.460898
17.494217
17.528177
17.561700
17.594642
17.627624
17.661147
17.695242
17.728667
17.762815
17.796365
17.830385
17.864398
17.898111
17.932365
17.966169
18.000746
18.034274
18.068536
18.103068
18.137752
18.172560
18.207091
18.241911
18.276593
18.310788
18.345422
18.380886
18.416539
18.451237
18.486485
18.521995
18.557589
18.592374
18.627161
18.662394
18.698081
18.733411
18.769516
18.805776
18.841598
18.877471
18.913686
18.949863
18.986197
19.022982
19.059717
19.095669
19.131935
19.168805
19.205317
19.242075
19.278422
19.315698
19.352022
19.389812
19.426621
19.463184
19.499991
19.537986
19.575302
19.612792
19.650209
19.687835
19.725475
19.762603
19.800257
19.837325
19.875377
19.913517
19.951281
19.989600
20.027920
20.066539
20.104757
20.142578
20.180959
20.219351
20.258374
20.296770
20.335458
20.374503
20.413689
20.452775
20.491809
20.531030
20.570420
20.610070
20.649725
20.689408
20.728263
20.767751
20.807698
20.848135
20.887704
20.927395
20.966369
21.006536
21.047100
21.087435
21.128006
21.168567
21.208681
21.249022
21.289861
21.330771
21.371200
21.412260
21.453364
21.494994
21.536271
21.577149
21.617752
21.660040
21.700840
21.741713
21.783275
21.826595
21.867748
21.909491
21.951384
21.993165
22.034944
22.077521
22.120518
22.162539
22.205963
22.249080
22.291685
22.333885
22.376411
22.419370
22.462140
22.505214
22.548623
22.593058
22.636676
22.679737
22.722897
22.766147
22.808858
22.852784
22.897621
22.941582
22.984985
23.029515
23.073436
23.117965
23.161781
23.205900
23.249734
23.294347
23.337989
23.382903
23.427267
23.472410
23.516978
23.561948
23.607942
23.653200
23.698461
23.743288
23.788998
23.835816
23.881631
23.927435
23.973645
24.019213
24.064618
24.110707
24.156072
24.202452
24.248967
24.295633
24.342377
24.388629
24.434743
24.482376
24.528997
24.575937
24.622675
24.669660
24.717820
24.765385
24.812524
24.859951
24.907259
24.954360
25.002094
25.050371
25.097856
25.145554
25.193906
25.241930
25.289615
25.337748
25.385953
25.433985
25.481319
25.530151
25.578985
25.628474
25.677471
25.725965
25.774728
25.823858
25.872917
25.921812
25.971294
26.021765
26.072024
26.121621
26.172073
26.222155
26.272360
26.322003
26.372929
26.424447
26.474332
26.525414
26.575977
26.626949
26.677228
26.728095
26.780243
26.831169
26.881604
26.933160
26.984749
27.036082
27.087742
27.139419
27.191954
27.243877
27.295366
27.346787
27.399942
27.452630
27.505178
27.557678
27.611125
27.662925
27.716459
27.769573
27.823466
27.877056
27.930081
27.983815
28.037064
28.090647
28.144872
28.198450
28.252453
28.306669
28.360329
28.415034
28.469271
28.523390
28.577681
28.631107
28.685566
28.740448
28.795610
28.850263
28.905763
28.961540
29.017395
29.072904
29.128122
29.183629
29.237916
29.293225
29.349151
29.404705
29.461049
29.517433
29.573468
29.629466
29.685549
29.742394
29.800074
29.856777
29.913410
29.970349
30.028110
30.085837
30.143334
30.200462
30.257712
30.315162
30.372736
30.430684
30.488365
30.546473
30.603798
30.663140
30.720865
30.779369
30.838189
30.896317
30.956369
31.014752
31.074056
31.133331
31.193361
31.252892
31.311604
31.372134
31.431415
31.491172
31.550725
31.610685
31.669998
31.731034
31.791630
31.851971
31.912394
31.972086
32.032285
32.093409
32.154332
32.214958
32.275481
32.336741
32.397886
32.458581
32.520845
32.582362
32.643883
32.705673
32.767902
32.829396
32.891320
32.953987
33.016275
33.080130
33.142835
33.206723
33.268995
33.332460
33.396751
33.460473
33.524748
33.588951
33.654484
33.720462
33.784581
33.848695
33.913269
33.977630
34.041551
34.106748
34.170863
34.235922
34.301280
34.366480
34.431829
34.497927
34.561961
34.627203
34.692445
34.759005
34.823122
34.890210
34.955285
35.020800
35.086610
35.153500
35.220244
35.286492
35.353341
35.420116
35.487257
35.553011
35.619482
35.687899
35.756297
35.823707
35.893399
35.961222
36.028220
36.097231
36.165446
36.233799
36.303362
36.370770
36.438977
36.508231
36.576989
36.647386
36.717422
36.786522
36.854717
36.924837
36.993883
37.063274
37.133244
37.203814
37.274204
37.345178
37.415762
37.487422
37.559415
37.631081
37.700600
37.772237
37.842473
37.913985
37.986263
38.058541
38.131573
38.203469
38.275230
38.347094
38.419797
38.493104
38.564978
38.636728
38.708391
38.780627
38.854132
38.927877
39.001086
39.074714
39.149342
39.223906
39.296915
39.371159
39.446049
39.520883
39.594865
39.669424
39.744026
39.818206
39.894384
39.970016
40.043911
40.118187
40.193424
40.268449
40.344359
40.420895
40.495488
40.572378
40.647954
40.724724
40.800816
40.875802
40.953098
41.030288
41.106337
41.181490
41.259942
41.338255
41.415109
41.491628
41.570798
41.649111
41.727642
41.805866
41.884111
41.963267
42.042275
42.122019
42.200839
42.279847
42.358155
42.437722
42.517453
42.597230
42.676295
42.756065
42.835877
42.915801
42.996040
43.076504
43.157183
43.237848
43.317858
43.399752
43.479225
43.559817
43.640831
43.722978
43.805298
43.886791
43.969839
44.052309
44.134232
44.216535
44.300342
44.383653
44.467002
44.550566
44.633812
44.716952
44.800234
44.884491
44.967604
45.050173
45.133875
45.219700
45.303503
45.387407
45.472107
45.556043
45.640857
45.725387
45.809094
45.894703
45.978948
46.065046
46.151452
46.236966
46.323810
46.410369
46.497337
46.583444
46.668750
46.755479
46.842210
46.928528
47.014218
47.101201
47.186008
47.274077
47.361535
47.449065
47.537136
47.626335
47.716585
47.805028
47.892688
47.980790
48.069994
48.158711
48.249638
48.340082
48.429392
48.517560
48.608237
48.697219
48.788667
48.878749
48.969976
49.061542
49.152327
49.244354
49.337112
49.429351
49.520976
49.611458
49.702993
49.795593
49.887234
49.978953
50.071003
50.162030
50.254914
50.347541
50.439113
50.532503
50.626284
50.718144
50.809641
50.902309
50.996204
51.090666
51.184689
51.279310
51.373656
51.468931
51.563989
51.658602
51.754352
51.848580
51.945014
52.039791
52.136612
52.233939
52.329194
52.423841
52.519341
52.615933
52.712686
52.808863
52.905753
53.003239
53.100654
53.197801
53.295839
53.392956
53.490691
53.589122
53.686587
53.785581
53.882567
53.981798
54.082105
54.180959
54.280726
54.380763
54.481398
54.581369
54.682104
54.783041
54.884242
54.984792
55.085434
55.187358
55.289069
55.389929
55.491357
55.594103
55.693872
55.795938
55.898661
55.999241
56.102740
56.204697
56.308006
56.408944
56.512427
56.614425
56.719281
56.822487
56.925362
57.027562
57.132334
57.237013
57.342110
57.448215
57.552154
57.656305
57.761204
57.866381
57.972495
58.078712
58.184736
58.291322
58.396882
58.502935
58.607564
58.713623
58.819051
58.924762
59.031501
59.138094
59.246089
59.353351
59.461956
59.569561
59.679480
59.787918
59.896734
60.003957
60.112460
60.221790
60.330624
60.440029
60.551414
60.661208
60.771591
60.881644
60.993752
61.104175
61.214980
61.326270
61.439166
61.548429
61.659683
61.769889
61.881988
61.993666
62.102670
62.216672
62.328895
62.442985
62.555854
62.666828
62.779550
62.891451
63.003820
63.117795
63.230962
63.345266
63.460968
63.575866
63.691879
63.807505
63.922925
64.037978
64.152444
64.266504
64.381335
64.497246
64.612837
64.727412
64.842294
64.957040
65.076310
65.190486
65.307827
65.424972
65.541563
65.658378
65.774473
65.891136
66.011073
66.128512
66.248578
66.365757
66.485765
66.602839
66.723967
66.845368
66.964312
67.084385
67.204432
67.326108
67.447857
67.568374
67.688351
67.811295
67.930363
68.052514
68.172355
68.293617
68.414818
68.535290
68.657023
68.779047
68.899946
69.024667
69.147379
69.271257
69.394152
69.517287
69.641582
69.764900
69.889171
70.013470
70.137795
70.262466
70.386655
70.511948
70.637869
70.765002
70.888097
71.015712
71.143483
71.269171
71.395273
71.522242
71.648474
71.775521
71.906634
72.036066
72.164898
72.292120
72.420221
72.548941
72.678165
72.805177
72.935828
73.064572
73.192499
73.322928
73.452899
73.582938
73.712759
73.843891
73.976307
74.105919
74.237492
74.368746
74.500598
74.631805
74.765892
74.897404
75.030255
75.163087
75.294959
75.429222
75.563902
75.697911
75.834233
75.967488
76.098834
76.233670
76.368579
76.504817
76.640353
76.776030
76.909815
77.044174
77.181652
77.318948
77.454693
77.592065
77.726059
77.862066
77.997932
78.134253
78.272352
78.408671
78.544297
78.682080
78.820638
78.957339
79.096848
79.235488
79.375915
79.514483
79.653481
79.795110
79.934033
80.075210
80.214990
80.353949
80.496698
80.638467
80.778749
80.922263
81.065313
81.210437
81.352780
81.493530
81.638343
81.778731
81.921597
82.065143
82.207585
82.349795
82.492703
82.640044
82.783885
82.925992
83.070873
83.215140
83.359081
83.505199
83.649588
83.797252
83.941512
84.088070
84.234380
84.380489
84.527031
84.672636
84.820313
84.970547
85.118543
85.267305
85.417664
85.564961
85.712859
85.865048
86.012514
86.162359
86.312265
86.460887
86.611010
86.761574
86.910234
87.059734
87.210493
87.362462
87.512456
87.663288
87.811873
87.963503
88.115861
88.268832
88.422439
88.576515
88.729038
88.882486
89.033245
89.184798
89.339333
89.493697
89.645315
89.799114
89.953171
90.110103
90.266561
90.425098
90.582706
90.737819
90.894651
91.051221
91.205340
91.362964
91.522907
91.679837
91.839629
91.999791
92.155573
92.311761
92.472597
92.632215
92.791482
92.951608
93.110654
93.272911
93.435037
93.592713
93.755948
93.916340
94.076037
94.238634
94.398102
94.559978
94.723356
94.884291
95.045405
95.209460
95.372649
95.535732
95.702169
95.864865
96.026149
96.191838
96.354875
96.519575
96.685245
96.848444
97.016865
97.183970
97.351311
97.518715
97.684835
97.853472
98.019141
98.185224
98.353877
98.517266
98.687300
98.854084
99.021758
99.187924
99.357196
99.525602
99.694939
99.865835
100.03601
100.20697
100.37556
100.54974
100.71949
100.88786
101.06125
101.23080
101.40136
101.57472
101.74787
101.91876
102.09315
102.26729
102.44028
102.61348
102.78606
102.96020
103.12981
103.30288
103.47382
103.64898
103.82693
103.99808
104.17583
104.34943
104.52358
104.70203
104.87749
105.05708
105.23605
105.41469
105.59286
105.77253
105.95169
106.13299
106.31105
106.48945
106.66952
106.85049
107.02921
107.21025
107.39071
107.57020
107.75408
107.93870
108.12109
108.30283
108.48703
108.67146
108.85525
109.03809
109.22205
109.40492
109.58777
109.77179
109.95437
110.13762
110.32340
110.51034
110.69886
110.88826
111.07356
111.25932
111.44619
111.63437
111.82239
112.00636
112.19010
112.37953
112.57003
112.75908
112.94605
113.13479
113.32195
113.51182
113.70145
113.89050
114.08149
114.26970
114.46109
114.65161
114.84147
115.03388
115.22638
115.41861
115.61201
115.80468
115.99940
116.19191
116.38425
116.57989
116.77762
116.97204
117.16812
117.36316
117.55850
117.75264
117.94829
118.14550
118.33966
118.53595
118.73147
118.92977
119.12160
119.31774
119.51685
119.71572
119.91373
120.10926
120.30933
120.50728
120.70878
120.90806
121.10569
121.30489
121.50518
121.70955
121.91237
122.11447
122.31770
122.52129
122.71973
122.92103
123.12215
123.32341
123.52662
123.72997
123.93135
124.13963
124.34478
124.55403
124.75897
124.96815
125.17317
125.38150
125.59044
125.79658
126.00316
126.21226
126.41838
126.62332
126.83071
127.03633
127.24426
127.44839
127.65639
127.86504
128.07563
128.28227
128.49440
128.70623
128.91449
129.12857
129.34099
129.55378
129.76585
129.97635
130.18790
130.40583
130.61490
130.82836
131.04386
131.26057
131.47503
131.68974
131.90322
132.11817
132.33580
132.55210
132.76855
132.98493
133.20294
133.42824
133.64460
133.86216
134.07894
134.30033
134.52156
134.74391
134.96385
135.17895
135.39928
135.62237
135.83657
136.05874
136.28153
136.49918
136.72042
136.94873
137.17268
137.39737
137.62409
137.85082
138.07561
138.30289
138.52793
138.75230
138.98018
139.20609
139.43566
139.66130
139.89230
140.11570
140.34680
140.57346
140.80147
141.03191
141.26359
141.49023
141.72287
141.95295
142.18767
142.41863
142.64458
142.87429
143.10877
143.33810
143.57083
143.79934
144.03366
144.26599
144.49843
144.73274
144.96750
145.20477
145.44002
145.67703
145.91450
146.15058
146.38779
146.62043
146.85378
147.08725
147.32775
147.56565
147.80438
148.04408
148.28549
148.52537
148.76475
149.00066
149.24315
149.48423
149.72598
149.96734
150.21019
150.44908
150.69127
150.93513
151.17662
151.41961
151.66471
151.90730
152.14894
152.38874
152.63797
152.88386
153.13189
153.37783
153.62318
153.87096
154.12068
154.37327
154.62171
154.86810
155.11593
155.36499
155.61512
155.86131
156.11353
156.36197
156.60968
156.85670
157.11368
157.37090
157.62588
157.87858
158.13141
158.38732
158.64189
158.89675
159.15140
159.40646
159.66240
159.91806
160.17433
160.43470
160.69573
160.95318
161.21047
161.46685
161.72354
161.98509
162.24639
162.50378
162.76324
163.02548
163.28495
163.55030
163.81245
164.07406
164.33521
164.59338
164.85614
165.12089
165.38991
165.65295
165.91377
166.17511
166.44187
166.70890
166.97612
167.24444
167.50757
167.77535
168.03697
168.30388
168.57323
168.84102
169.10833
169.37533
169.64349
169.90758
170.17561
170.44293
170.71004
170.98494
171.26311
171.53481
171.81394
172.08369
172.35834
172.63331
172.91165
173.18244
173.45724
173.73075
174.00550
174.27665
174.55010
174.82848
175.11046
175.38695
175.66460
175.94107
176.22412
176.50247
176.77937
177.06368
177.34071
177.61657
177.89658
178.18364
178.46846
178.74769
179.03219
179.31556
179.59810
179.88588
180.16921
180.45277
180.73607
181.01751
181.30165
181.59188
181.88048
182.16634
182.45130
182.73832
183.02391
183.31498
183.60490
183.89277
184.18029
184.46477
184.75780
185.04732
185.34212
185.62975
185.92098
186.21340
186.50551
186.79974
187.08598
187.38630
187.68269
187.97943
188.27314
188.57004
188.86456
189.16440
189.45780
189.75421
190.05838
190.35630
190.65018
190.95212
191.24564
191.54444
191.84590
192.14301
192.44850
192.74965
193.04814
193.35328
193.65337
193.95489
194.25604
194.56472
194.87165
195.17849
195.48241
195.78860
196.09619
196.40234
196.70950
197.01519
197.32473
197.63520
197.94404
198.25309
198.56648
198.87657
199.18987
199.50118
199.81339
200.12778
200.43822
200.75344
201.07007
201.38576
201.69688
202.00817
202.32185
202.64316
202.96111
203.28223
203.59930
203.91338
204.22705
204.54084
204.85652
205.18145
205.50668
205.82566
206.14410
206.46465
206.78843
207.10937
207.43244
207.76178
208.08647
208.41258
208.74020
209.06299
209.38936
209.71832
210.04275
210.35969
210.68915
211.01525
211.34780
211.67727
212.01199
212.34035
212.66604
212.99573
213.32814
213.66399
214.00174
214.33785
214.66925
215.00182
215.34206
215.67440
216.00997
216.34721
216.68675
217.02045
217.36199
217.69754
218.03559
218.37434
218.71502
219.05439
219.38732
219.72374
220.06222
220.40452
220.74722
221.08888
221.42794
221.77679
222.11926
222.46402
222.81094
223.15215
223.49421
223.84144
224.18397
224.53736
224.88251
225.22430
225.57328
225.92366
226.27239
226.61599
226.96860
227.32061
227.67317
228.03021
228.38139
228.73889
229.09292
229.44121
229.79674
230.15380
230.50846
230.85882
231.22230
231.57848
231.93641
232.29418
232.66116
233.01355
233.37512
233.73448
234.09422
234.46114
234.82464
235.18715
235.54918
235.91448
236.28331
236.64635
237.01964
237.38875
237.75557
238.12101
238.49025
238.86105
239.23402
239.60350
239.96785
240.34278
240.71450
241.08502
241.46161
241.83290
242.20762
242.57575
242.94880
243.32028
243.69181
244.06144
244.43473
244.81534
245.19158
245.57617
245.95034
246.32900
246.71255
247.10053
247.48532
247.86611
248.25372
248.63528
249.01814
249.39711
249.77710
250.16361
250.55224
250.93766
251.32718
251.70719
252.09174
252.47919
252.87230
253.26725
253.65901
254.05086
254.43804
254.83401
255.22879
255.61720
256.00454
256.39949
256.79635
257.19071
257.58360
257.98000
258.37161
258.76317
259.16222
259.57321
259.97796
260.38374
260.79399
261.18578
261.58238
261.98250
262.37815
262.77963
263.18959
263.60381
264.00787
264.41364
264.81038
265.21350
265.62114
266.02829
266.42890
266.84154
267.25401
267.66633
268.08231
268.49336
268.91292
269.33022
269.74711
270.16570
270.57853
270.99544
271.41111
271.82840
272.25086
272.66275
273.08541
273.51253
273.93754
274.35620
274.77660
275.20398
275.62655
276.05486
276.48268
276.91128
277.32958
277.75264
278.17885
278.60791
279.03772
279.46894
279.89213
280.32236
280.74237
281.16545
281.59964
282.03345
282.46280
282.89540
283.33075
283.77076
284.20416
284.63616
285.07261
285.50652
285.94739
286.38064
286.82438
287.26390
287.70533
288.14711
288.59345
289.03545
289.47506
289.92380
290.37201
290.82195
291.26745
291.71493
292.16329
292.61322
293.06947
293.51721
293.96454
294.41809
294.87358
295.32764
295.78353
296.24163
296.69210
297.14238
297.59946
298.06060
298.52190
298.98365
299.43800
299.88962
300.34926
300.81920
301.28108
301.75283
302.21071
302.67753
303.14468
303.61606
304.07729
304.54877
305.02040
305.48618
305.96253
306.42693
306.90200
307.37206
307.84480
308.31480
308.79526
309.26427
309.74487
310.22020
310.70498
311.18253
311.66349
312.14012
312.61481
313.08463
313.55757
314.04542
314.52712
315.00202
315.49304
315.97519
316.46199
316.94558
317.43517
317.92501
318.41771
318.90927
319.39612
319.88692
320.38589
320.88300
321.37390
321.87193
322.36394
322.86972
323.37156
323.87145
324.36861
324.87159
325.37090
325.87212
326.37393
326.87639
327.38482
327.89316
328.39889
328.89737
329.40835
329.92080
330.43578
330.94314
331.46068
331.97301
332.49115
333.00479
333.52012
334.03662
334.55537
335.06849
335.58355
336.09408
336.62253
337.13956
337.65234
338.17471
338.70139
339.22019
339.75810
340.28961
340.81353
341.33286
341.86323
342.38994
342.91785
343.44353
343.99073
344.51073
345.04806
345.57661
346.10747
346.63911
347.18694
347.72707
348.25781
348.79954
349.34007
349.88236
350.42251
350.97111
351.52507
352.07427
352.62239
353.16738
353.71732
354.27360
354.82222
355.37413
355.92280
356.47785
357.03163
357.58714
358.14448
358.69835
359.25636
359.81205
360.36416
360.91572
361.47412
362.03012
362.58390
363.14488
363.71152
364.28419
364.84989
365.42121
365.99176
366.55138
367.11420
367.68094
368.25610
368.81649
369.40105
369.98261
370.56763
371.14187
371.71977
372.29894
372.88053
373.46394
374.05660
374.64092
375.21734
375.80109
376.37846
376.96284
377.54697
378.13939
378.73614
379.31213
379.90689
380.49785
381.09700
381.68108
382.28915
382.88917
383.48186
384.07957
384.68591
385.29373
385.89614
386.49890
387.10277
387.70339
388.30900
388.91316
389.51746
390.13537
390.74534
391.34795
391.96201
392.57370
393.19528
393.81166
394.43042
395.04772
395.67065
396.28536
396.90574
397.53301
398.16346
398.78544
399.41602
400.03593
400.68205
401.30624
401.93549
402.55810
403.19300
403.83754
404.46925
405.10605
405.73574
406.36307
407.00075
407.63731
408.27640
408.91045
409.55424
410.20968
410.85920
411.50421
412.15447
412.79973
413.46034
414.11070
414.76585
415.41422
416.06846
416.72187
417.38891
418.05522
418.72169
419.37916
420.04756
420.71000
421.37509
422.04315
422.71722
423.38884
424.04738
424.72415
425.39292
426.06310
426.75436
427.44814
428.12260
428.79949
429.48545
430.16716
430.84500
431.53656
432.23353
432.92744
433.62240
434.30668
434.99511
435.68356
436.39250
437.08583
437.78117
438.47531
439.17305
439.86121
440.55961
441.27419
441.98500
442.69447
443.39694
444.10482
444.80616
445.51322
446.23475
446.94421
447.67137
448.39009
449.11138
449.83581
450.56000
451.28536
452.02140
452.74490
453.48215
454.21857
454.94943
455.68339
456.41944
457.14717
457.89163
458.62685
459.36647
460.09909
460.83907
461.58690
462.33859
463.09304
463.84158
464.59653
465.35188
466.09436
466.86631
467.63411
468.39908
469.16173
469.92499
470.68919
471.46184
472.22404
472.99595
473.76383
474.53600
475.31373
476.08286
476.86695
477.65133
478.43491
479.21421
480.00450
480.78481
481.57782
482.36631
483.16064
483.95249
484.74924
485.54244
486.33160
487.13443
487.93319
488.74975
489.55446
490.36653
491.18363
491.97799
492.78972
493.59897
494.42058
495.23397
496.04851
496.87426
497.69561
498.50440
499.34944
500.17854
501.01848
501.83404
502.66601
503.50549
504.35181
505.19042
506.03978
506.88420
507.73010
508.57796
509.41461
510.27162
511.11791
511.97667
512.84114
513.69346
514.54932
515.42649
516.30229
517.15707
518.02563
518.87672
519.72127
520.60291
521.48526
522.38142
523.25560
524.12743
525.02727
525.93427
526.83374
527.74008
528.63365
529.52502
530.42073
531.33277
532.24294
533.15157
534.07103
534.98586
535.89558
536.81107
537.73192
538.65413
539.59410
540.51919
541.46440
542.39671
543.33444
544.27337
545.21124
546.15702
547.10486
548.05045
548.99300
549.94111
550.89938
551.84909
552.82588
553.78583
554.75003
555.71900
556.68647
557.65596
558.64478
559.63534
560.61877
561.60942
562.61123
563.59583
564.59491
565.59865
566.60260
567.59354
568.60157
569.60794
570.63183
571.65231
572.67366
573.68566
574.71980
575.75098
576.79386
577.83048
578.85553
579.91060
580.94529
581.99194
583.03851
584.08955
585.14704
586.22622
587.31040
588.39062
589.46513
590.55821
591.63567
592.75678
593.83266
594.93720
596.06563
597.15885
598.28992
599.40809
600.53798
601.66954
602.79524
603.92986
605.06972
606.20672
607.33597
608.47512
609.63511
610.79771
611.98304
613.14323
614.32276
615.48021
616.64800
617.82926
619.01856
620.21568
621.42634
622.62903
623.82706
625.05059
626.28365
627.50437
628.74612
629.98576
631.22683
632.49740
633.74724
635.00738
636.28723
637.56265
638.84638
640.12690
641.42060
642.71839
644.03635
645.34273
646.67017
648.00303
649.36142
650.71105
652.06004
653.40611
654.77626
656.13278
657.50363
658.89874
660.28683
661.67278
663.08912
664.49666
665.91451
667.34503
668.79191
670.24520
671.67862
673.12125
674.59552
676.09512
677.56509
679.04503
680.57189
682.10170
683.62135
685.16503
686.70570
688.29002
689.88279
691.49857
693.10533
694.72949
696.32520
697.92308
699.56612
701.22395
702.91355
704.61708
706.27763
707.99230
709.71546
711.44010
713.17274
714.92046
716.68838
718.46564
720.28880
722.11091
723.93463
725.76436
727.61443
729.48609
731.40101
733.32046
735.24144
737.18975
739.14714
741.09207
743.08004
745.11009
747.16824
749.23783
751.35391
753.47446
755.63107
757.81221
760.00776
762.21129
764.41612
766.67505
768.97751
771.27535
773.62274
776.01028
778.39814
780.83935
783.32817
785.84632
788.38796
791.00056
793.64514
796.28994
798.99460
801.71550
804.46341
807.34734
810.19974
813.11961
816.10399
819.14962
822.22169
825.32561
828.51552
831.78450
835.13223
838.46217
841.96994
845.53672
849.23375
852.95207
856.75808
860.69655
864.74738
868.91681
873.12131
877.43601
881.96097
886.52204
891.26494
896.09211
901.11034
906.30927
911.68095
917.35778
923.24889
929.32069
935.58277
942.18191
949.12181
956.48894
964.32119
972.53439
981.39161
990.87256
1000.9868
1011.9103
1023.9665
1037.0509
1051.7145
1068.2550
1087.1036
1109.9083
1137.5532
1173.5686
1227.7438
1329.7363
