0.0026036970
0.0051959425
0.0078005327
0.010417718
0.013063190
0.015724212
0.018359461
0.020972585
0.023631384
0.026276020
0.028918158
0.031584491
0.034257381
0.036931690
0.039573701
0.042260195
0.044946401
0.047642846
0.050330332
0.053024771
0.055703857
0.058391125
0.061110067
0.063785495
0.066460073
0.069220582
0.071923283
0.074638574
0.077329975
0.080029662
0.082792172
0.085590797
0.088333549
0.091112134
0.093845656
0.096589814
0.099364131
0.10208011
0.10485000
0.10758546
0.11036498
0.11315092
0.11597683
0.11875291
0.12153010
0.12430233
0.12711638
0.12990372
0.13273817
0.13553420
0.13839970
0.14124010
0.14409330
0.14693847
0.14980568
0.15266191
0.15549723
0.15836588
0.16121121
0.16410487
0.16694616
0.16987144
0.17279751
0.17568787
0.17856761
0.18146426
0.18440663
0.18727805
0.19021078
0.19307191
0.19595555
0.19890504
0.20174650
0.20471053
0.20760800
0.21054024
0.21358921
0.21655627
0.21950245
0.22244691
0.22548638
0.22847336
0.23146416
0.23444589
0.23744926
0.24047629
0.24347396
0.24652214
0.24954317
0.25257409
0.25560367
0.25861830
0.26171274
0.26477235
0.26784896
0.27087380
0.27391862
0.27694392
0.28001413
0.28306478
0.28612223
0.28921703
0.29231183
0.29544786
0.29856830
0.30166654
0.30470652
0.30785296
0.31095617
0.31408549
0.31721826
0.32034206
0.32348500
0.32663125
0.32972453
0.33291366
0.33608129
0.33921915
0.34243064
0.34562151
0.34879807
0.35196634
0.35513072
0.35831148
0.36149891
0.36470725
0.36792234
0.37109136
0.37434981
0.37759850
0.38080656
0.38411620
0.38733114
0.39054024
0.39383845
0.39711513
0.40044234
0.40369431
0.40695073
0.41026039
0.41356301
0.41691075
0.42021411
0.42348702
0.42677563
0.43011177
0.43345144
0.43681491
0.44014468
0.44348076
0.44681420
0.45015368
0.45352600
0.45689628
0.46031513
0.46372077
0.46708999
0.47045428
0.47388698
0.47727717
0.48069017
0.48416709
0.48761346
0.49106095
0.49452017
0.49793643
0.50138822
0.50487953
0.50834442
0.51180988
0.51524580
0.51869386
0.52216959
0.52564758
0.52917259
0.53277141
0.53627073
0.53991699
0.54342525
0.54697416
0.55052022
0.55405847
0.55760697
0.56115270
0.56478437
0.56839565
0.57205621
0.57572218
0.57931855
0.58294460
0.58654599
0.59012546
0.59374812
0.59740117
0.60107381
0.60473545
0.60836940
0.61206359
0.61573106
0.61940613
0.62313386
0.62688301
0.63064163
0.63433804
0.63807493
0.64174015
0.64552706
0.64928668
0.65297330
0.65675482
0.66051285
0.66433516
0.66812405
0.67189962
0.67563058
0.67950199
0.68333582
0.68719604
0.69102098
0.69484771
0.69870103
0.70254632
0.70645354
0.71029010
0.71423171
0.71815587
0.72210644
0.72606087
0.72997941
0.73393391
0.73779470
0.74171851
0.74565918
0.74958187
0.75355548
0.75756005
0.76157860
0.76560583
0.76952117
0.77343577
0.77749291
0.78149662
0.78561331
0.78972830
0.79380613
0.79787048
0.80195123
0.80604707
0.81018192
0.81427265
0.81836525
0.82250212
0.82656727
0.83075284
0.83488610
0.83906534
0.84330837
0.84751750
0.85170569
0.85591168
0.86007058
0.86425577
0.86845492
0.87271956
0.87696637
0.88124419
0.88557685
0.88991712
0.89419424
0.89849775
0.90284204
0.90715492
0.91146577
0.91579781
0.92017571
0.92452188
0.92890418
0.93318743
0.93759102
0.94193018
0.94631521
0.95078015
0.95529904
0.95986680
0.96435305
0.96882847
0.97333632
0.97780085
0.98231068
0.98682418
0.99126925
0.99583649
1.0003870
1.0048580
1.0094604
1.0140374
1.0186442
1.0232836
1.0278942
1.0326105
1.0371937
1.0419003
1.0466605
1.0514018
1.0561237
1.0608206
1.0655203
1.0702183
1.0749005
1.0796618
1.0844182
1.0891269
1.0938774
1.0987014
1.1035106
1.1083870
1.1131750
1.1180065
1.1228355
1.1277140
1.1324533
1.1374435
1.1423315
1.1472215
1.1522515
1.1571604
1.1620862
1.1669822
1.1719126
1.1768590
1.1817996
1.1868198
1.1917993
1.1967681
1.2017878
1.2067801
1.2118253
1.2169535
1.2221005
1.2271966
1.2323766
1.2375580
1.2427691
1.2479534
1.2531836
1.2583578
1.2636030
1.2688901
1.2741808
1.2794794
1.2848608
1.2901436
1.2954256
1.3008366
1.3061509
1.3114704
1.3167773
1.3221213
1.3275938
1.3329607
1.3383795
1.3438271
1.3492872
1.3547864
1.3602031
1.3657881
1.3714335
1.3768991
1.3824954
1.3881012
1.3937734
1.3993727
1.4049809
1.4105434
1.4160867
1.4217088
1.4273523
1.4329506
1.4386870
1.4444405
1.4501821
1.4559770
1.4616881
1.4674895
1.4732833
1.4791630
1.4849659
1.4908325
1.4966875
1.5025454
1.5085118
1.5144220
1.5204304
1.5263748
1.5324204
1.5383860
1.5444433
1.5504859
1.5565144
1.5626020
1.5687336
1.5748096
1.5810798
1.5872746
1.5935360
1.5996952
1.6059195
1.6121878
1.6184709
1.6247335
1.6309978
1.6372334
1.6434815
1.6498574
1.6562631
1.6627366
1.6693112
1.6757456
1.6821691
1.6886269
1.6950918
1.7015774
1.7079878
1.7145431
1.7212029
1.7277761
1.7345361
1.7410979
1.7477968
1.7544864
1.7612803
1.7679652
1.7745836
1.7813447
1.7881073
1.7948559
1.8017403
1.8086008
1.8155100
1.8224837
1.8293352
1.8363753
1.8433087
1.8503861
1.8573431
1.8644917
1.8714708
1.8786872
1.8857723
1.8928888
1.9000923
1.9074063
1.9144678
1.9217089
1.9289067
1.9363341
1.9435462
1.9509007
1.9582413
1.9657773
1.9732835
1.9807666
1.9883244
1.9958070
2.0034676
2.0111104
2.0186959
2.0263019
2.0339779
2.0417552
2.0494984
2.0572762
2.0651108
2.0730573
2.0809230
2.0888054
2.0967724
2.1047524
2.1127259
2.1208793
2.1288717
2.1369272
2.1449268
2.1529972
2.1611920
2.1693813
2.1776003
2.1858712
2.1940674
2.2023385
2.2106158
2.2190441
2.2274914
2.2359389
2.2443285
2.2527085
2.2613615
2.2698934
2.2787882
2.2874489
2.2962492
2.3050700
2.3138443
2.3226020
2.3314681
2.3403887
2.3493716
2.3583902
2.3674440
2.3764329
2.3854935
2.3946851
2.4036729
2.4129874
2.4222995
2.4316363
2.4411164
2.4504779
2.4599568
2.4694137
2.4788402
2.4885281
2.4981122
2.5079027
2.5178019
2.5274818
2.5371917
2.5469189
2.5567782
2.5667777
2.5767031
2.5866569
2.5967095
2.6068823
2.6170095
2.6272520
2.6375197
2.6478971
2.6581931
2.6686131
2.6791944
2.6896723
2.7004101
2.7109824
2.7217739
2.7325325
2.7433223
2.7542508
2.7652350
2.7762226
2.7871136
2.7983287
2.8094095
2.8205770
2.8318088
2.8430586
2.8545175
2.8660010
2.8776662
2.8893236
2.9009538
2.9124916
2.9243524
2.9362659
2.9482499
2.9603347
2.9724930
2.9845018
2.9967329
3.0089788
3.0212512
3.0337009
3.0460774
3.0585804
3.0712070
3.0837961
3.0963893
3.1091363
3.1222190
3.1351615
3.1483871
3.1614620
3.1748143
3.1882359
3.2016217
3.2150672
3.2286983
3.2424099
3.2559561
3.2696317
3.2833045
3.2972840
3.3113373
3.3252631
3.3394429
3.3540293
3.3684135
3.3830928
3.3977249
3.4124212
3.4270121
3.4420217
3.4571856
3.4724031
3.4877367
3.5032532
3.5187286
3.5344638
3.5499358
3.5657871
3.5817781
3.5978315
3.6143863
3.6307918
3.6471520
3.6636550
3.6807828
3.6977739
3.7148023
3.7319514
3.7490773
3.7667148
3.7845403
3.8023640
3.8204008
3.8382578
3.8565740
3.8745262
3.8933483
3.9121547
3.9311090
3.9496022
3.9689703
3.9884966
4.0081081
4.0279000
4.0479687
4.0682291
4.0883236
4.1085192
4.1291856
4.1504860
4.1713020
4.1929604
4.2143552
4.2369352
4.2585480
4.2810913
4.3039708
4.3267151
4.3499201
4.3731419
4.3969927
4.4204374
4.4449146
4.4691717
4.4940155
4.5189555
4.5437864
4.5691541
4.5951409
4.6215105
4.6484958
4.6752882
4.7017309
4.7298295
4.7576407
4.7860565
4.8150592
4.8443981
4.8740507
4.9038488
4.9344973
4.9655749
4.9963626
5.0281866
5.0595119
5.0923158
5.1253818
5.1593157
5.1945266
5.2294980
5.2646295
5.3005404
5.3373408
5.3743834
5.4120839
5.4501578
5.4907762
5.5303576
5.5715006
5.6126837
5.6545122
5.6975838
5.7411316
5.7855335
5.8305917
5.8772336
5.9243273
5.9720934
6.0193167
6.0694026
6.1191119
6.1712299
6.2231359
6.2769766
6.3311052
6.3882840
6.4448104
6.5035247
6.5631295
6.6249006
6.6876822
6.7525118
6.8192904
6.8862464
6.9549892
7.0256306
7.0977984
7.1731702
7.2462549
7.3220851
7.4028116
7.4832368
7.5630648
7.6492468
7.7360155
7.8273310
7.9167772
8.0078055
8.1019718
8.2003031
8.2981769
8.4001265
8.5035619
8.6128101
8.7210004
8.8365458
8.9495624
9.0677113
9.1909163
9.3180487
9.4509275
9.5821491
9.7161066
9.8561356
10.002045
10.149744
10.296603
10.449326
10.607224
10.770832
10.933874
11.104495
11.279954
11.460706
11.645735
11.838382
12.034115
12.236871
12.442359
12.658350
12.873387
13.106729
13.342387
13.578698
13.820178
14.070074
14.330111
14.592602
14.867477
15.151901
15.435946
15.729125
16.038515
16.350478
16.682624
17.010771
17.354189
17.714069
18.078669
18.449588
18.835855
19.232972
19.633075
20.050774
20.488130
20.936678
21.417449
21.892757
22.384271
22.892639
23.395853
23.928565
24.473090
25.034110
25.607805
26.200453
26.830790
27.470166
28.127344
28.793964
29.489130
30.183725
30.924154
31.670151
32.443886
33.264409
34.069852
34.925125
35.792790
36.711856
37.634704
38.586227
39.558244
40.556256
41.565374
42.649137
43.798086
44.960101
46.158179
47.368307
48.614539
49.922246
51.271580
52.686488
54.116896
55.593542
57.113378
58.674872
60.293800
62.015470
63.776030
65.573867
67.442000
69.330512
71.295964
73.300783
75.360942
77.515042
79.714342
81.992680
84.328559
86.674158
89.140967
91.744468
94.362611
97.112612
99.864865
102.73358
105.65361
108.67926
111.90330
115.19323
118.60012
122.07778
125.56005
129.16894
132.81156
136.60217
140.37239
144.36136
148.54543
152.67797
156.86048
161.25471
165.66291
170.11588
174.67059
179.28723
183.94945
188.63233
193.52819
198.59600
203.53972
208.62433
213.93044
219.09946
224.55853
230.12873
235.57063
240.84744
246.09904
251.48006
256.94486
262.45875
268.07857
273.78435
279.74351
285.83541
291.86777
297.90985
304.04689
310.18374
316.28668
322.48561
328.83406
335.33571
341.71741
348.19077
354.73512
361.36147
367.95608
374.75425
381.46026
388.50190
395.43841
402.77633
409.95726
417.22970
424.58720
431.89017
439.01473
446.38881
454.00992
461.89664
469.56992
477.16644
484.88849
492.38256
500.14718
508.15637
516.09653
524.44981
532.72214
540.90274
549.14454
557.19678
565.46682
573.80758
582.05082
590.72150
599.02404
607.28326
615.65199
624.56374
633.96242
643.53961
652.91586
661.71591
670.51626
679.40051
688.65172
698.00151
707.23330
717.30696
727.81353
738.43820
748.63428
758.73621
768.53076
778.20495
787.98784
798.00771
807.97050
818.51361
828.44524
838.25068
848.80788
859.54589
870.62141
881.22369
892.24664
903.12244
915.23989
927.96433
940.22909
953.04738
965.50412
979.12604
992.99932
1006.9859
1020.3349
1034.1390
1049.5037
1065.7405
1081.3415
1096.5254
1113.6460
1130.1011
1149.5072
1168.0514
1187.3816
1207.5853
1228.3350
1251.0901
1276.6028
1303.9223
1332.1781
1361.5780
1393.4705
1427.5880
1465.1397
1504.4996
1551.9336
1607.7667
1684.0306
1774.5334
1917.8013
2174.1699
