0.031112854
0.039621343
0.045366494
0.049987517
0.053854659
0.057198638
0.060206950
0.062947241
0.065543089
0.067947662
0.070207098
0.072352527
0.074379557
0.076304682
0.078206317
0.080001576
0.081722317
0.083382798
0.085017589
0.086595444
0.088120199
0.089636634
0.091127862
0.092582190
0.093990091
0.095372751
0.096759831
0.098091620
0.099377079
0.10066959
0.10195587
0.10320079
0.10441934
0.10562250
0.10680632
0.10796675
0.10911535
0.11026608
0.11139678
0.11250156
0.11361039
0.11468140
0.11576513
0.11682553
0.11787207
0.11890409
0.11992271
0.12093939
0.12195391
0.12294234
0.12391968
0.12489625
0.12587907
0.12684486
0.12780430
0.12874490
0.12967321
0.13059812
0.13151821
0.13243805
0.13336767
0.13427232
0.13517161
0.13606498
0.13694730
0.13782700
0.13871073
0.13959831
0.14045457
0.14131787
0.14217915
0.14303576
0.14388322
0.14472037
0.14554126
0.14636930
0.14721013
0.14802737
0.14885343
0.14966336
0.15047240
0.15127618
0.15207861
0.15287839
0.15367229
0.15445838
0.15523872
0.15601120
0.15678272
0.15754969
0.15832107
0.15909389
0.15985623
0.16061512
0.16136817
0.16212694
0.16286943
0.16361510
0.16435420
0.16509409
0.16582567
0.16655813
0.16728573
0.16802119
0.16876105
0.16949171
0.17021894
0.17095135
0.17167240
0.17237282
0.17308380
0.17380622
0.17450503
0.17520748
0.17590359
0.17660421
0.17730281
0.17799521
0.17869213
0.17938640
0.18007675
0.18075266
0.18143899
0.18211771
0.18279610
0.18347668
0.18413895
0.18482667
0.18551041
0.18617970
0.18685068
0.18751887
0.18818326
0.18885466
0.18951966
0.19017717
0.19083483
0.19149460
0.19215255
0.19281389
0.19346332
0.19410887
0.19476042
0.19540170
0.19605474
0.19669661
0.19734473
0.19799073
0.19863603
0.19927728
0.19992289
0.20056968
0.20120400
0.20183900
0.20247529
0.20312344
0.20375111
0.20438876
0.20502809
0.20564632
0.20627180
0.20689359
0.20751870
0.20813810
0.20876496
0.20938113
0.21000363
0.21062395
0.21124982
0.21188510
0.21249623
0.21310957
0.21372128
0.21434313
0.21496324
0.21557630
0.21617671
0.21679418
0.21740199
0.21800386
0.21862092
0.21921402
0.21981825
0.22041689
0.22101498
0.22162111
0.22222286
0.22281605
0.22341811
0.22400849
0.22459178
0.22518874
0.22578857
0.22637315
0.22697092
0.22756472
0.22815146
0.22874027
0.22933695
0.22992590
0.23051651
0.23109775
0.23168860
0.23226322
0.23285254
0.23343059
0.23400673
0.23458921
0.23516201
0.23573413
0.23630483
0.23687990
0.23745794
0.23803700
0.23860960
0.23918467
0.23975432
0.24033420
0.24089782
0.24148169
0.24205554
0.24263462
0.24320255
0.24376984
0.24433138
0.24491210
0.24548199
0.24604775
0.24661840
0.24719040
0.24776549
0.24833320
0.24889464
0.24946827
0.25003890
0.25060046
0.25116212
0.25172854
0.25228387
0.25284935
0.25342217
0.25397980
0.25454911
0.25511096
0.25566584
0.25622579
0.25678805
0.25733370
0.25788878
0.25844828
0.25899860
0.25955263
0.26010289
0.26065985
0.26121451
0.26176397
0.26231068
0.26287515
0.26341682
0.26396484
0.26451520
0.26506149
0.26560890
0.26615377
0.26671410
0.26725714
0.26780689
0.26835069
0.26890427
0.26944755
0.26998810
0.27053881
0.27107950
0.27163462
0.27217560
0.27271544
0.27325732
0.27380758
0.27434976
0.27489305
0.27543493
0.27598570
0.27652890
0.27707189
0.27761922
0.27816994
0.27871199
0.27924584
0.27978631
0.28032163
0.28085947
0.28139790
0.28194237
0.28247343
0.28301298
0.28354790
0.28408772
0.28463252
0.28517399
0.28571495
0.28624697
0.28678012
0.28731234
0.28784695
0.28838205
0.28891070
0.28945006
0.28998473
0.29052106
0.29104462
0.29158326
0.29211393
0.29264773
0.29318168
0.29371642
0.29423844
0.29476098
0.29529838
0.29582249
0.29635266
0.29688313
0.29742113
0.29795154
0.29847778
0.29900574
0.29954323
0.30007118
0.30061200
0.30113975
0.30167854
0.30219983
0.30272463
0.30324827
0.30377044
0.30430845
0.30483756
0.30536712
0.30589834
0.30642427
0.30695122
0.30747729
0.30799461
0.30852113
0.30903904
0.30956472
0.31008797
0.31062341
0.31114741
0.31167715
0.31219394
0.31272437
0.31325889
0.31378339
0.31429837
0.31483030
0.31534862
0.31586917
0.31639199
0.31691713
0.31743593
0.31796150
0.31848461
0.31901286
0.31954973
0.32006984
0.32059441
0.32111589
0.32163291
0.32215071
0.32267156
0.32319694
0.32371048
0.32423793
0.32475164
0.32527707
0.32580212
0.32633089
0.32685907
0.32737786
0.32789470
0.32841734
0.32893944
0.32945808
0.32997180
0.33050172
0.33102273
0.33154798
0.33206703
0.33257769
0.33309767
0.33361433
0.33412365
0.33464319
0.33516136
0.33568281
0.33619795
0.33671417
0.33723469
0.33775515
0.33827950
0.33879812
0.33932250
0.33983994
0.34035533
0.34087140
0.34138776
0.34191169
0.34243256
0.34295157
0.34347882
0.34400421
0.34452232
0.34504602
0.34555691
0.34606786
0.34658218
0.34709858
0.34761128
0.34813321
0.34865336
0.34916946
0.34968155
0.35019876
0.35071304
0.35123723
0.35176993
0.35229671
0.35280796
0.35331875
0.35384607
0.35435369
0.35487466
0.35538669
0.35590860
0.35642143
0.35692554
0.35744212
0.35796810
0.35848226
0.35899813
0.35951161
0.36002524
0.36053911
0.36105908
0.36157004
0.36209000
0.36260321
0.36311560
0.36363031
0.36414591
0.36466307
0.36518243
0.36570032
0.36622011
0.36673778
0.36725607
0.36777857
0.36829400
0.36881737
0.36933252
0.36985446
0.37037488
0.37088725
0.37140588
0.37192332
0.37244356
0.37296133
0.37348549
0.37400020
0.37452129
0.37503637
0.37555615
0.37606905
0.37658133
0.37708518
0.37759768
0.37811874
0.37862028
0.37914153
0.37964852
0.38016816
0.38068936
0.38121262
0.38172285
0.38223192
0.38275034
0.38326597
0.38378428
0.38428953
0.38481054
0.38533071
0.38583686
0.38635557
0.38686946
0.38738135
0.38789391
0.38840379
0.38891267
0.38942745
0.38994349
0.39045067
0.39097621
0.39149797
0.39201542
0.39253201
0.39304591
0.39356850
0.39408134
0.39459681
0.39511630
0.39563324
0.39615025
0.39667913
0.39719647
0.39771354
0.39823113
0.39875395
0.39926574
0.39977556
0.40028838
0.40080508
0.40130791
0.40182466
0.40235242
0.40286487
0.40338861
0.40391091
0.40443853
0.40495540
0.40546638
0.40599037
0.40650194
0.40702077
0.40753812
0.40805450
0.40856813
0.40908991
0.40961042
0.41012470
0.41063648
0.41116329
0.41168032
0.41220318
0.41272499
0.41324902
0.41376488
0.41428275
0.41481580
0.41532985
0.41585960
0.41637471
0.41689816
0.41740916
0.41792961
0.41845402
0.41897808
0.41949681
0.42001533
0.42053349
0.42106039
0.42158640
0.42210168
0.42261973
0.42313486
0.42366111
0.42418021
0.42469513
0.42520287
0.42573326
0.42626486
0.42678625
0.42730875
0.42783023
0.42835333
0.42887245
0.42940016
0.42992014
0.43044254
0.43096448
0.43147168
0.43199256
0.43251798
0.43304547
0.43356081
0.43408384
0.43461545
0.43514353
0.43566703
0.43619503
0.43672391
0.43725341
0.43777991
0.43830665
0.43883285
0.43935188
0.43988655
0.44040716
0.44094248
0.44145974
0.44198496
0.44251322
0.44303876
0.44356920
0.44408636
0.44460286
0.44512867
0.44566182
0.44619433
0.44671663
0.44724972
0.44777482
0.44830249
0.44883101
0.44936117
0.44989225
0.45041798
0.45093725
0.45146723
0.45200561
0.45254118
0.45307253
0.45359639
0.45413159
0.45465745
0.45518205
0.45571811
0.45624590
0.45677197
0.45730326
0.45783517
0.45837051
0.45890093
0.45944286
0.45997878
0.46052739
0.46106570
0.46159772
0.46213389
0.46267725
0.46320432
0.46373575
0.46426346
0.46478412
0.46531512
0.46584838
0.46639280
0.46693266
0.46747388
0.46801004
0.46853548
0.46906735
0.46960554
0.47013097
0.47065489
0.47118131
0.47170857
0.47223891
0.47277504
0.47331694
0.47385067
0.47439098
0.47493760
0.47547247
0.47600433
0.47653567
0.47707118
0.47759894
0.47813385
0.47867001
0.47920869
0.47974773
0.48028389
0.48082380
0.48136641
0.48190071
0.48243473
0.48296921
0.48351339
0.48405218
0.48459611
0.48514375
0.48568750
0.48623249
0.48676658
0.48730390
0.48784272
0.48838500
0.48893623
0.48947174
0.49001224
0.49054748
0.49108695
0.49163410
0.49217503
0.49271272
0.49325808
0.49379793
0.49434483
0.49488054
0.49542683
0.49597203
0.49652035
0.49706377
0.49760362
0.49814108
0.49868730
0.49922825
0.49978144
0.50032758
0.50087446
0.50142103
0.50197009
0.50252710
0.50307111
0.50361344
0.50417107
0.50471408
0.50525923
0.50581425
0.50636862
0.50691665
0.50746523
0.50801759
0.50856896
0.50912046
0.50967703
0.51023370
0.51078762
0.51133034
0.51187708
0.51243188
0.51297864
0.51354163
0.51409004
0.51464336
0.51519717
0.51574883
0.51630874
0.51686563
0.51742199
0.51797863
0.51854018
0.51910088
0.51965760
0.52020229
0.52075386
0.52130877
0.52186357
0.52241846
0.52297237
0.52352918
0.52408135
0.52463605
0.52519759
0.52576035
0.52632779
0.52688713
0.52744515
0.52800172
0.52856159
0.52913188
0.52969400
0.53024931
0.53080712
0.53136815
0.53192697
0.53248755
0.53305343
0.53361118
0.53417438
0.53474357
0.53529972
0.53585432
0.53641849
0.53699232
0.53755661
0.53811421
0.53868440
0.53925117
0.53981189
0.54037823
0.54094356
0.54150782
0.54207509
0.54264470
0.54322211
0.54378705
0.54435142
0.54491988
0.54549887
0.54606573
0.54663064
0.54719177
0.54776865
0.54833886
0.54891067
0.54948895
0.55005695
0.55063370
0.55120505
0.55177549
0.55234357
0.55291248
0.55347194
0.55405082
0.55461450
0.55519063
0.55575839
0.55633106
0.55690122
0.55747717
0.55804388
0.55861499
0.55918355
0.55976389
0.56034107
0.56091425
0.56148327
0.56205381
0.56262908
0.56320623
0.56377912
0.56436406
0.56494428
0.56552593
0.56610679
0.56668685
0.56727718
0.56785201
0.56843043
0.56900992
0.56959554
0.57018870
0.57076806
0.57134556
0.57193106
0.57252272
0.57309483
0.57368450
0.57427050
0.57484723
0.57543796
0.57601878
0.57660370
0.57717800
0.57776695
0.57835234
0.57893405
0.57951953
0.58011393
0.58070426
0.58128799
0.58187946
0.58245217
0.58303640
0.58361700
0.58420582
0.58479829
0.58539522
0.58598270
0.58657019
0.58716873
0.58775262
0.58835056
0.58895149
0.58953296
0.59013059
0.59071956
0.59131375
0.59191216
0.59250690
0.59310117
0.59369772
0.59428559
0.59488249
0.59548056
0.59608241
0.59667165
0.59726399
0.59785891
0.59845866
0.59905854
0.59966192
0.60025094
0.60085160
0.60146105
0.60207009
0.60267350
0.60328082
0.60388050
0.60449640
0.60509781
0.60569814
0.60631227
0.60692206
0.60753370
0.60813832
0.60873947
0.60934282
0.60995254
0.61056278
0.61117631
0.61178350
0.61239471
0.61299623
0.61359828
0.61420150
0.61481050
0.61542322
0.61604244
0.61665234
0.61726124
0.61788014
0.61848916
0.61910579
0.61971885
0.62032155
0.62093856
0.62154384
0.62215917
0.62277248
0.62338823
0.62400225
0.62462266
0.62524059
0.62585966
0.62647898
0.62709392
0.62772827
0.62833657
0.62895919
0.62958013
0.63021315
0.63083415
0.63145700
0.63207558
0.63269585
0.63332440
0.63395529
0.63457145
0.63519723
0.63582176
0.63645512
0.63709030
0.63771168
0.63834566
0.63898220
0.63961318
0.64023873
0.64088044
0.64150828
0.64214760
0.64279276
0.64344087
0.64407961
0.64471273
0.64534323
0.64597680
0.64662734
0.64725819
0.64788841
0.64851903
0.64914174
0.64977130
0.65040801
0.65104661
0.65168266
0.65232581
0.65296354
0.65360398
0.65424228
0.65488215
0.65552326
0.65617412
0.65681287
0.65746136
0.65810916
0.65874824
0.65940018
0.66004458
0.66069568
0.66134512
0.66199428
0.66263925
0.66328648
0.66393251
0.66458836
0.66523445
0.66587961
0.66653056
0.66717527
0.66781488
0.66846469
0.66911381
0.66978148
0.67043135
0.67108335
0.67174081
0.67239852
0.67305880
0.67371101
0.67436948
0.67502436
0.67568407
0.67635013
0.67700954
0.67767237
0.67833771
0.67898936
0.67964674
0.68030883
0.68096086
0.68162309
0.68228452
0.68294649
0.68360209
0.68426728
0.68492953
0.68560296
0.68626694
0.68693424
0.68762121
0.68828512
0.68895710
0.68962524
0.69028597
0.69095372
0.69163224
0.69229847
0.69297400
0.69365182
0.69431899
0.69498989
0.69566637
0.69633357
0.69699445
0.69766624
0.69833400
0.69901233
0.69968902
0.70036095
0.70105049
0.70174053
0.70242003
0.70310831
0.70378892
0.70447130
0.70514893
0.70583978
0.70653317
0.70721801
0.70790382
0.70859149
0.70926871
0.70994184
0.71062107
0.71129980
0.71198568
0.71267058
0.71335397
0.71405076
0.71474120
0.71543573
0.71612704
0.71681075
0.71750909
0.71820530
0.71889800
0.71959354
0.72029567
0.72099312
0.72170297
0.72240542
0.72310728
0.72380654
0.72451128
0.72519860
0.72591074
0.72662254
0.72732347
0.72801842
0.72873717
0.72944024
0.73013189
0.73084148
0.73154592
0.73224789
0.73296148
0.73368183
0.73438478
0.73510184
0.73581845
0.73653311
0.73725689
0.73798249
0.73869213
0.73940505
0.74012631
0.74084114
0.74157330
0.74228980
0.74301817
0.74372303
0.74444647
0.74516853
0.74588504
0.74660992
0.74732837
0.74805732
0.74877275
0.74950508
0.75023383
0.75097117
0.75169930
0.75242512
0.75315103
0.75387870
0.75460012
0.75532543
0.75606845
0.75678710
0.75753330
0.75827274
0.75900745
0.75975886
0.76050644
0.76124836
0.76200044
0.76273753
0.76348090
0.76422318
0.76497095
0.76570585
0.76645637
0.76719291
0.76793863
0.76867213
0.76940582
0.77014335
0.77088370
0.77162709
0.77239311
0.77314454
0.77390098
0.77464913
0.77539940
0.77614382
0.77688915
0.77765611
0.77840775
0.77916079
0.77991345
0.78068107
0.78143253
0.78217827
0.78292891
0.78368874
0.78446066
0.78521679
0.78598575
0.78676362
0.78752324
0.78829030
0.78906666
0.78983538
0.79061253
0.79138960
0.79215171
0.79292206
0.79369584
0.79447732
0.79524411
0.79600930
0.79677502
0.79755613
0.79832950
0.79910159
0.79987865
0.80066545
0.80143331
0.80220574
0.80298926
0.80379177
0.80459631
0.80539266
0.80618285
0.80697930
0.80777786
0.80857665
0.80936636
0.81015395
0.81094873
0.81174585
0.81254169
0.81333473
0.81411805
0.81491826
0.81571543
0.81650293
0.81729843
0.81809880
0.81890276
0.81970224
0.82051111
0.82131398
0.82212912
0.82294147
0.82375689
0.82457251
0.82538688
0.82618652
0.82699441
0.82780208
0.82861814
0.82943913
0.83023162
0.83104317
0.83186877
0.83268659
0.83351031
0.83432600
0.83514236
0.83597328
0.83679028
0.83761030
0.83843019
0.83925444
0.84008461
0.84089775
0.84172618
0.84256341
0.84339605
0.84422414
0.84506530
0.84589207
0.84674091
0.84760228
0.84846663
0.84931554
0.85015090
0.85098906
0.85183032
0.85268470
0.85354595
0.85440113
0.85523703
0.85610890
0.85695856
0.85781577
0.85866837
0.85951891
0.86036404
0.86121573
0.86206404
0.86293095
0.86378706
0.86464321
0.86551392
0.86637305
0.86722295
0.86808245
0.86894345
0.86981765
0.87068911
0.87155341
0.87242963
0.87330933
0.87419225
0.87506440
0.87594154
0.87680410
0.87768355
0.87855526
0.87944094
0.88030992
0.88118181
0.88205436
0.88294622
0.88381420
0.88469191
0.88559659
0.88648760
0.88737497
0.88827505
0.88915600
0.89005247
0.89094639
0.89183791
0.89273094
0.89363037
0.89453716
0.89544785
0.89634641
0.89727037
0.89816860
0.89908383
0.89997625
0.90088596
0.90180334
0.90270575
0.90359375
0.90450739
0.90543102
0.90634038
0.90726069
0.90816767
0.90906692
0.90998876
0.91090487
0.91183059
0.91275052
0.91366766
0.91460217
0.91553718
0.91645971
0.91740554
0.91834781
0.91928004
0.92021551
0.92117809
0.92211847
0.92306147
0.92400693
0.92494819
0.92587733
0.92681341
0.92776737
0.92870558
0.92965937
0.93062324
0.93158004
0.93254196
0.93350497
0.93446053
0.93540485
0.93636190
0.93731954
0.93828316
0.93924674
0.94021968
0.94118694
0.94213850
0.94312500
0.94409483
0.94504129
0.94601327
0.94700815
0.94799104
0.94896980
0.94996464
0.95093019
0.95189792
0.95288539
0.95387347
0.95484105
0.95584151
0.95684544
0.95783277
0.95883236
0.95982472
0.96080998
0.96180315
0.96279361
0.96377797
0.96478852
0.96580188
0.96679232
0.96779664
0.96880733
0.96981530
0.97083158
0.97184382
0.97287313
0.97388409
0.97489523
0.97590299
0.97692430
0.97794950
0.97898147
0.98001789
0.98105641
0.98208876
0.98312051
0.98415389
0.98520653
0.98627512
0.98731447
0.98836154
0.98940856
0.99046793
0.99151695
0.99256280
0.99362146
0.99467658
0.99571816
0.99677644
0.99782426
0.99888932
0.99995490
1.0010202
1.0020855
1.0031531
1.0042365
1.0053256
1.0063988
1.0074699
1.0085706
1.0096338
1.0107209
1.0118208
1.0129049
1.0139963
1.0150864
1.0161821
1.0172658
1.0183532
1.0194472
1.0205454
1.0216338
1.0227535
1.0238401
1.0249552
1.0260704
1.0271935
1.0282975
1.0294085
1.0305231
1.0316574
1.0327946
1.0339109
1.0350444
1.0361552
1.0372603
1.0383817
1.0395308
1.0406578
1.0418076
1.0429412
1.0440636
1.0452295
1.0463624
1.0475104
1.0486639
1.0498202
1.0509832
1.0521384
1.0532982
1.0544715
1.0556426
1.0568326
1.0580061
1.0591918
1.0603935
1.0615619
1.0627393
1.0639283
1.0651195
1.0663115
1.0675344
1.0687190
1.0699047
1.0711105
1.0723133
1.0735013
1.0747233
1.0759141
1.0771360
1.0783690
1.0795802
1.0807975
1.0820084
1.0832218
1.0844459
1.0856928
1.0869018
1.0881257
1.0893756
1.0905970
1.0918554
1.0931050
1.0943457
1.0955825
1.0968185
1.0980928
1.0993385
1.1005935
1.1018748
1.1031327
1.1043999
1.1056723
1.1069420
1.1082000
1.1094846
1.1107607
1.1120384
1.1133237
1.1146239
1.1159215
1.1172161
1.1185242
1.1198258
1.1211243
1.1224196
1.1237291
1.1250341
1.1263510
1.1276554
1.1289612
1.1302632
1.1315834
1.1328900
1.1342178
1.1355275
1.1368760
1.1382015
1.1395242
1.1408943
1.1422279
1.1435861
1.1449123
1.1462477
1.1476204
1.1489645
1.1503284
1.1516694
1.1530137
1.1544079
1.1557785
1.1571740
1.1585763
1.1599684
1.1613371
1.1627168
1.1641172
1.1655202
1.1669220
1.1683226
1.1697174
1.1711175
1.1725483
1.1739752
1.1754002
1.1768251
1.1782281
1.1796468
1.1810931
1.1825212
1.1839700
1.1854084
1.1868549
1.1882846
1.1897339
1.1911779
1.1926299
1.1940923
1.1955652
1.1970543
1.1985526
1.2000180
1.2014970
1.2029559
1.2044537
1.2059530
1.2074497
1.2089336
1.2104488
1.2119363
1.2134488
1.2149604
1.2164719
1.2180045
1.2195221
1.2210513
1.2225730
1.2241082
1.2256388
1.2271743
1.2287159
1.2302495
1.2317834
1.2333523
1.2349078
1.2364701
1.2380282
1.2395708
1.2411441
1.2427070
1.2442735
1.2458303
1.2474426
1.2490154
1.2506151
1.2522136
1.2538216
1.2554173
1.2570233
1.2586792
1.2602911
1.2619711
1.2635916
1.2652198
1.2668586
1.2685077
1.2701382
1.2717868
1.2734361
1.2750843
1.2767287
1.2783958
1.2800808
1.2817292
1.2834182
1.2850971
1.2867706
1.2884441
1.2901013
1.2917843
1.2934889
1.2952191
1.2969275
1.2986088
1.3003385
1.3020712
1.3038057
1.3055133
1.3072383
1.3089862
1.3107463
1.3124938
1.3142286
1.3159853
1.3177588
1.3195173
1.3212977
1.3230572
1.3248607
1.3266422
1.3284233
1.3302349
1.3320791
1.3338604
1.3356498
1.3374482
1.3392706
1.3410878
1.3428919
1.3447100
1.3465241
1.3483345
1.3501952
1.3520371
1.3538788
1.3557589
1.3575879
1.3594791
1.3613706
1.3632373
1.3651465
1.3669981
1.3689040
1.3707963
1.3726812
1.3745946
1.3764974
1.3784368
1.3803387
1.3823025
1.3842483
1.3861899
1.3881403
1.3900540
1.3920570
1.3940195
1.3959825
1.3979599
1.3999251
1.4019173
1.4039266
1.4059384
1.4079512
1.4099223
1.4119581
1.4139726
1.4159674
1.4179908
1.4200436
1.4220940
1.4241315
1.4261843
1.4282158
1.4302954
1.4324017
1.4344576
1.4365131
1.4385584
1.4406138
1.4427042
1.4448090
1.4469368
1.4490537
1.4511384
1.4532404
1.4553787
1.4575315
1.4596768
1.4618286
1.4639484
1.4660641
1.4682439
1.4703990
1.4725985
1.4747543
1.4769496
1.4791396
1.4813498
1.4835219
1.4857297
1.4879725
1.4901985
1.4924141
1.4946530
1.4969231
1.4991850
1.5014240
1.5037040
1.5059205
1.5081955
1.5104801
1.5127809
1.5150318
1.5173053
1.5195948
1.5219110
1.5242306
1.5265618
1.5288884
1.5312886
1.5336859
1.5360059
1.5383643
1.5407415
1.5430647
1.5454415
1.5478180
1.5501648
1.5525931
1.5549980
1.5574103
1.5597840
1.5621646
1.5646209
1.5670366
1.5694751
1.5719116
1.5744000
1.5768565
1.5793364
1.5818299
1.5843260
1.5868029
1.5893445
1.5918345
1.5943162
1.5968283
1.5993513
1.6019033
1.6044443
1.6069767
1.6094955
1.6120318
1.6145955
1.6171693
1.6197496
1.6223666
1.6249220
1.6275254
1.6301059
1.6326997
1.6353307
1.6379599
1.6406903
1.6433083
1.6459230
1.6486003
1.6512660
1.6539746
1.6566666
1.6593855
1.6620868
1.6647698
1.6674825
1.6702031
1.6729593
1.6757543
1.6785220
1.6812254
1.6840104
1.6867406
1.6895808
1.6923501
1.6951704
1.6979886
1.7008034
1.7036230
1.7064730
1.7092806
1.7121572
1.7150570
1.7179020
1.7207582
1.7235966
1.7264693
1.7293405
1.7322454
1.7351221
1.7380564
1.7410000
1.7438817
1.7468425
1.7498344
1.7527625
1.7558106
1.7587342
1.7617228
1.7647132
1.7677314
1.7706857
1.7737397
1.7767651
1.7798242
1.7828774
1.7859199
1.7890000
1.7920701
1.7951539
1.7982404
1.8013346
1.8044591
1.8075796
1.8106890
1.8139206
1.8170520
1.8202420
1.8234208
1.8266048
1.8298221
1.8330452
1.8361732
1.8394004
1.8426753
1.8458893
1.8491586
1.8524200
1.8557003
1.8590212
1.8622860
1.8656159
1.8688888
1.8721855
1.8754897
1.8788694
1.8822200
1.8855653
1.8889135
1.8922839
1.8955871
1.8989932
1.9023877
1.9057597
1.9091966
1.9125768
1.9160586
1.9194777
1.9229974
1.9264739
1.9299854
1.9334616
1.9369582
1.9404533
1.9439523
1.9475134
1.9510859
1.9546110
1.9581374
1.9616835
1.9652832
1.9688949
1.9725360
1.9761957
1.9797655
1.9833371
1.9870446
1.9906752
1.9943049
1.9979957
2.0017511
2.0054595
2.0091440
2.0128349
2.0165512
2.0202677
2.0240169
2.0278224
2.0316855
2.0354781
2.0393107
2.0430623
2.0468692
2.0507981
2.0546888
2.0585653
2.0624018
2.0663394
2.0702977
2.0742972
2.0781545
2.0820598
2.0860108
2.0899504
2.0939456
2.0980151
2.1020163
2.1061036
2.1101038
2.1140613
2.1181563
2.1221742
2.1262521
2.1302942
2.1344482
2.1385640
2.1427022
2.1467897
2.1509704
2.1550640
2.1592935
2.1634794
2.1677990
2.1721177
2.1762791
2.1805302
2.1848603
2.1890615
2.1933805
2.1976680
2.2019913
2.2063616
2.2106870
2.2149737
2.2193398
2.2237165
2.2281209
2.2325527
2.2369191
2.2413765
2.2458968
2.2503802
2.2548609
2.2593438
2.2639307
2.2685075
2.2730227
2.2775993
2.2821897
2.2866843
2.2912736
2.2958447
2.3004913
2.3050990
2.3097196
2.3144641
2.3191795
2.3239161
2.3286225
2.3333531
2.3381579
2.3427958
2.3474962
2.3522479
2.3569757
2.3617501
2.3665412
2.3714225
2.3762785
2.3811258
2.3859898
2.3907858
2.3956826
2.4006228
2.4055203
2.4104825
2.4154282
2.4203911
2.4253834
2.4304456
2.4354938
2.4405972
2.4456330
2.4506403
2.4556338
2.4607235
2.4659325
2.4711375
2.4763065
2.4815176
2.4867092
2.4920066
2.4971591
2.5023956
2.5076321
2.5129843
2.5184630
2.5238244
2.5291659
2.5345176
2.5398876
2.5452670
2.5506482
2.5560334
2.5615015
2.5669075
2.5723910
2.5777534
2.5832683
2.5888786
2.5944685
2.6001176
2.6057528
2.6113678
2.6170625
2.6227238
2.6283846
2.6341967
2.6398964
2.6455510
2.6512996
2.6570212
2.6627633
2.6685349
2.6743496
2.6802096
2.6860372
2.6919467
2.6978919
2.7038686
2.7097306
2.7157328
2.7217387
2.7276694
2.7336670
2.7396643
2.7457350
2.7517580
2.7578082
2.7638842
2.7700470
2.7762047
2.7824455
2.7886805
2.7948979
2.8010308
2.8073221
2.8136512
2.8199572
2.8262262
2.8324237
2.8388941
2.8452009
2.8515522
2.8579768
2.8644483
2.8708932
2.8773735
2.8839066
2.8905028
2.8970148
2.9035644
2.9101383
2.9167030
2.9233351
2.9300450
2.9367578
2.9434735
2.9502107
2.9569177
2.9636064
2.9703928
2.9772414
2.9841435
2.9910059
2.9976936
3.0046663
3.0115177
3.0184910
3.0255904
3.0326159
3.0396692
3.0467630
3.0537799
3.0608751
3.0680119
3.0751738
3.0822570
3.0894400
3.0967934
3.1039755
3.1111765
3.1183855
3.1257554
3.1330444
3.1403022
3.1477772
3.1552438
3.1626569
3.1700440
3.1775560
3.1850103
3.1925428
3.1999544
3.2075582
3.2151627
3.2228286
3.2304896
3.2382090
3.2459283
3.2536830
3.2615357
3.2693899
3.2770912
3.2848148
3.2926651
3.3007174
3.3086317
3.3167374
3.3246624
3.3326008
3.3406136
3.3487994
3.3568737
3.3649077
3.3729623
3.3812559
3.3893678
3.3975452
3.4058760
3.4142766
3.4225788
3.4307851
3.4392002
3.4475363
3.4559082
3.4643288
3.4728348
3.4814055
3.4900996
3.4987341
3.5073312
3.5160457
3.5246630
3.5334316
3.5420611
3.5507806
3.5596481
3.5683952
3.5773481
3.5860698
3.5949637
3.6038237
3.6127913
3.6219391
3.6308884
3.6398591
3.6489590
3.6580372
3.6672935
3.6765033
3.6857716
3.6949768
3.7042630
3.7136592
3.7230302
3.7325957
3.7418216
3.7511321
3.7606320
3.7701710
3.7798571
3.7894700
3.7990839
3.8086892
3.8184655
3.8282255
3.8380087
3.8478723
3.8577338
3.8676901
3.8776771
3.8875770
3.8976893
3.9076603
3.9174139
3.9273833
3.9374885
3.9475952
3.9577087
3.9679294
3.9782778
3.9885014
3.9989089
4.0091422
4.0195037
4.0298981
4.0402375
4.0506855
4.0612184
4.0716489
4.0821785
4.0928582
4.1033208
4.1138902
4.1247228
4.1355403
4.1464091
4.1573954
4.1683536
4.1792413
4.1901187
4.2010323
4.2119589
4.2231839
4.2345281
4.2457570
4.2568775
4.2680491
4.2793107
4.2907452
4.3020134
4.3133551
4.3247281
4.3360461
4.3475435
4.3591608
4.3707743
4.3821375
4.3936244
4.4054067
4.4167995
4.4286690
4.4405719
4.4524458
4.4643061
4.4762263
4.4882205
4.5000459
4.5120349
4.5240733
4.5360418
4.5481894
4.5605512
4.5726171
4.5847070
4.5970889
4.6094719
4.6218036
4.6341273
4.6467947
4.6595330
4.6721055
4.6848410
4.6975454
4.7102524
4.7230759
4.7358243
4.7487577
4.7618818
4.7749949
4.7878616
4.8010620
4.8141679
4.8273443
4.8404628
4.8538616
4.8672181
4.8803787
4.8937486
4.9072854
4.9205854
4.9341546
4.9475693
4.9611690
4.9748018
4.9883362
5.0021664
5.0158053
5.0298929
5.0436703
5.0574956
5.0711271
5.0851318
5.0990185
5.1130345
5.1270984
5.1412755
5.1555226
5.1697699
5.1841275
5.1984805
5.2130310
5.2274110
5.2418843
5.2563350
5.2707211
5.2856265
5.3001691
5.3147591
5.3297097
5.3446185
5.3596920
5.3747491
5.3899662
5.4051287
5.4206114
5.4358241
5.4510354
5.4663716
5.4817163
5.4968657
5.5122652
5.5280210
5.5435076
5.5592111
5.5750336
5.5905109
5.6062478
5.6221469
5.6380953
5.6541305
5.6700829
5.6862476
5.7021910
5.7183321
5.7344751
5.7506782
5.7671430
5.7836071
5.8000226
5.8164955
5.8326561
5.8491083
5.8660039
5.8827383
5.8992738
5.9160412
5.9326321
5.9493187
5.9658678
5.9827784
5.9997193
6.0171712
6.0344161
6.0516954
6.0692728
6.0865200
6.1036746
6.1206759
6.1384835
6.1558224
6.1734257
6.1911184
6.2084998
6.2264592
6.2447265
6.2621402
6.2803434
6.2983149
6.3159514
6.3341729
6.3524676
6.3705680
6.3886903
6.4067989
6.4251157
6.4436911
6.4618123
6.4802852
6.4990092
6.5174436
6.5361102
6.5551919
6.5741206
6.5930207
6.6117554
6.6306699
6.6494456
6.6685173
6.6876577
6.7065315
6.7256753
6.7450445
6.7645851
6.7840921
6.8035653
6.8231258
6.8427581
6.8621344
6.8816938
6.9014366
6.9212571
6.9412366
6.9613832
6.9816054
7.0018567
7.0222366
7.0426045
7.0629757
7.0833277
7.1038155
7.1243727
7.1449446
7.1653612
7.1862753
7.2074190
7.2283042
7.2491207
7.2702389
7.2912954
7.3124303
7.3336277
7.3551363
7.3766447
7.3985216
7.4200311
7.4411878
7.4631440
7.4850064
7.5066261
7.5290145
7.5508179
7.5727316
7.5944631
7.6163594
7.6388012
7.6604981
7.6829671
7.7055151
7.7280832
7.7508188
7.7732798
7.7959345
7.8189840
7.8419550
7.8647191
7.8874397
7.9102956
7.9334884
7.9562840
7.9795437
8.0026933
8.0257991
8.0495035
8.0731720
8.0965496
8.1200303
8.1433893
8.1677592
8.1914084
8.2152728
8.2392531
8.2630968
8.2873537
8.3113455
8.3351836
8.3596096
8.3841210
8.4086692
8.4331050
8.4578464
8.4824755
8.5070956
8.5323572
8.5571645
8.5823838
8.6075423
8.6326289
8.6577156
8.6828887
8.7080934
8.7334775
8.7590277
8.7848011
8.8103221
8.8363487
8.8619162
8.8874411
8.9132847
8.9398750
8.9656907
8.9918887
9.0178751
9.0443511
9.0706936
9.0971932
9.1239314
9.1506330
9.1769425
9.2039640
9.2306681
9.2573069
9.2842951
9.3112243
9.3386040
9.3659423
9.3930657
9.4208734
9.4478889
9.4752249
9.5029775
9.5307363
9.5586051
9.5861861
9.6139156
9.6416858
9.6699690
9.6976573
9.7266835
9.7554536
9.7834075
9.8120136
9.8405245
9.8694127
9.8979664
9.9274686
9.9563227
9.9846721
10.013439
10.042077
10.071123
10.100538
10.129632
10.159125
10.188917
10.218262
10.248621
10.278535
10.308270
10.337757
10.367586
10.397512
10.427920
10.457436
10.487572
10.517711
10.548440
10.578495
10.608829
10.639364
10.669481
10.700164
10.731164
10.761760
10.792974
10.823921
10.855578
10.886745
10.917966
10.949466
10.981057
11.012634
11.044858
11.076939
11.108390
11.140154
11.171873
11.204332
11.236366
11.268682
11.301059
11.333708
11.366107
11.398687
11.431594
11.464338
11.497743
11.530568
11.563963
11.596999
11.630601
11.664466
11.697813
11.731549
11.764937
11.798576
11.832117
11.866486
11.900621
11.935316
11.969669
12.003503
12.038179
12.072537
12.107584
12.141650
12.176607
12.212018
12.246725
12.281905
12.316927
12.352315
12.387784
12.422919
12.458117
12.493674
12.529445
12.564631
12.600215
12.636183
12.671866
12.707849
12.743542
12.779747
12.816016
12.852206
12.888795
12.925092
12.961755
12.998661
13.035556
13.072777
13.109616
13.147519
13.184543
13.222133
13.260057
13.297473
13.335571
13.373029
13.409757
13.447610
13.485964
13.523586
13.561586
13.599499
13.637156
13.675688
13.713762
13.752391
13.790680
13.829109
13.867895
13.906255
13.945344
13.983635
14.022376
14.061098
14.100590
14.140099
14.179866
14.219631
14.259408
14.298568
14.337936
14.377733
14.418051
14.458397
14.498924
14.538685
14.579036
14.619517
14.659734
14.700751
14.741320
14.782041
14.822829
14.863877
14.904839
14.945602
14.986837
15.027817
15.068937
15.110284
15.152238
15.193851
15.236060
15.278332
15.320245
15.362485
15.404439
15.447105
15.489457
15.532537
15.575350
15.618597
15.662196
15.705602
15.748525
15.791575
15.835007
15.878676
15.922413
15.965698
16.009870
16.053454
16.096772
16.139845
16.184519
16.228567
16.272314
16.316065
16.360090
16.404294
16.449161
16.494099
16.538580
16.583084
16.628457
16.673553
16.718914
16.763368
16.809004
16.854076
16.899445
16.944684
16.990644
17.036525
17.082156
17.128229
17.174076
17.219143
17.265042
17.311225
17.357598
17.404449
17.451989
17.498553
17.544759
17.590362
17.636596
17.683665
17.730895
17.778141
17.825200
17.872444
17.919836
17.967609
18.014781
18.063143
18.110989
18.158373
18.205436
18.253770
18.302220
18.352238
18.400690
18.449727
18.498978
18.547437
18.596381
18.645360
18.694933
18.744821
18.794852
18.844246
18.893207
18.942655
18.991946
19.042191
19.092778
19.143220
19.192813
19.242653
19.292933
19.343148
19.393477
19.444134
19.494550
19.546041
19.597344
19.648092
19.698981
19.750948
19.802002
19.854481
19.906407
19.959230
20.011010
20.062787
20.115398
20.167922
20.220121
20.272392
20.324788
20.376905
20.428525
20.480648
20.533229
20.586068
20.638266
20.691296
20.742837
20.796938
20.848869
20.902155
20.955866
21.009781
21.064625
21.118583
21.172993
21.228275
21.282287
21.335680
21.390566
21.445605
21.500345
21.555319
21.610306
21.666094
21.721477
21.776290
21.831016
21.886856
21.943146
21.998348
22.053601
22.109480
22.166048
22.220935
22.277581
22.333332
22.389845
22.446454
22.502876
22.558985
22.615488
22.671883
22.728096
22.785086
22.842668
22.899295
22.954928
23.012015
23.069242
23.126939
23.184526
23.242339
23.301137
23.359199
23.418245
23.476952
23.536280
23.595474
23.654131
23.712106
23.771393
23.829864
23.888348
23.947301
24.006493
24.065283
24.124154
24.183966
24.243363
24.301981
24.361066
24.420367
24.481807
24.541794
24.601896
24.663573
24.724495
24.785235
24.845793
24.906900
24.968143
25.030655
25.092485
25.153557
25.214864
25.276203
25.339103
25.400568
25.462560
25.524040
25.586724
25.648046
25.709468
25.771637
25.833193
25.895686
25.958093
26.020244
26.083444
26.147285
26.210825
26.273996
26.337284
26.400332
26.463053
26.526319
26.590377
26.654305
26.719720
26.784064
26.848588
26.912898
26.977284
27.042014
27.106550
27.170125
27.234917
27.299732
27.365007
27.430464
27.496263
27.561487
27.626278
27.691099
27.756275
27.821864
27.887305
27.952788
28.018724
28.085696
28.153563
28.219891
28.285060
28.350340
28.416974
28.484517
28.552861
28.619744
28.685757
28.752778
28.819438
28.887054
28.954617
29.022230
29.090900
29.158880
29.226622
29.294781
29.362682
29.431638
29.500780
29.570058
29.637727
29.706517
29.775909
29.845312
29.915627
29.984199
30.055166
30.124509
30.193966
30.262717
30.332270
30.402963
30.473122
30.544436
30.614873
30.683975
30.755686
30.825531
30.896840
30.967236
31.037135
31.108595
31.180098
31.251052
31.323292
31.395044
31.465611
31.538170
31.609034
31.681527
31.753937
31.826664
31.898617
31.971899
32.044202
32.115054
32.188780
32.261575
32.333820
32.406388
32.480174
32.554218
32.626957
32.700260
32.774121
32.847910
32.921002
32.995347
33.071661
33.145269
33.219620
33.294068
33.368425
33.443705
33.518861
33.594776
33.670420
33.745006
33.819783
33.895009
33.969847
34.045848
34.121425
34.198192
34.273590
34.349030
34.425044
34.501900
34.577791
34.653938
34.730897
34.808350
34.883689
34.960322
35.036962
35.114533
35.191830
35.269617
35.347836
35.425886
35.504243
35.583608
35.663122
35.740385
35.819767
35.898919
35.979081
36.057809
36.137175
36.215100
36.294771
36.373466
36.453041
36.530907
36.610846
36.689489
36.771202
36.851814
36.931522
37.012363
37.093665
37.173834
37.253860
37.334200
37.415501
37.497104
37.577199
37.657600
37.738004
37.820009
37.901966
37.982631
38.062859
38.144464
38.225398
38.306236
38.387270
38.470857
38.554317
38.637638
38.720270
38.804047
38.885315
38.967433
39.048563
39.132841
39.217061
39.301004
39.385188
39.468862
39.552982
39.636286
39.720757
39.806050
39.890884
39.976282
40.063290
40.148663
40.233202
40.317551
40.403207
40.487443
40.573829
40.656687
40.741274
40.826950
40.913877
41.000043
41.086353
41.172785
41.259451
41.345132
41.431774
41.516198
41.601475
41.688330
41.775326
41.862906
41.949217
42.037549
42.125057
42.213653
42.300246
42.388916
42.476378
42.563577
42.651159
42.737815
42.825568
42.913232
43.000733
43.088229
43.178166
43.267460
43.358046
43.448030
43.537621
43.628409
43.718859
43.808967
43.898310
43.988158
44.076943
44.166704
44.256273
44.348700
44.440489
44.530730
44.620698
44.712063
44.802419
44.892062
44.983101
45.074251
45.166027
45.257632
45.349993
45.441459
45.535843
45.626328
45.718039
45.809197
45.903328
45.994516
46.088131
46.180273
46.272438
46.364705
46.458370
46.551308
46.646054
46.740099
46.834784
46.927770
47.021162
47.115297
47.210513
47.303705
47.399122
47.492354
47.586988
47.680264
47.776358
47.872415
47.969265
48.064988
48.159446
48.253681
48.349611
48.444812
48.540182
48.635413
48.731777
48.827177
48.923612
49.019965
49.115048
49.211965
49.310313
49.407860
49.505120
49.602162
49.700659
49.798435
49.896437
49.993690
50.091619
50.188756
50.285763
50.385534
50.482812
50.581462
50.679915
50.777451
50.875923
50.974785
51.074059
51.172614
51.271032
51.369567
51.468964
51.567709
51.667000
51.767534
51.867952
51.968180
52.069235
52.169903
52.269498
52.371388
52.472504
52.574995
52.675519
52.777254
52.879582
52.982167
53.084904
53.187848
53.287619
53.389211
53.491923
53.593731
53.695390
53.798552
53.902178
54.005031
54.109726
54.213454
54.315868
54.420581
54.523986
54.628392
54.731438
54.835413
54.939819
55.043678
55.149017
55.254519
55.359099
55.465239
55.570208
55.675793
55.781797
55.886815
55.989808
56.094645
56.200979
56.307472
56.413950
56.520775
56.627130
56.733785
56.841937
56.947934
57.056287
57.163157
57.271268
57.379540
57.486247
57.595221
57.701583
57.809473
57.918745
58.024900
58.135258
58.244671
58.354196
58.461809
58.570542
58.680018
58.788676
58.898202
59.008174
59.118033
59.227183
59.336919
59.447211
59.557048
59.666431
59.774239
59.884979
59.996297
60.107885
60.219406
60.331951
60.443824
60.554927
60.667825
60.779718
60.892253
61.005569
61.116938
61.227060
61.338998
61.450680
61.562911
61.673667
61.786183
61.897470
62.011038
62.124853
62.238666
62.353909
62.467377
62.580565
62.696947
62.811431
62.925927
63.041786
63.155878
63.269235
63.385233
63.498192
63.613913
63.728797
63.843767
63.959243
64.076460
64.192501
64.306605
64.424241
64.541205
64.657073
64.772178
64.888780
65.006202
65.120728
65.237150
65.354243
65.473102
65.591618
65.708002
65.827555
65.945128
66.062768
66.181231
66.300400
66.419619
66.539389
66.658611
66.776816
66.895545
67.015748
67.135942
67.255996
67.377794
67.499251
67.618480
67.738886
67.858867
67.980220
68.102392
68.226745
68.348957
68.469194
68.590903
68.712998
68.832124
68.952093
69.074030
69.197286
69.320082
69.444335
69.567469
69.691970
69.815163
69.938579
70.061631
70.186406
70.309596
70.434679
70.558191
70.682709
70.808738
70.932056
71.056658
71.181853
71.305935
71.428762
71.554999
71.682501
71.807463
71.934998
72.059703
72.186057
72.310540
72.436867
72.561873
72.686892
72.813123
72.939489
73.068953
73.195890
73.324771
73.450653
73.577610
73.706727
73.834902
73.963522
74.090728
74.217788
74.346772
74.474684
74.601428
74.728540
74.856351
74.985437
75.115824
75.244614
75.375891
75.505395
75.635452
75.765269
75.895670
76.024850
76.157437
76.288778
76.420682
76.551865
76.684974
76.816543
76.948759
77.081095
77.211484
77.342730
77.475598
77.608892
77.740785
77.873597
78.007295
78.140310
78.272265
78.405495
78.537514
78.670166
78.803628
78.937342
79.071033
79.204145
79.337625
79.472100
79.606552
79.740133
79.874188
80.007555
80.141934
80.276584
80.412869
80.547890
80.683623
80.817175
80.950874
81.086229
81.225535
81.364141
81.498040
81.633450
81.770029
81.906938
82.042743
82.182456
82.317764
82.453878
82.591900
82.730038
82.868723
83.005592
83.143611
83.283652
83.422133
83.560798
83.701908
83.839335
83.979469
84.118160
84.257865
84.396909
84.536226
84.677645
84.817900
84.961275
85.100507
85.240043
85.382303
85.524671
85.664029
85.807502
85.949316
86.090347
86.231859
86.373618
86.514143
86.656191
86.798161
86.941328
87.081227
87.221997
87.366649
87.508463
87.652032
87.796769
87.942484
88.086736
88.230324
88.376332
88.520107
88.664166
88.809429
88.952959
89.097034
89.243283
89.389202
89.534849
89.680195
89.825264
89.969589
90.117027
90.260754
90.410297
90.559474
90.706860
90.852943
90.998871
91.146525
91.294502
91.441570
91.590316
91.737781
91.885830
92.033283
92.186318
92.331108
92.477834
92.625277
92.774353
92.922134
93.070203
93.219363
93.368047
93.516592
93.666825
93.819200
93.970586
94.120593
94.274603
94.424920
94.573946
94.724655
94.876388
95.028168
95.182368
95.335662
95.485296
95.637883
95.788757
95.942490
96.096573
96.249981
96.406028
96.556672
96.710268
96.865054
97.017648
97.171244
97.326060
97.480514
97.637628
97.791239
97.945401
98.100762
98.258716
98.414460
98.571114
98.725584
98.882062
99.037064
99.192060
99.349759
99.506567
99.664538
99.820645
99.978424
100.13306
100.29082
100.44742
100.60616
100.76637
100.92582
101.08616
101.24638
101.40891
101.56764
101.72859
101.88690
102.04675
102.20617
102.36574
102.52370
102.68467
102.84555
103.00760
103.16951
103.32960
103.49047
103.65318
103.81530
103.97655
104.13743
104.30037
104.46430
104.62811
104.79185
104.95414
105.11495
105.27722
105.43960
105.60030
105.76795
105.93141
106.09450
106.26138
106.42354
106.58819
106.75188
106.91678
107.08122
107.24681
107.41379
107.57991
107.74800
107.91599
108.08312
108.24793
108.41427
108.58324
108.74997
108.91874
109.08705
109.25485
109.42452
109.59436
109.76347
109.92885
110.09733
110.26467
110.43434
110.60608
110.77420
110.94530
111.11422
111.28367
111.45438
111.62428
111.79673
111.96828
112.13873
112.30967
112.48139
112.65377
112.82111
112.99225
113.16407
113.33760
113.51096
113.68060
113.85108
114.02389
114.19536
114.36897
114.54157
114.71643
114.89186
115.06730
115.24052
115.41675
115.59078
115.76421
115.94313
116.11904
116.29283
116.46971
116.64506
116.81963
116.99828
117.17422
117.35111
117.52813
117.70737
117.88592
118.06396
118.24217
118.41763
118.59397
118.77218
118.95206
119.13004
119.31105
119.48868
119.66575
119.84428
120.02678
120.20509
120.38638
120.56373
120.74383
120.92442
121.10045
121.28152
121.46256
121.64265
121.82065
121.99983
122.18236
122.36444
122.54729
122.73094
122.91457
123.09757
123.28235
123.46461
123.64754
123.83135
124.01316
124.19743
124.38433
124.56736
124.75069
124.93553
125.12244
125.30773
125.49378
125.68058
125.86814
126.05673
126.24454
126.42959
126.61604
126.80418
126.99230
127.17898
127.36558
127.55136
127.73941
127.92932
128.11512
128.29921
128.48996
128.67541
128.86538
129.05479
129.24321
129.43600
129.62593
129.81400
130.00499
130.19748
130.38669
130.57465
130.76824
130.95995
131.15364
131.34735
131.53923
131.72918
131.92502
132.11758
132.30783
132.50150
132.69284
132.88543
133.08015
133.27461
133.46902
133.66268
133.85951
134.05540
134.25042
134.44512
134.63946
134.83746
135.03277
135.22776
135.42435
135.62323
135.82071
136.02216
136.21868
136.41510
136.61383
136.81116
137.01151
137.21116
137.41030
137.60847
137.80804
138.01248
138.21315
138.41248
138.61225
138.81034
139.01092
139.21340
139.41548
139.62162
139.82337
140.02338
140.22449
140.42466
140.62768
140.82712
141.03208
141.23601
141.43991
141.64441
141.84769
142.04974
142.25637
142.45987
142.66178
142.86395
143.06749
143.27003
143.47515
143.67740
143.88453
144.08902
144.29467
144.49921
144.70518
144.91239
145.11890
145.32260
145.53150
145.73939
145.94427
146.15291
146.36534
146.57237
146.78256
146.98960
147.20057
147.40613
147.62001
147.82657
148.03694
148.25115
148.45841
148.67296
148.88731
149.09972
149.31034
149.52510
149.73485
149.94523
150.15583
150.36776
150.58062
150.79327
151.00497
151.22237
151.43397
151.65133
151.86345
152.07709
152.29344
152.51175
152.72573
152.94107
153.15948
153.37525
153.59134
153.80895
154.02743
154.24570
154.46140
154.67829
154.89642
155.11613
155.33516
155.55142
155.76790
155.98509
156.20231
156.42111
156.64252
156.86374
157.08399
157.30473
157.52797
157.74723
157.96938
158.19016
158.41236
158.63388
158.85946
159.07624
159.29775
159.51995
159.74909
159.97184
160.19316
160.41476
160.63566
160.85967
161.08834
161.31526
161.54310
161.76397
161.98810
162.21328
162.43857
162.66843
162.89405
163.12054
163.35238
163.58489
163.81523
164.04239
164.26950
164.49606
164.72125
164.95137
165.17981
165.41073
165.63842
165.86591
166.09924
166.32804
166.56337
166.79521
167.02673
167.25449
167.48468
167.71939
167.95263
168.18261
168.41707
168.65221
168.88343
169.12032
169.35063
169.58832
169.82017
170.05764
170.29194
170.53090
170.76766
171.00271
171.23742
171.47240
171.70805
171.94124
172.18188
172.41503
172.65119
172.88277
173.12070
173.35925
173.59756
173.83387
174.07063
174.30979
174.54980
174.79429
175.03194
175.27326
175.51030
175.74959
175.98707
176.23081
176.47147
176.71222
176.95097
177.19362
177.43865
177.67993
177.92562
178.16887
178.41185
178.65903
178.90512
179.14616
179.39510
179.64020
179.88375
180.12911
180.37309
180.61577
180.85897
181.10468
181.35168
181.60495
181.85393
182.10230
182.35060
182.59994
182.84902
183.09935
183.34621
183.59522
183.84587
184.09491
184.34175
184.59094
184.83954
185.09132
185.34136
185.59577
185.84301
186.09563
186.34783
186.60277
186.85460
187.10914
187.36268
187.61303
187.86235
188.11695
188.37090
188.62994
188.88334
189.13483
189.39022
189.64640
189.90291
190.16079
190.42030
190.67853
190.93802
191.18982
191.44577
191.70745
191.96908
192.22490
192.48258
192.74052
193.00009
193.26400
193.52422
193.78397
194.04874
194.30913
194.56559
194.82848
195.08839
195.35463
195.61410
195.87777
196.13877
196.40482
196.67096
196.93402
197.19969
197.46262
197.72657
197.99243
198.25961
198.52297
198.79194
199.05646
199.32512
199.59214
199.85768
200.12592
200.39428
200.66687
200.93315
201.20187
201.47307
201.74127
202.01260
202.28038
202.55025
202.82105
203.09093
203.36171
203.63571
203.90634
204.18283
204.45321
204.72423
205.00040
205.27121
205.53923
205.81674
206.08703
206.36219
206.64099
206.91401
207.19389
207.47072
207.74942
208.02771
208.30570
208.58024
208.86309
209.14445
209.42407
209.70487
209.97986
210.26147
210.54029
210.82071
211.09758
211.38466
211.66100
211.94481
212.22847
212.51246
212.79582
213.08031
213.36017
213.64495
213.92655
214.20852
214.49300
214.77275
215.05995
215.34179
215.62711
215.91146
216.19935
216.48534
216.77031
217.05571
217.34023
217.63181
217.92652
218.21303
218.50060
218.79188
219.08122
219.37379
219.65718
219.95144
220.23895
220.53086
220.82087
221.11285
221.40363
221.69602
221.99085
222.27992
222.57734
222.87180
223.16565
223.45658
223.75115
224.04004
224.33674
224.63103
224.93256
225.22966
225.52846
225.83111
226.12684
226.42664
226.72225
227.02101
227.32604
227.62617
227.92652
228.22827
228.52981
228.83011
229.13183
229.43183
229.73344
230.03834
230.34326
230.64939
230.94553
231.24597
231.55473
231.85694
232.16123
232.46534
232.76580
233.06953
233.37660
233.68244
233.98827
234.29623
234.60222
234.91475
235.21734
235.52733
235.83470
236.14675
236.45997
236.77194
237.08238
237.38920
237.70178
238.01131
238.32440
238.63484
238.94807
239.26710
239.58367
239.89910
240.21053
240.52537
240.83462
241.14419
241.45956
241.77362
242.09057
242.40701
242.72724
243.04553
243.35937
243.67362
243.99033
244.30923
244.62579
244.94522
245.26557
245.58886
245.90710
246.23146
246.55198
246.87612
247.20391
247.52703
247.84572
248.16931
248.49080
248.81315
249.13947
249.46727
249.79849
250.12657
250.44813
250.77825
251.10719
251.43424
251.75979
252.09095
252.41895
252.74029
253.06853
253.39684
253.72289
254.05128
254.38431
254.71380
255.04708
255.37866
255.70341
256.03894
256.37173
256.70456
257.03630
257.37589
257.71176
258.04609
258.38052
258.71911
259.05675
259.40155
259.73626
260.07750
260.42110
260.75189
261.08785
261.42368
261.76608
262.11086
262.45336
262.79208
263.12697
263.46693
263.80980
264.15224
264.49459
264.83701
265.17665
265.51699
265.86741
266.21579
266.56093
266.91210
267.25573
267.60039
267.94517
268.29263
268.64023
268.99080
269.34529
269.69255
270.04799
270.39956
270.74721
271.10004
271.45399
271.80511
272.15727
272.51173
272.86349
273.21456
273.57193
273.92927
274.28358
274.63893
275.00251
275.36214
275.71994
276.07850
276.43353
276.79331
277.14965
277.50414
277.86284
278.22640
278.58483
278.94883
279.31131
279.66890
280.02446
280.38935
280.74761
281.11053
281.47621
281.84151
282.21294
282.57830
282.94298
283.30195
283.66750
284.03521
284.40764
284.77554
285.15125
285.52625
285.89201
286.26686
286.63610
287.01497
287.38297
287.76157
288.13052
288.50744
288.88353
289.25713
289.62874
289.99782
290.36499
290.74388
291.12842
291.50587
291.88524
292.26420
292.65042
293.02591
293.40651
293.78699
294.17092
294.54658
294.92648
295.31160
295.68903
296.07439
296.45547
296.84454
297.23079
297.61339
297.99517
298.38134
298.77228
299.16580
299.55721
299.94537
300.34176
300.72493
301.11920
301.50868
301.90572
302.29347
302.67825
303.06989
303.46439
303.85992
304.25253
304.64649
305.04653
305.44024
305.83624
306.22796
306.62596
307.02578
307.41997
307.81553
308.21392
308.60697
309.01058
309.41326
309.81121
310.21502
310.61774
311.02404
311.43107
311.83230
312.23424
312.64419
313.05550
313.45874
313.86945
314.27330
314.67943
315.08481
315.48877
315.89818
316.30582
316.71678
317.12632
317.52992
317.93491
318.34586
318.75125
319.16162
319.57529
319.99323
320.41338
320.82680
321.23945
321.66031
322.08108
322.49784
322.90953
323.33273
323.74935
324.16253
324.58447
325.01186
325.42220
325.84175
326.26489
326.69143
327.11815
327.54099
327.96489
328.38916
328.81690
329.24274
329.67103
330.10235
330.52563
330.95739
331.38390
331.81260
332.24190
332.67461
333.10114
333.53173
333.96545
334.40595
334.83901
335.28015
335.71397
336.15245
336.57806
337.01013
337.44392
337.87964
338.31962
338.76163
339.19990
339.64096
340.08564
340.52171
340.96534
341.41394
341.85233
342.29014
342.73263
343.17768
343.62463
344.07151
344.51514
344.96398
345.41409
345.85851
346.30756
346.75984
347.21387
347.66084
348.11560
348.56520
349.02241
349.46671
349.92484
350.38317
350.84183
351.31066
351.76840
352.22013
352.68108
353.13878
353.60006
354.05794
354.51695
354.97260
355.43163
355.89588
356.36065
356.82838
357.30151
357.76951
358.22635
358.69468
359.15968
359.62996
360.09641
360.57165
361.04653
361.51212
361.97761
362.44307
362.91491
363.38848
363.86157
364.33830
364.81540
365.29345
365.76940
366.24778
366.72556
367.20998
367.69004
368.16825
368.64483
369.13159
369.62112
370.10453
370.58852
371.07781
371.56459
372.05054
372.52771
373.01876
373.49913
373.99260
374.47208
374.96686
375.46180
375.95232
376.44520
376.93880
377.43653
377.93461
378.43060
378.92917
379.42428
379.92204
380.41169
380.92220
381.41717
381.91944
382.42013
382.92565
383.42995
383.93362
384.43688
384.93263
385.44576
385.95928
386.46128
386.97574
387.49047
387.99567
388.50828
389.02160
389.53445
390.05186
390.57096
391.08800
391.60608
392.11538
392.64003
393.16174
393.67631
394.19396
394.71634
395.23979
395.76508
396.28713
396.80571
397.32997
397.85328
398.37960
398.90575
399.43517
399.96608
400.49707
401.01699
401.54806
402.07693
402.61478
403.14374
403.67135
404.21188
404.74371
405.27004
405.80960
406.34539
406.89566
407.44026
407.98686
408.53080
409.06554
409.60944
410.15292
410.69729
411.23457
411.78529
412.33767
412.89165
413.44650
413.99636
414.54736
415.09511
415.64891
416.19886
416.75617
417.30448
417.87086
418.43720
418.99449
419.55693
420.12907
420.69044
421.24894
421.80859
422.37833
422.95344
423.52636
424.09425
424.66395
425.23531
425.80265
426.37921
426.96074
427.53486
428.10890
428.67817
429.25404
429.83831
430.41630
430.99646
431.58543
432.15838
432.74111
433.32852
433.91335
434.50830
435.10172
435.69035
436.27724
436.86686
437.45909
438.05732
438.65606
439.25834
439.84918
440.44691
441.04777
441.64679
442.24502
442.84266
443.45610
444.06671
444.66966
445.27770
445.88945
446.50585
447.12883
447.73198
448.34803
448.95828
449.57642
450.19590
450.80808
451.42463
452.04875
452.66448
453.29039
453.92273
454.54298
455.17474
455.79850
456.41537
457.05254
457.68063
458.32215
458.95002
459.58053
460.22255
460.86574
461.51545
462.16109
462.80755
463.44035
464.08837
464.74143
465.39349
466.04390
466.70364
467.35357
468.00442
468.65821
469.30808
469.97504
470.63218
471.29692
471.95596
472.62944
473.30609
473.97124
474.64121
475.30962
475.97348
476.65532
477.31856
477.99824
478.67781
479.33921
480.02041
480.69676
481.38477
482.06794
482.76780
483.45528
484.13807
484.82309
485.52361
486.21194
486.91600
487.62176
488.32516
489.03238
489.73608
490.45238
491.17240
491.87148
492.57622
493.29088
494.01250
494.72694
495.43668
496.14830
496.86947
497.60080
498.32529
499.05473
499.78551
500.51977
501.23573
501.97017
502.70673
503.44877
504.19618
504.92225
505.67758
506.42507
507.17830
507.93252
508.67431
509.43669
510.19543
510.94985
511.70491
512.47283
513.24468
514.01994
514.78877
515.56237
516.34031
517.10584
517.88118
518.66011
519.44231
520.21803
521.00517
521.79995
522.59198
523.38939
524.18363
524.97898
525.78030
526.57642
527.37809
528.17879
528.99641
529.80246
530.61542
531.44283
532.27504
533.09443
533.92692
534.77302
535.61603
536.45081
537.31162
538.16049
539.00395
539.85459
540.69842
541.55134
542.42243
543.28020
544.13703
545.00733
545.87950
546.76809
547.64819
548.52801
549.40705
550.28639
551.17680
552.06217
552.96424
553.86465
554.75560
555.66516
556.57368
557.49039
558.39696
559.30684
560.23840
561.15579
562.08978
563.01811
563.97671
564.93407
565.87825
566.83813
567.79264
568.75516
569.72924
570.70605
571.66618
572.65648
573.64002
574.63278
575.60684
576.61593
577.60561
578.62171
579.63198
580.64849
581.68356
582.71794
583.75242
584.77775
585.82814
586.88643
587.95485
589.02456
590.09519
591.15802
592.23266
593.31402
594.40713
595.49554
596.60845
597.71929
598.81833
599.92162
601.06392
602.20835
603.34939
604.49513
605.66457
606.82710
608.02001
609.20420
610.38503
611.55868
612.75075
613.95302
615.15826
616.38626
617.60672
618.86177
620.09930
621.32669
622.58702
623.87313
625.16583
626.46973
627.76523
629.08217
630.40278
631.73096
633.07310
634.41352
635.76228
637.13783
638.50348
639.87280
641.27262
642.71630
644.11492
645.56182
647.03242
648.49929
649.97900
651.45541
652.96892
654.47653
656.01626
657.54537
659.12094
660.71524
662.30337
663.90728
665.56077
667.21747
668.89937
670.54856
672.21298
673.91475
675.62866
677.39155
679.19783
680.97628
682.81886
684.62545
686.48689
688.35455
690.26825
692.23322
694.19495
696.15859
698.20140
700.21714
702.29885
704.37248
706.49012
708.67970
710.89356
713.11148
715.40354
717.69967
720.04227
722.46730
724.91257
727.32990
729.81805
732.38356
735.02667
737.65798
740.40132
743.15409
745.98119
748.84433
751.78209
754.82092
757.92231
761.09694
764.33852
767.64887
771.03470
774.59992
778.20488
781.87880
785.73213
789.73008
793.80819
797.98829
802.41800
806.93009
811.70400
816.62691
821.75930
827.09806
832.70655
838.61592
844.79605
851.35402
858.35123
865.77848
873.66691
882.18971
891.42679
901.46127
912.50005
924.60004
938.37154
954.58252
973.70334
997.10758
1027.6768
1072.3174
1158.7432
