0.00059308002
0.0011931859
0.0017735920
0.0023560607
0.0029412094
0.0035274095
0.0041207482
0.0047241150
0.0053208499
0.0059220560
0.0065118376
0.0070997001
0.0076799384
0.0082700776
0.0088615406
0.0094539056
0.010042273
0.010649186
0.011248862
0.011840387
0.012435052
0.013028609
0.013620826
0.014218994
0.014812362
0.015413735
0.016017052
0.016611153
0.017215263
0.017818272
0.018413703
0.019028306
0.019629517
0.020234694
0.020843437
0.021444627
0.022049787
0.022654341
0.023255347
0.023859973
0.024462192
0.025066731
0.025682515
0.026289015
0.026896197
0.027500469
0.028101985
0.028707128
0.029329142
0.029931335
0.030533648
0.031159170
0.031764911
0.032378699
0.032990095
0.033592323
0.034188095
0.034800907
0.035418247
0.036042044
0.036648460
0.037264675
0.037871565
0.038492455
0.039115909
0.039726185
0.040350349
0.040957341
0.041577797
0.042189090
0.042811421
0.043430652
0.044047943
0.044655880
0.045279246
0.045896787
0.046515777
0.047131860
0.047761711
0.048390770
0.049010752
0.049642869
0.050263975
0.050890322
0.051522928
0.052145041
0.052774839
0.053401970
0.054020109
0.054644549
0.055266728
0.055896357
0.056529678
0.057168301
0.057800937
0.058425988
0.059058621
0.059700412
0.060332009
0.060959519
0.061590880
0.062219351
0.062844907
0.063484647
0.064120909
0.064758796
0.065397317
0.066040808
0.066675929
0.067316543
0.067958860
0.068587677
0.069225179
0.069872972
0.070509246
0.071146988
0.071789451
0.072434961
0.073065362
0.073711770
0.074356935
0.074999814
0.075642272
0.076284333
0.076921273
0.077566474
0.078212821
0.078863190
0.079510193
0.080160092
0.080816334
0.081456767
0.082105161
0.082751591
0.083399711
0.084049923
0.084693246
0.085341889
0.085991150
0.086661928
0.087311774
0.087969977
0.088629291
0.089290687
0.089953060
0.090599927
0.091256077
0.091909843
0.092567440
0.093236825
0.093889076
0.094550025
0.095213101
0.095878695
0.096535057
0.097195231
0.097862947
0.098525113
0.099197750
0.099856400
0.10052584
0.10119346
0.10186740
0.10253056
0.10318727
0.10385415
0.10452090
0.10518789
0.10585896
0.10652057
0.10719810
0.10786602
0.10853830
0.10921146
0.10987740
0.11054140
0.11122915
0.11189347
0.11257133
0.11325072
0.11392802
0.11459865
0.11527086
0.11594848
0.11661713
0.11729915
0.11797714
0.11865256
0.11933186
0.12001143
0.12069071
0.12136544
0.12205178
0.12272883
0.12341627
0.12409419
0.12478045
0.12546727
0.12615615
0.12685102
0.12753472
0.12822688
0.12891944
0.12960763
0.13030023
0.13098880
0.13167475
0.13236365
0.13306022
0.13376432
0.13445704
0.13515940
0.13584215
0.13654112
0.13724115
0.13793839
0.13862579
0.13931502
0.14002668
0.14071668
0.14141706
0.14212096
0.14282571
0.14353686
0.14423060
0.14493370
0.14563838
0.14633394
0.14702945
0.14773718
0.14845037
0.14914955
0.14986166
0.15057193
0.15127265
0.15197389
0.15268960
0.15340040
0.15410248
0.15481308
0.15552932
0.15623995
0.15695263
0.15766771
0.15837833
0.15908509
0.15980861
0.16053268
0.16125316
0.16196738
0.16268979
0.16341741
0.16411915
0.16484149
0.16556543
0.16628963
0.16699318
0.16770297
0.16842928
0.16914240
0.16985332
0.17057229
0.17131011
0.17202368
0.17275083
0.17348688
0.17421562
0.17494169
0.17568235
0.17640890
0.17714996
0.17787275
0.17860763
0.17934931
0.18008429
0.18081599
0.18155031
0.18227691
0.18300817
0.18374047
0.18447433
0.18521029
0.18595510
0.18669251
0.18742637
0.18816897
0.18890981
0.18965374
0.19039575
0.19113183
0.19188461
0.19262212
0.19335415
0.19410721
0.19484900
0.19559557
0.19633464
0.19708128
0.19781332
0.19855588
0.19930225
0.20005147
0.20080668
0.20155941
0.20230790
0.20304968
0.20379796
0.20454762
0.20530685
0.20606859
0.20682232
0.20757697
0.20833956
0.20909818
0.20986245
0.21060869
0.21137160
0.21213365
0.21290598
0.21367561
0.21443740
0.21519473
0.21594921
0.21672499
0.21749130
0.21827436
0.21904677
0.21980768
0.22056925
0.22132729
0.22210650
0.22288064
0.22364730
0.22442118
0.22519316
0.22596351
0.22672927
0.22749799
0.22826750
0.22904776
0.22982155
0.23059221
0.23137313
0.23217069
0.23295843
0.23373802
0.23452830
0.23533154
0.23610468
0.23689775
0.23768361
0.23846732
0.23925754
0.24004513
0.24084061
0.24162852
0.24242943
0.24323035
0.24402007
0.24481624
0.24560559
0.24641351
0.24720735
0.24800998
0.24881139
0.24961540
0.25042945
0.25123121
0.25200836
0.25280110
0.25361274
0.25442781
0.25522877
0.25602199
0.25682361
0.25762331
0.25842627
0.25922002
0.26002517
0.26083656
0.26165062
0.26245719
0.26327760
0.26408539
0.26490358
0.26572666
0.26654051
0.26734572
0.26815174
0.26896503
0.26979550
0.27061815
0.27144184
0.27226837
0.27307878
0.27389471
0.27470729
0.27552008
0.27633459
0.27716236
0.27798533
0.27881765
0.27963331
0.28045406
0.28128980
0.28211605
0.28294013
0.28376862
0.28459751
0.28543189
0.28626279
0.28710254
0.28794122
0.28877562
0.28959767
0.29044000
0.29127399
0.29210749
0.29295127
0.29378120
0.29463016
0.29545804
0.29630560
0.29714930
0.29799034
0.29881941
0.29966255
0.30049785
0.30134581
0.30219140
0.30303613
0.30386843
0.30473033
0.30558338
0.30642748
0.30728480
0.30812351
0.30897700
0.30983101
0.31068983
0.31153070
0.31238186
0.31325224
0.31409847
0.31494218
0.31579975
0.31666514
0.31751988
0.31837316
0.31923185
0.32009384
0.32095373
0.32182204
0.32267863
0.32355368
0.32443096
0.32530844
0.32617470
0.32705709
0.32793069
0.32880502
0.32967555
0.33054792
0.33142667
0.33230758
0.33318908
0.33406638
0.33494181
0.33582595
0.33670984
0.33759621
0.33847964
0.33935663
0.34023719
0.34110941
0.34199080
0.34286724
0.34374658
0.34464331
0.34552380
0.34641350
0.34731572
0.34821158
0.34909785
0.34999821
0.35088401
0.35178132
0.35266370
0.35354196
0.35443434
0.35533786
0.35623235
0.35714077
0.35803454
0.35893299
0.35983156
0.36073386
0.36163630
0.36255363
0.36347379
0.36439449
0.36532315
0.36622374
0.36714874
0.36807390
0.36897739
0.36989738
0.37083338
0.37173715
0.37265724
0.37357198
0.37451030
0.37542532
0.37635469
0.37726143
0.37817232
0.37909360
0.38001761
0.38094829
0.38186856
0.38280275
0.38373504
0.38466773
0.38559421
0.38651937
0.38747086
0.38841311
0.38934701
0.39028629
0.39120191
0.39213020
0.39306462
0.39399775
0.39493784
0.39587084
0.39682722
0.39777272
0.39872343
0.39966674
0.40061636
0.40156447
0.40250904
0.40345177
0.40441512
0.40537074
0.40633371
0.40727918
0.40824721
0.40920780
0.41014896
0.41110035
0.41208898
0.41305958
0.41402253
0.41498675
0.41595479
0.41690458
0.41788110
0.41885747
0.41983547
0.42081158
0.42179409
0.42277834
0.42376035
0.42472500
0.42570262
0.42668574
0.42765010
0.42862951
0.42959442
0.43057252
0.43154107
0.43252505
0.43352065
0.43451822
0.43550218
0.43648772
0.43747642
0.43847021
0.43946199
0.44045503
0.44145471
0.44244754
0.44345310
0.44443556
0.44542129
0.44642468
0.44740997
0.44842261
0.44942193
0.45041167
0.45140143
0.45242137
0.45342224
0.45440511
0.45540935
0.45642254
0.45744063
0.45845602
0.45946416
0.46046439
0.46148228
0.46248948
0.46351807
0.46455428
0.46557249
0.46659951
0.46761336
0.46865988
0.46967470
0.47070350
0.47173220
0.47276134
0.47377783
0.47479907
0.47584212
0.47688111
0.47791275
0.47894821
0.47997807
0.48102838
0.48205175
0.48309925
0.48415722
0.48520067
0.48625152
0.48729764
0.48835181
0.48939948
0.49043677
0.49146710
0.49251070
0.49357623
0.49464419
0.49570413
0.49675166
0.49780214
0.49886328
0.49991398
0.50094534
0.50199432
0.50304719
0.50410893
0.50517194
0.50624137
0.50731150
0.50838736
0.50945709
0.51052658
0.51158973
0.51266938
0.51375557
0.51483135
0.51591647
0.51699785
0.51809067
0.51917123
0.52026419
0.52134624
0.52245526
0.52354631
0.52465137
0.52574165
0.52685691
0.52794742
0.52902452
0.53013373
0.53122362
0.53234182
0.53344880
0.53455384
0.53565804
0.53676412
0.53787389
0.53899664
0.54011307
0.54122929
0.54234987
0.54348101
0.54459588
0.54571126
0.54682054
0.54792744
0.54904625
0.55015381
0.55127117
0.55238521
0.55350651
0.55463497
0.55575974
0.55689707
0.55802117
0.55914617
0.56029030
0.56142749
0.56257986
0.56370930
0.56485006
0.56598671
0.56714045
0.56827477
0.56941793
0.57057549
0.57171645
0.57287887
0.57402522
0.57517403
0.57631759
0.57749663
0.57864820
0.57979949
0.58095914
0.58212932
0.58329561
0.58446204
0.58562368
0.58679745
0.58795615
0.58913637
0.59030629
0.59148973
0.59268024
0.59385833
0.59504236
0.59622815
0.59739930
0.59857158
0.59975236
0.60094584
0.60212256
0.60331107
0.60450076
0.60571178
0.60692226
0.60809399
0.60929126
0.61048174
0.61168306
0.61290277
0.61409055
0.61528918
0.61649449
0.61768532
0.61890320
0.62012149
0.62131682
0.62254424
0.62378569
0.62501592
0.62624227
0.62743897
0.62865355
0.62987204
0.63108663
0.63232871
0.63355167
0.63476964
0.63600311
0.63723204
0.63846671
0.63970536
0.64093457
0.64216236
0.64339119
0.64465672
0.64588376
0.64713363
0.64838994
0.64963151
0.65089260
0.65215190
0.65339710
0.65464739
0.65592512
0.65718010
0.65844082
0.65970849
0.66097103
0.66225488
0.66354837
0.66481383
0.66607801
0.66736098
0.66863376
0.66992227
0.67118963
0.67246668
0.67372570
0.67501209
0.67629444
0.67760140
0.67888598
0.68015810
0.68145536
0.68275725
0.68403216
0.68532273
0.68663023
0.68793017
0.68923103
0.69053977
0.69185521
0.69315698
0.69444913
0.69576375
0.69706913
0.69839650
0.69971950
0.70104246
0.70238851
0.70373445
0.70506406
0.70638837
0.70771058
0.70903448
0.71036212
0.71170512
0.71306280
0.71441103
0.71574907
0.71710054
0.71845195
0.71981218
0.72117716
0.72252615
0.72386878
0.72522121
0.72659375
0.72796288
0.72929990
0.73064831
0.73203327
0.73340107
0.73475171
0.73612686
0.73751269
0.73885665
0.74025355
0.74165617
0.74305839
0.74442920
0.74581044
0.74720726
0.74859587
0.74998231
0.75137788
0.75275088
0.75414291
0.75554452
0.75693795
0.75832427
0.75972439
0.76113188
0.76253058
0.76394540
0.76536548
0.76676490
0.76819080
0.76959795
0.77103221
0.77244778
0.77387669
0.77530518
0.77673923
0.77817704
0.77959943
0.78104274
0.78248430
0.78393184
0.78537686
0.78681981
0.78823379
0.78969120
0.79113862
0.79258022
0.79402977
0.79548058
0.79692428
0.79838119
0.79982109
0.80127433
0.80276016
0.80424243
0.80570830
0.80716708
0.80862670
0.81012087
0.81158880
0.81308731
0.81459000
0.81611629
0.81760799
0.81911563
0.82060317
0.82212077
0.82363466
0.82514419
0.82664519
0.82815327
0.82969247
0.83118226
0.83268364
0.83418962
0.83569180
0.83719410
0.83871021
0.84022107
0.84176452
0.84329849
0.84482430
0.84635212
0.84787972
0.84941995
0.85097966
0.85252313
0.85408393
0.85565105
0.85720934
0.85877078
0.86035743
0.86193076
0.86349575
0.86507271
0.86667725
0.86824083
0.86982248
0.87143095
0.87300357
0.87460299
0.87616021
0.87773175
0.87930356
0.88088785
0.88247281
0.88408689
0.88569361
0.88728292
0.88891713
0.89052410
0.89214776
0.89377642
0.89538243
0.89702865
0.89862962
0.90025146
0.90188990
0.90354004
0.90514144
0.90678860
0.90843611
0.91008087
0.91169921
0.91335831
0.91499254
0.91665084
0.91833491
0.92000605
0.92167869
0.92334663
0.92504430
0.92671488
0.92841539
0.93007335
0.93176055
0.93345031
0.93512805
0.93682839
0.93851837
0.94024175
0.94196969
0.94365144
0.94535116
0.94704678
0.94876247
0.95046959
0.95219603
0.95391923
0.95563767
0.95734862
0.95906839
0.96081695
0.96257011
0.96428753
0.96602293
0.96778098
0.96952687
0.97125835
0.97301101
0.97478894
0.97653129
0.97827735
0.98004410
0.98180948
0.98357397
0.98534176
0.98711856
0.98888067
0.99065198
0.99244628
0.99418862
0.99596105
0.99775440
0.99957338
1.0013701
1.0031610
1.0049981
1.0068057
1.0086184
1.0104468
1.0122867
1.0140914
1.0158942
1.0176947
1.0195434
1.0213429
1.0231958
1.0250384
1.0268826
1.0287263
1.0305579
1.0324150
1.0342858
1.0361352
1.0380124
1.0398617
1.0417115
1.0436138
1.0455196
1.0474160
1.0493005
1.0511951
1.0531044
1.0550176
1.0568984
1.0587841
1.0606792
1.0625876
1.0644947
1.0664423
1.0683454
1.0702810
1.0721814
1.0740939
1.0759959
1.0779128
1.0798468
1.0817861
1.0837605
1.0857138
1.0876644
1.0896385
1.0916176
1.0935805
1.0955276
1.0974871
1.0994695
1.1014433
1.1034204
1.1054043
1.1074048
1.1093909
1.1114204
1.1134271
1.1154251
1.1174280
1.1194309
1.1214584
1.1234661
1.1254853
1.1274924
1.1295346
1.1315747
1.1336174
1.1356427
1.1376884
1.1397532
1.1418077
1.1438475
1.1458912
1.1479348
1.1500061
1.1520577
1.1541080
1.1562137
1.1582805
1.1603637
1.1624645
1.1645316
1.1666423
1.1687446
1.1708309
1.1729391
1.1750854
1.1771869
1.1792744
1.1813578
1.1834932
1.1855879
1.1877075
1.1898885
1.1919946
1.1941264
1.1962657
1.1984145
1.2005804
1.2027529
1.2049469
1.2071450
1.2092852
1.2114609
1.2136420
1.2158159
1.2179989
1.2201643
1.2223661
1.2245462
1.2267640
1.2289729
1.2311801
1.2334132
1.2356336
1.2378220
1.2400192
1.2422537
1.2445073
1.2467309
1.2489660
1.2512265
1.2534643
1.2557038
1.2579474
1.2602035
1.2624668
1.2647510
1.2670659
1.2693528
1.2716096
1.2739261
1.2762197
1.2785460
1.2808739
1.2831423
1.2854545
1.2877830
1.2900736
1.2923822
1.2946867
1.2969695
1.2993288
1.3016486
1.3039977
1.3063566
1.3086902
1.3110365
1.3134017
1.3157485
1.3180877
1.3204372
1.3228091
1.3251387
1.3275510
1.3299014
1.3322806
1.3346265
1.3369984
1.3393554
1.3417824
1.3442001
1.3466116
1.3490444
1.3514399
1.3538360
1.3562555
1.3586786
1.3611157
1.3635739
1.3660420
1.3684611
1.3709301
1.3733939
1.3758994
1.3783348
1.3808073
1.3832678
1.3857461
1.3882409
1.3907246
1.3932249
1.3957224
1.3981861
1.4006840
1.4031551
1.4056766
1.4081827
1.4106580
1.4131906
1.4156806
1.4182221
1.4207764
1.4233040
1.4258460
1.4284232
1.4309704
1.4335081
1.4360794
1.4386401
1.4411597
1.4437269
1.4463570
1.4489641
1.4515765
1.4541801
1.4567530
1.4593341
1.4619328
1.4645602
1.4671443
1.4697751
1.4724312
1.4750702
1.4777260
1.4803604
1.4830118
1.4856210
1.4882460
1.4909448
1.4935932
1.4962727
1.4989744
1.5016561
1.5043375
1.5069835
1.5096686
1.5124216
1.5151247
1.5178235
1.5205528
1.5232225
1.5259323
1.5286259
1.5313821
1.5341218
1.5368180
1.5395316
1.5422921
1.5450014
1.5477488
1.5504584
1.5532244
1.5559449
1.5587116
1.5615084
1.5642624
1.5670429
1.5697924
1.5725804
1.5753892
1.5782035
1.5810146
1.5838397
1.5866943
1.5895134
1.5923009
1.5951288
1.5979465
1.6007810
1.6036025
1.6064682
1.6093011
1.6121666
1.6150435
1.6179121
1.6207920
1.6236336
1.6264915
1.6293906
1.6322582
1.6351894
1.6381199
1.6410316
1.6439659
1.6468214
1.6497578
1.6527157
1.6556281
1.6585062
1.6614445
1.6644303
1.6673651
1.6702899
1.6732434
1.6761683
1.6791754
1.6821009
1.6851058
1.6880809
1.6911133
1.6940927
1.6970562
1.7000501
1.7030361
1.7060416
1.7090429
1.7120671
1.7151346
1.7182354
1.7212737
1.7243472
1.7273376
1.7304078
1.7334634
1.7365517
1.7396369
1.7426973
1.7457939
1.7488479
1.7518711
1.7549971
1.7581226
1.7612160
1.7643308
1.7674368
1.7705431
1.7736559
1.7767558
1.7798557
1.7829224
1.7860184
1.7891581
1.7923557
1.7955266
1.7986518
1.8018286
1.8049665
1.8081279
1.8113490
1.8145349
1.8177077
1.8209159
1.8241042
1.8272995
1.8305264
1.8337541
1.8370342
1.8402954
1.8435257
1.8467906
1.8501057
1.8533505
1.8566943
1.8599327
1.8632356
1.8665214
1.8697871
1.8730430
1.8763670
1.8796665
1.8829482
1.8862645
1.8895525
1.8928580
1.8962042
1.8995233
1.9029108
1.9061736
1.9095473
1.9129278
1.9162853
1.9196408
1.9229852
1.9263914
1.9297922
1.9331476
1.9365333
1.9399230
1.9433963
1.9468224
1.9502200
1.9537028
1.9572049
1.9607147
1.9641711
1.9675509
1.9709958
1.9744545
1.9779538
1.9814449
1.9849589
1.9884442
1.9919668
1.9954742
1.9990571
2.0025715
2.0060877
2.0096402
2.0131932
2.0167176
2.0202549
2.0237525
2.0273387
2.0308691
2.0344510
2.0379798
2.0415816
2.0451849
2.0488086
2.0523848
2.0559948
2.0596222
2.0632095
2.0668132
2.0704430
2.0740376
2.0777242
2.0813627
2.0850470
2.0886607
2.0923402
2.0959964
2.0996530
2.1033528
2.1070162
2.1107290
2.1144705
2.1181811
2.1219133
2.1256806
2.1293916
2.1330463
2.1367682
2.1404942
2.1442250
2.1478860
2.1516137
2.1554528
2.1592426
2.1630261
2.1667979
2.1706117
2.1743688
2.1781494
2.1820030
2.1858124
2.1896752
2.1935129
2.1973239
2.2011667
2.2050034
2.2088303
2.2127354
2.2165579
2.2204210
2.2243012
2.2282466
2.2320373
2.2359653
2.2398617
2.2437845
2.2476758
2.2516271
2.2555238
2.2594078
2.2633570
2.2673188
2.2712486
2.2751522
2.2790935
2.2831020
2.2870725
2.2910401
2.2950439
2.2990164
2.3029769
2.3069911
2.3109777
2.3149130
2.3188898
2.3228559
2.3269199
2.3309893
2.3350408
2.3390899
2.3431298
2.3472355
2.3512506
2.3553314
2.3594040
2.3634559
2.3675934
2.3717253
2.3758181
2.3799562
2.3840212
2.3881337
2.3922578
2.3963761
2.4005124
2.4046190
2.4087623
2.4129247
2.4171263
2.4214300
2.4257105
2.4298918
2.4340443
2.4382236
2.4424448
2.4467160
2.4509590
2.4552131
2.4594719
2.4637258
2.4679374
2.4721831
2.4764614
2.4807874
2.4850689
2.4893512
2.4936803
2.4980044
2.5022390
2.5066072
2.5109180
2.5152129
2.5195239
2.5238695
2.5282037
2.5325179
2.5368768
2.5412349
2.5456874
2.5500897
2.5545367
2.5590071
2.5634594
2.5678884
2.5722444
2.5766950
2.5811796
2.5857068
2.5900897
2.5944933
2.5989864
2.6034773
2.6079189
2.6123849
2.6168551
2.6212765
2.6258042
2.6303807
2.6349345
2.6394176
2.6439611
2.6484849
2.6529715
2.6575272
2.6620128
2.6665474
2.6711461
2.6757801
2.6802824
2.6849249
2.6895900
2.6941834
2.6988647
2.7035786
2.7082763
2.7129768
2.7176076
2.7223210
2.7269704
2.7316265
2.7363739
2.7410503
2.7458317
2.7504854
2.7551843
2.7600522
2.7648396
2.7695318
2.7743630
2.7791946
2.7840474
2.7888236
2.7935216
2.7984178
2.8031329
2.8079870
2.8128330
2.8177210
2.8225770
2.8273857
2.8322320
2.8370383
2.8418918
2.8467162
2.8516255
2.8565828
2.8615062
2.8664268
2.8713953
2.8762532
2.8811229
2.8860371
2.8909709
2.8959071
2.9008687
2.9058645
2.9108443
2.9158236
2.9207383
2.9257318
2.9307748
2.9358098
2.9408776
2.9459085
2.9510206
2.9560465
2.9610578
2.9661041
2.9711997
2.9762928
2.9814606
2.9865238
2.9916691
2.9967352
3.0018922
3.0070129
3.0121403
3.0172084
3.0223242
3.0274608
3.0325918
3.0377473
3.0429161
3.0481137
3.0532338
3.0584522
3.0636352
3.0688808
3.0741691
3.0793691
3.0846011
3.0899231
3.0952576
3.1005763
3.1057799
3.1110828
3.1164856
3.1217741
3.1269925
3.1323358
3.1376980
3.1430539
3.1483475
3.1537508
3.1591349
3.1646130
3.1700970
3.1754946
3.1809707
3.1865369
3.1919403
3.1974411
3.2029065
3.2083490
3.2137510
3.2192278
3.2246980
3.2301095
3.2356255
3.2411054
3.2466493
3.2521376
3.2578410
3.2633386
3.2688829
3.2744481
3.2800799
3.2857653
3.2913305
3.2969398
3.3025052
3.3081015
3.3137059
3.3193156
3.3247948
3.3304991
3.3361372
3.3417615
3.3474577
3.3532053
3.3589404
3.3645978
3.3703152
3.3760681
3.3818822
3.3877224
3.3934762
3.3993141
3.4051873
3.4108841
3.4166073
3.4224470
3.4282808
3.4341047
3.4399009
3.4456232
3.4514775
3.4573483
3.4632288
3.4692239
3.4750369
3.4809186
3.4867727
3.4927494
3.4985740
3.5045767
3.5103963
3.5163414
3.5222780
3.5282788
3.5342461
3.5401895
3.5461986
3.5522589
3.5582380
3.5642172
3.5702547
3.5762442
3.5822715
3.5883272
3.5944024
3.6004162
3.6065239
3.6125641
3.6187074
3.6247877
3.6309737
3.6370484
3.6431662
3.6493881
3.6555729
3.6618107
3.6679459
3.6741282
3.6803160
3.6865180
3.6926999
3.6990672
3.7054064
3.7115632
3.7178755
3.7242206
3.7305488
3.7368467
3.7431744
3.7494142
3.7557194
3.7621213
3.7685973
3.7749489
3.7813921
3.7878336
3.7942854
3.8007780
3.8072547
3.8137228
3.8201174
3.8266193
3.8330618
3.8394598
3.8459736
3.8525110
3.8589217
3.8654156
3.8719210
3.8783849
3.8849960
3.8916179
3.8981551
3.9048983
3.9114612
3.9180827
3.9246800
3.9312832
3.9380415
3.9447255
3.9513956
3.9579824
3.9646884
3.9713081
3.9780347
3.9847007
3.9914502
3.9982019
4.0048822
4.0115294
4.0182868
4.0250321
4.0317017
4.0384661
4.0453048
4.0521723
4.0589474
4.0656919
4.0724931
4.0791987
4.0860581
4.0929396
4.0998101
4.1066373
4.1136474
4.1206432
4.1275423
4.1344542
4.1413028
4.1482883
4.1552278
4.1621927
4.1692435
4.1762862
4.1834262
4.1904264
4.1974776
4.2046042
4.2117219
4.2187444
4.2260517
4.2331335
4.2404403
4.2475468
4.2546736
4.2619121
4.2690827
4.2761879
4.2833918
4.2905590
4.2977188
4.3048884
4.3121818
4.3193750
4.3266204
4.3337996
4.3410292
4.3483562
4.3556825
4.3631759
4.3705194
4.3778395
4.3851049
4.3925234
4.3998600
4.4072229
4.4146249
4.4219738
4.4294043
4.4368271
4.4441957
4.4516014
4.4590501
4.4664102
4.4738229
4.4813200
4.4887991
4.4962272
4.5037308
4.5112198
4.5186640
4.5262212
4.5337868
4.5414032
4.5488847
4.5566922
4.5642103
4.5718404
4.5796251
4.5872069
4.5948546
4.6025109
4.6102097
4.6179424
4.6256666
4.6332600
4.6410475
4.6488505
4.6566620
4.6644171
4.6721995
4.6800729
4.6877456
4.6956971
4.7034412
4.7112946
4.7192310
4.7272133
4.7351539
4.7430890
4.7508489
4.7588925
4.7668462
4.7748082
4.7826831
4.7907839
4.7987562
4.8067158
4.8147413
4.8226499
4.8307739
4.8388320
4.8469201
4.8550411
4.8631819
4.8713448
4.8793533
4.8875293
4.8957139
4.9037842
4.9120399
4.9202009
4.9284533
4.9366661
4.9449419
4.9531926
4.9614304
4.9696492
4.9779344
4.9862609
4.9946666
5.0029120
5.0113696
5.0196692
5.0280327
5.0363712
5.0447866
5.0530952
5.0613989
5.0696387
5.0780618
5.0865640
5.0951004
5.1035527
5.1121996
5.1208095
5.1292682
5.1377267
5.1462221
5.1547731
5.1632460
5.1719078
5.1805231
5.1892262
5.1976755
5.2062581
5.2149624
5.2236660
5.2324554
5.2412504
5.2499692
5.2586696
5.2674186
5.2761259
5.2848583
5.2936121
5.3022482
5.3111128
5.3200567
5.3289429
5.3378427
5.3468101
5.3557602
5.3645740
5.3734125
5.3823090
5.3911840
5.4001033
5.4090607
5.4180640
5.4270959
5.4360626
5.4451095
5.4541648
5.4632649
5.4721735
5.4812747
5.4903650
5.4994611
5.5086100
5.5177935
5.5268547
5.5358855
5.5450589
5.5543347
5.5635578
5.5727949
5.5819645
5.5912930
5.6004875
5.6097214
5.6190004
5.6283156
5.6376481
5.6469692
5.6561486
5.6653606
5.6748629
5.6845312
5.6937623
5.7031040
5.7123830
5.7218755
5.7312698
5.7408048
5.7504230
5.7598529
5.7693806
5.7789607
5.7884592
5.7979515
5.8075828
5.8171847
5.8267654
5.8364490
5.8462305
5.8558766
5.8655250
5.8753153
5.8849389
5.8946392
5.9042851
5.9138999
5.9236786
5.9334814
5.9431889
5.9531295
5.9630027
5.9729013
5.9827294
5.9925382
6.0024671
6.0124379
6.0223595
6.0323788
6.0421985
6.0522048
6.0621806
6.0720888
6.0821511
6.0922235
6.1021682
6.1123912
6.1224814
6.1326861
6.1426360
6.1527149
6.1628718
6.1730527
6.1832131
6.1933166
6.2034395
6.2136558
6.2237374
6.2338446
6.2443283
6.2547033
6.2651163
6.2754217
6.2858103
6.2961243
6.3064975
6.3170383
6.3274209
6.3379231
6.3483887
6.3589007
6.3693093
6.3798180
6.3903652
6.4009235
6.4115168
6.4221685
6.4327342
6.4432709
6.4540147
6.4645741
6.4753024
6.4859330
6.4965451
6.5072219
6.5180405
6.5287579
6.5395017
6.5503320
6.5610896
6.5717889
6.5824993
6.5934675
6.6043702
6.6153157
6.6263176
6.6371220
6.6479600
6.6587492
6.6696587
6.6804196
6.6913513
6.7024445
6.7136270
6.7246661
6.7356782
6.7468232
6.7578523
6.7688945
6.7801524
6.7913344
6.8023349
6.8136896
6.8248518
6.8360919
6.8472414
6.8585484
6.8697633
6.8810394
6.8925537
6.9037825
6.9151576
6.9262703
6.9377844
6.9490957
6.9604512
6.9718221
6.9833209
6.9949404
7.0065412
7.0181935
7.0297216
7.0412566
7.0529526
7.0646228
7.0761459
7.0877315
7.0993630
7.1109912
7.1227384
7.1343048
7.1460632
7.1576606
7.1694080
7.1814937
7.1934436
7.2051581
7.2168897
7.2285857
7.2403728
7.2523426
7.2641071
7.2758923
7.2877163
7.2996288
7.3115916
7.3238298
7.3358670
7.3480074
7.3602096
7.3721693
7.3844269
7.3964466
7.4085342
7.4206554
7.4327438
7.4450529
7.4572241
7.4696472
7.4820410
7.4946522
7.5069829
7.5191399
7.5315079
7.5438258
7.5561719
7.5684852
7.5807930
7.5930084
7.6053828
7.6176496
7.6298769
7.6422606
7.6548282
7.6673032
7.6798302
7.6920631
7.7046639
7.7172638
7.7297109
7.7422762
7.7548266
7.7673170
7.7799306
7.7925324
7.8052540
7.8181368
7.8312343
7.8441097
7.8569236
7.8698519
7.8827834
7.8958392
7.9088487
7.9217653
7.9349486
7.9479389
7.9608975
7.9739189
7.9869521
8.0001536
8.0129424
8.0258612
8.0389959
8.0521527
8.0654304
8.0786416
8.0919763
8.1049457
8.1181218
8.1314783
8.1448675
8.1577602
8.1712159
8.1846410
8.1982840
8.2115659
8.2251516
8.2384285
8.2518545
8.2653125
8.2787555
8.2923849
8.3057513
8.3192687
8.3327840
8.3463729
8.3598218
8.3735251
8.3869003
8.4005220
8.4140481
8.4278331
8.4418759
8.4558750
8.4697011
8.4835689
8.4974342
8.5114169
8.5252160
8.5391684
8.5530859
8.5669022
8.5809935
8.5949126
8.6088509
8.6231428
8.6372156
8.6514016
8.6654179
8.6797123
8.6936118
8.7078384
8.7218622
8.7361479
8.7506157
8.7647872
8.7791169
8.7932552
8.8078775
8.8218552
8.8360939
8.8504504
8.8649169
8.8790910
8.8934587
8.9076262
8.9221500
8.9366517
8.9511655
8.9657571
8.9805927
8.9951374
9.0096026
9.0243098
9.0387932
9.0534700
9.0681271
9.0828457
9.0975534
9.1120922
9.1268900
9.1419461
9.1565571
9.1713543
9.1861430
9.2010346
9.2159645
9.2310039
9.2458902
9.2609099
9.2758590
9.2907052
9.3060398
9.3212277
9.3361799
9.3513969
9.3664856
9.3817109
9.3970576
9.4123574
9.4279807
9.4433545
9.4590097
9.4743459
9.4899019
9.5053543
9.5209608
9.5364980
9.5520382
9.5677547
9.5833235
9.5986945
9.6140486
9.6295941
9.6452133
9.6607381
9.6762937
9.6922132
9.7079793
9.7240914
9.7397742
9.7556673
9.7716010
9.7874782
9.8034357
9.8192163
9.8351666
9.8515063
9.8674714
9.8833041
9.8991068
9.9149955
9.9311330
9.9471511
9.9628976
9.9790714
9.9956795
10.011753
10.027762
10.043592
10.060011
10.076121
10.092563
10.109004
10.125301
10.141861
10.158628
10.175115
10.192028
10.208542
10.224976
10.241655
10.258107
10.274983
10.291521
10.308083
10.324900
10.341197
10.358006
10.374615
10.391274
10.408180
10.425251
10.442134
10.459087
10.476332
10.493175
10.510465
10.527489
10.544409
10.561345
10.578645
10.595751
10.612625
10.630015
10.647253
10.664443
10.681839
10.699175
10.716436
10.733804
10.751140
10.768430
10.785714
10.803066
10.820402
10.837767
10.855492
10.873228
10.890391
10.908208
10.925707
10.943841
10.961435
10.979124
10.996968
11.014639
11.032352
11.050547
11.068257
11.086347
11.103964
11.121981
11.139864
11.157803
11.175589
11.193430
11.211651
11.229774
11.247633
11.265584
11.283790
11.301781
11.320131
11.338542
11.356848
11.375056
11.393310
11.411761
11.430205
11.448615
11.467059
11.485510
11.504065
11.522714
11.541323
11.559793
11.578448
11.596927
11.615576
11.634058
11.652959
11.671960
11.690481
11.709186
11.727915
11.746862
11.765901
11.784888
11.803618
11.822503
11.841629
11.860812
11.879980
11.898920
11.918135
11.937300
11.956491
11.975500
11.994797
12.014215
12.033774
12.053221
12.072601
12.091761
12.111459
12.130856
12.150300
12.169984
12.189335
12.209025
12.228687
12.248350
12.267956
12.287685
12.307553
12.327457
12.347721
12.367489
12.387695
12.407426
12.427272
12.447094
12.467074
12.486874
12.506620
12.526515
12.546973
12.566921
12.587290
12.607645
12.627892
12.648320
12.668614
12.688810
12.708770
12.729267
12.749681
12.770199
12.790496
12.810787
12.831571
12.852585
12.873670
12.894309
12.915219
12.935911
12.957203
12.978164
12.999489
13.020582
13.041921
13.062933
13.083605
13.104581
13.125422
13.146436
13.167125
13.188470
13.209095
13.230009
13.251344
13.272692
13.294141
13.315576
13.337127
13.358169
13.380048
13.401811
13.423429
13.445242
13.466655
13.488642
13.510537
13.532454
13.553993
13.575787
13.597690
13.619414
13.640927
13.662902
13.684853
13.706473
13.728564
13.750844
13.773185
13.795420
13.817889
13.839967
13.862257
13.884697
13.907185
13.929295
13.951502
13.973556
13.995975
14.018455
14.041244
14.063612
14.086024
14.108779
14.131168
14.153838
14.176702
14.199202
14.222036
14.245019
14.267550
14.290380
14.313271
14.335966
14.359526
14.382881
14.406272
14.429288
14.452432
14.475265
14.498531
14.521639
14.544877
14.568461
14.592201
14.615650
14.638925
14.662611
14.686008
14.709423
14.733226
14.756371
14.780114
14.803700
14.827613
14.851666
14.875211
14.899342
14.923735
14.947827
14.971662
14.995425
15.019207
15.043762
15.068184
15.092267
15.116522
15.140507
15.164837
15.188587
15.213021
15.236960
15.261312
15.285468
15.309967
15.334518
15.359142
15.384107
15.408272
15.433008
15.457946
15.482863
15.507719
15.532528
15.557357
15.581962
15.607035
15.631629
15.656241
15.681295
15.706914
15.732320
15.757248
15.782541
15.807737
15.833413
15.859244
15.884126
15.909398
15.935108
15.961181
15.986754
16.012280
16.037821
16.063825
16.089723
16.115349
16.140853
16.167342
16.192946
16.218874
16.244908
16.271030
16.297265
16.323399
16.349599
16.375657
16.401601
16.427964
16.454376
16.481164
16.508072
16.534565
16.560971
16.587561
16.613924
16.640753
16.667288
16.694113
16.720696
16.747017
16.774223
16.801663
16.828377
16.855205
16.881862
16.909526
16.936001
16.963162
16.990465
17.017676
17.045041
17.072804
17.099998
17.127147
17.154026
17.181639
17.208819
17.236257
17.263327
17.290685
17.317926
17.345513
17.373357
17.400831
17.428789
17.457643
17.485637
17.513419
17.541221
17.568866
17.596984
17.624574
17.652774
17.681006
17.709144
17.737273
17.765578
17.794497
17.822514
17.851129
17.879893
17.908769
17.937512
17.966082
17.994530
18.023257
18.051834
18.080358
18.109426
18.138083
18.166633
18.195776
18.224662
18.254232
18.283666
18.312842
18.341619
18.371498
18.400894
18.430304
18.458828
18.488552
18.517840
18.546765
18.575743
18.605966
18.636075
18.666254
18.695981
18.725615
18.756028
18.786229
18.816492
18.846798
18.876833
18.906680
18.936366
18.966039
18.996258
19.026836
19.057136
19.087936
19.118447
19.148660
19.179580
19.210345
19.240709
19.271741
19.302010
19.332872
19.363777
19.394772
19.425635
19.457049
19.487576
19.518354
19.549474
19.580824
19.612230
19.643503
19.674185
19.705887
19.737401
19.768874
19.800302
19.831787
19.863291
19.894497
19.926621
19.957962
19.989745
20.020886
20.052971
20.085910
20.118090
20.150505
20.182812
20.215226
20.247310
20.279814
20.312424
20.345116
20.377778
20.410005
20.441874
20.474694
20.507534
20.540336
20.573276
20.605768
20.638640
20.671576
20.704302
20.737197
20.770196
20.803504
20.836382
20.869769
20.902980
20.936167
20.969299
21.003187
21.037147
21.070212
21.103730
21.137662
21.171733
21.205548
21.239108
21.272628
21.306694
21.340778
21.374704
21.408594
21.442117
21.476211
21.510530
21.544859
21.578996
21.613570
21.647579
21.682031
21.716943
21.752054
21.786563
21.820813
21.855302
21.890010
21.925361
21.960746
21.995437
22.030167
22.065494
22.100508
22.135683
22.170999
22.207019
22.242477
22.278081
22.313330
22.348567
22.385043
22.420368
22.455980
22.492096
22.527794
22.563199
22.598971
22.635299
22.671232
22.707254
22.743512
22.779760
22.815801
22.852641
22.888573
22.924654
22.961343
22.998385
23.034585
23.071418
23.108375
23.145448
23.183080
23.219661
23.256422
23.293769
23.331292
23.369028
23.407145
23.444408
23.481311
23.519108
23.555748
23.593202
23.629928
23.667568
23.704895
23.743245
23.781349
23.819047
23.856843
23.894691
23.932787
23.970560
24.008518
24.046145
24.084328
24.123004
24.161543
24.199900
24.238956
24.277449
24.315647
24.354352
24.392770
24.431065
24.469749
24.508220
24.546968
24.586855
24.625540
24.664678
24.703278
24.742594
24.781730
24.820447
24.859372
24.898637
24.938472
24.978162
25.017288
25.056288
25.096073
25.135871
25.175883
25.215873
25.256353
25.296350
25.336231
25.376088
25.416945
25.456933
25.497313
25.537817
25.579061
25.619849
25.660524
25.700744
25.741136
25.781552
25.821572
25.861710
25.902702
25.942743
25.983649
26.025366
26.065672
26.107130
26.148826
26.189773
26.231354
26.272778
26.314339
26.355051
26.396628
26.438219
26.479915
26.522206
26.564375
26.607124
26.649369
26.692375
26.734705
26.777287
26.820432
26.863086
26.905807
26.948503
26.990651
27.033584
27.075929
27.118817
27.161945
27.204868
27.248655
27.292098
27.335857
27.379300
27.422601
27.466118
27.509949
27.553555
27.598134
27.641246
27.685010
27.728359
27.772383
27.816761
27.861035
27.904852
27.949986
27.992812
28.036500
28.081030
28.125224
28.169967
28.214939
28.259694
28.304672
28.349503
28.394675
28.440441
28.485207
28.530316
28.575826
28.620362
28.666568
28.712736
28.759035
28.804657
28.850494
28.895954
28.941952
28.988133
29.033427
29.080024
29.125194
29.171833
29.217575
29.263570
29.309868
29.357921
29.404219
29.450607
29.497445
29.543819
29.591239
29.638796
29.686124
29.732980
29.779575
29.826707
29.873369
29.920611
29.967261
30.014949
30.062413
30.109959
30.157152
30.204701
30.252375
30.300994
30.349403
30.396431
30.444943
30.493193
30.541719
30.590052
30.638260
30.687595
30.736699
30.785358
30.833986
30.882554
30.932091
30.981631
31.030918
31.079665
31.128670
31.178266
31.226879
31.277276
31.327015
31.378091
31.429065
31.478950
31.528532
31.577584
31.627863
31.678364
31.728087
31.778227
31.829160
31.879700
31.930163
31.981330
32.031879
32.082252
32.133779
32.184235
32.235997
32.286268
32.337619
32.389981
32.441389
32.493014
32.544391
32.595810
32.648509
32.700756
32.751699
32.803667
32.855467
32.907195
32.958910
33.011540
33.063597
33.115860
33.168677
33.222478
33.275896
33.328178
33.380960
33.434553
33.488279
33.540780
33.594273
33.648619
33.701622
33.754532
33.808202
33.860776
33.915280
33.968083
34.021494
34.075596
34.129717
34.184470
34.238140
34.291837
34.346307
34.399905
34.454026
34.508669
34.563583
34.618139
34.673642
34.729111
34.783976
34.839936
34.895123
34.951120
35.005709
35.061272
35.116479
35.171970
35.227579
35.283053
35.341268
35.397387
35.453475
35.509812
35.565736
35.622682
35.678387
35.734151
35.790669
35.847350
35.905463
35.961917
36.018526
36.075545
36.132394
36.190170
36.247701
36.304068
36.362112
36.420294
36.476743
36.533897
36.593216
36.651406
36.710614
36.768955
36.826451
36.885565
36.944929
37.003292
37.062539
37.121866
37.181271
37.240753
37.299668
37.357903
37.417736
37.477075
37.537105
37.596453
37.656875
37.716173
37.775150
37.834632
37.894715
37.954850
38.016176
38.076035
38.135503
38.196717
38.257689
38.318002
38.379081
38.439593
38.501012
38.561406
38.621774
38.683404
38.744514
38.806765
38.868758
38.929926
38.991434
39.054142
39.116154
39.177776
39.239818
39.302063
39.364470
39.427103
39.488743
39.551878
39.614151
39.677476
39.740621
39.803714
39.866952
39.930134
39.993033
40.056634
40.119386
40.183776
40.248532
40.312630
40.376251
40.440721
40.505153
40.569472
40.633162
40.698163
40.762143
40.825692
40.891013
40.955498
41.019909
41.085083
41.150527
41.216421
41.282262
41.347887
41.413938
41.479784
41.544786
41.611216
41.676785
41.742101
41.809525
41.875501
41.942292
42.008784
42.075430
42.141761
42.208767
42.276006
42.342892
42.409873
42.477890
42.546291
42.613885
42.681089
42.749553
42.817902
42.885444
42.952612
43.020270
43.088291
43.156555
43.225012
43.294839
43.363308
43.431534
43.499696
43.568584
43.637545
43.707822
43.776715
43.846487
43.914628
43.984665
44.052928
44.121225
44.191299
44.261861
44.332428
44.403077
44.473387
44.543993
44.616141
44.686274
44.757015
44.828783
44.899508
44.970782
45.042337
45.113746
45.184655
45.255504
45.327556
45.399584
45.471999
45.544058
45.617053
45.689428
45.762491
45.834868
45.907257
45.980517
46.053523
46.127777
46.202362
46.275225
46.348263
46.422876
46.497127
46.570950
46.645187
46.720457
46.794380
46.868384
46.940841
47.016174
47.090483
47.164869
47.240004
47.313799
47.388380
47.463582
47.539426
47.615652
47.691159
47.765965
47.841587
47.916344
47.992357
48.067622
48.143230
48.219055
48.294579
48.369588
48.448238
48.524149
48.602462
48.677845
48.754457
48.832405
48.910866
48.988927
49.067202
49.145718
49.224022
49.301974
49.380229
49.459366
49.538454
49.616874
49.696639
49.775976
49.854716
49.933751
50.013506
50.094141
50.172906
50.252328
50.331481
50.411256
50.491258
50.571420
50.651520
50.732635
50.813034
50.893474
50.974081
51.054958
51.136219
51.216067
51.297855
51.380824
51.461467
51.543254
51.623509
51.705631
51.787139
51.869936
51.952043
52.034492
52.117285
52.199211
52.281739
52.365227
52.449292
52.532997
52.617034
52.701072
52.783912
52.868906
52.953269
53.037014
53.122223
53.205589
53.290793
53.375842
53.461052
53.544544
53.627682
53.714030
53.799188
53.885140
53.969695
54.056134
54.142317
54.228800
54.314507
54.400256
54.486464
54.572849
54.660079
54.747961
54.835139
54.922327
55.008562
55.095134
55.183575
55.269082
55.358163
55.446451
55.534605
55.623035
55.710796
55.799097
55.888627
55.977649
56.065740
56.156245
56.244464
56.333681
56.423821
56.513470
56.603923
56.693047
56.782455
56.871525
56.961608
57.051161
57.140794
57.230945
57.323509
57.416326
57.506657
57.600581
57.693869
57.785034
57.877481
57.968211
58.060814
58.150710
58.244094
58.335879
58.429966
58.521951
58.615355
58.707608
58.800638
58.894602
58.987535
59.079978
59.174472
59.268245
59.362205
59.458271
59.553400
59.648600
59.741298
59.837123
59.932090
60.025927
60.121818
60.217016
60.312566
60.408419
60.505905
60.602118
60.698652
60.797230
60.893993
60.990371
61.088825
61.186793
61.286707
61.382955
61.480508
61.577995
61.675092
61.770555
61.869684
61.968149
62.066187
62.164288
62.264403
62.365120
62.463921
62.563531
62.662781
62.764010
62.864600
62.965368
63.064116
63.164895
63.265592
63.367183
63.469804
63.571359
63.673054
63.774753
63.875693
63.978759
64.082063
64.185444
64.286525
64.387761
64.492206
64.595104
64.696571
64.800822
64.905131
65.008679
65.111766
65.215687
65.321032
65.424831
65.529313
65.633809
65.737796
65.843342
65.947287
66.053526
66.159591
66.266116
66.372014
66.477738
66.583217
66.691842
66.797260
66.903166
67.008692
67.114268
67.222340
67.327804
67.433552
67.540744
67.649304
67.757087
67.863739
67.972971
68.081319
68.189925
68.300116
68.409571
68.517092
68.627236
68.737207
68.847288
68.958168
69.067896
69.177740
69.291099
69.401005
69.510560
69.621312
69.732494
69.843102
69.954537
70.067487
70.180842
70.292823
70.403346
70.517443
70.628649
70.741040
70.854101
70.968810
71.082630
71.196919
71.309808
71.422731
71.537250
71.651441
71.766343
71.880274
71.995851
72.111192
72.226866
72.342019
72.461095
72.576398
72.693068
72.808573
72.924989
73.043239
73.160565
73.276551
73.393774
73.511165
73.631155
73.749510
73.866844
73.985258
74.106299
74.223123
74.342630
74.462172
74.579840
74.699635
74.821639
74.943797
75.063258
75.184057
75.304173
75.423866
75.544119
75.665938
75.788507
75.910566
76.030913
76.154215
76.277449
76.398956
76.520309
76.642414
76.764238
76.886724
77.007787
77.132414
77.255534
77.379005
77.501898
77.625135
77.750122
77.875162
78.000512
78.123875
78.249945
78.374886
78.498416
78.622612
78.748918
78.874864
78.999723
79.126155
79.253239
79.381041
79.508587
79.635156
79.764054
79.893568
80.024174
80.152383
80.281431
80.408378
80.535555
80.664473
80.792599
80.925133
81.055624
81.185138
81.314891
81.445961
81.575820
81.704740
81.836482
81.966008
82.097330
82.229015
82.360240
82.492522
82.625513
82.756679
82.889504
83.023380
83.157683
83.289479
83.424515
83.559283
83.696792
83.830957
83.965524
84.102683
84.237604
84.371065
84.504101
84.638836
84.775103
84.909861
85.044327
85.181920
85.319586
85.455812
85.593576
85.731596
85.869659
86.005957
86.143395
86.280776
86.420312
86.558097
86.697760
86.839730
86.980403
87.120153
87.261040
87.400197
87.540006
87.680753
87.819842
87.962066
88.103910
88.243610
88.385942
88.527263
88.670907
88.812141
88.955394
89.101607
89.244172
89.386672
89.532043
89.676527
89.822257
89.968052
90.113218
90.257571
90.401359
90.549475
90.695835
90.843809
90.989780
91.136781
91.284440
91.431598
91.580755
91.727059
91.876405
92.028458
92.176631
92.325141
92.475259
92.624199
92.775328
92.928092
93.081896
93.232487
93.381204
93.530207
93.680950
93.831831
93.987042
94.140299
94.290752
94.443126
94.592924
94.747934
94.898530
95.050876
95.203989
95.358588
95.513016
95.669637
95.826144
95.980777
96.136053
96.290830
96.448574
96.607865
96.764147
96.916854
97.071894
97.227462
97.384766
97.542335
97.699604
97.857503
98.014012
98.169460
98.328356
98.486432
98.645828
98.806630
98.967175
99.126783
99.286793
99.446425
99.606879
99.769438
99.933381
100.09312
100.25798
100.41833
100.58092
100.74339
100.90490
101.06562
101.22808
101.39270
101.55329
101.71817
101.88095
102.04653
102.21203
102.37886
102.54220
102.70572
102.87334
103.04056
103.20823
103.37398
103.54024
103.70605
103.87299
104.03724
104.20721
104.37589
104.54665
104.71344
104.88327
105.05325
105.22450
105.39475
105.56528
105.73573
105.90480
106.07779
106.25356
106.42475
106.59544
106.76645
106.93831
107.11187
107.28742
107.46230
107.63650
107.81263
107.98775
108.16354
108.34219
108.51996
108.69848
108.87415
109.05040
109.22874
109.40632
109.58506
109.76385
109.94226
110.11801
110.29704
110.47783
110.65662
110.83830
111.02065
111.19761
111.38081
111.55983
111.74186
111.92308
112.10422
112.28917
112.47113
112.65124
112.83525
113.01983
113.20620
113.39141
113.57966
113.76253
113.94477
114.13274
114.31744
114.50189
114.68896
114.87591
115.06564
115.25120
115.43848
115.62835
115.81825
116.00760
116.19900
116.39028
116.58009
116.76920
116.95920
117.15214
117.34286
117.53574
117.72468
117.91516
118.10600
118.29993
118.48745
118.68384
118.88032
119.07548
119.26264
119.45749
119.65428
119.85254
120.04806
120.24245
120.43685
120.63413
120.82943
121.02249
121.22016
121.41963
121.62181
121.82085
122.01535
122.21583
122.41292
122.61105
122.80944
123.01213
123.21232
123.41280
123.61714
123.81884
124.02021
124.22795
124.43481
124.63991
124.84440
125.04891
125.25447
125.45586
125.65930
125.86580
126.07060
126.27679
126.48395
126.69200
126.89833
127.10404
127.31070
127.51989
127.72800
127.93677
128.14558
128.35361
128.56365
128.77509
128.98357
129.19574
129.40771
129.61963
129.83374
130.04646
130.26279
130.47296
130.68634
130.90022
131.11421
131.32873
131.54598
131.76692
131.98176
132.19511
132.41000
132.62552
132.84273
133.05902
133.27983
133.49989
133.72154
133.93915
134.16112
134.38283
134.60368
134.83063
135.04816
135.26878
135.49343
135.71734
135.94005
136.16409
136.38681
136.61550
136.84165
137.06736
137.29162
137.51974
137.74622
137.97084
138.19764
138.42345
138.65014
138.87957
139.10740
139.33260
139.56359
139.79053
140.01959
140.24998
140.48258
140.71874
140.94908
141.18068
141.41347
141.64545
141.87556
142.11275
142.34772
142.58045
142.81538
143.04982
143.28917
143.52539
143.76138
144.00001
144.23524
144.47312
144.71291
144.95161
145.19168
145.42821
145.66961
145.90526
146.14655
146.38972
146.62951
146.87222
147.11690
147.36161
147.60700
147.84882
148.09047
148.33640
148.58567
148.83046
149.07179
149.31982
149.56888
149.81737
150.06446
150.31411
150.56728
150.81823
151.06867
151.31882
151.56376
151.80926
152.06147
152.31185
152.57130
152.82274
153.07723
153.33129
153.59128
153.84677
154.10283
154.35373
154.60935
154.86387
155.11806
155.37674
155.63236
155.88912
156.15211
156.41125
156.67148
156.93133
157.19361
157.45733
157.71761
157.97985
158.24222
158.50057
158.76911
159.03113
159.29224
159.55670
159.81991
160.08656
160.35428
160.62081
160.88650
161.15115
161.42058
161.68741
161.95769
162.22369
162.49375
162.76331
163.03214
163.30318
163.57772
163.84285
164.11221
164.38386
164.65732
164.93302
165.21115
165.49125
165.77246
166.04384
166.31983
166.59666
166.87704
167.15639
167.43634
167.72310
168.00409
168.28565
168.56686
168.84644
169.13249
169.41659
169.69845
169.97733
170.25977
170.54356
170.82983
171.11588
171.40205
171.69304
171.97844
172.26251
172.54874
172.83360
173.12069
173.40969
173.70241
173.99355
174.28719
174.57463
174.86595
175.15964
175.45621
175.75037
176.04718
176.34127
176.63854
176.93995
177.23512
177.53364
177.83154
178.12969
178.42360
178.72903
179.03063
179.33485
179.63915
179.94142
180.24253
180.54338
180.84816
181.15337
181.46111
181.76393
182.07455
182.38235
182.68832
182.99684
183.30377
183.61315
183.92535
184.23602
184.54906
184.85845
185.16850
185.48136
185.79633
186.10915
186.41856
186.72896
187.05114
187.36962
187.69246
188.01403
188.33175
188.65108
188.96868
189.28257
189.60354
189.92410
190.24514
190.56653
190.88078
191.20057
191.53063
191.84862
192.17352
192.49860
192.82472
193.15137
193.47647
193.80644
194.13439
194.45943
194.78817
195.11579
195.45027
195.78158
196.11846
196.45768
196.79856
197.13046
197.46037
197.79952
198.13651
198.47195
198.80846
199.14994
199.48424
199.82598
200.16508
200.50031
200.84014
201.17744
201.52144
201.85841
202.20507
202.55023
202.89389
203.23824
203.58050
203.93213
204.28059
204.63230
204.97694
205.32830
205.67854
206.02965
206.37948
206.73083
207.07932
207.43164
207.78503
208.14222
208.49573
208.85581
209.21109
209.56749
209.92926
210.28849
210.64888
211.00680
211.37317
211.73989
212.10643
212.47146
212.82807
213.18938
213.56201
213.93038
214.29698
214.65706
215.02672
215.39329
215.75869
216.12545
216.49721
216.87111
217.24815
217.62833
218.00160
218.37711
218.75023
219.13309
219.50926
219.88759
220.26726
220.64465
221.02367
221.40924
221.79174
222.17751
222.55749
222.93873
223.31862
223.70940
224.08994
224.47354
224.86148
225.25347
225.64376
226.02986
226.42205
226.80815
227.20857
227.59898
227.98933
228.38244
228.78197
229.18870
229.58754
229.98294
230.38415
230.77725
231.17338
231.57343
231.97066
232.37332
232.77623
233.18115
233.58993
234.00016
234.40385
234.81086
235.21923
235.63093
236.04265
236.45646
236.85907
237.26665
237.67754
238.09964
238.51560
238.93606
239.34194
239.75396
240.17317
240.59145
241.00969
241.43127
241.84565
242.26297
242.69166
243.11295
243.53825
243.96378
244.39090
244.81189
245.23820
245.66233
246.08900
246.51684
246.95385
247.38200
247.81612
248.25652
248.68853
249.12218
249.55488
249.98698
250.42222
250.85734
251.29965
251.74709
252.18492
252.63549
253.07662
253.52209
253.97161
254.41798
254.86601
255.31894
255.75847
256.21078
256.65518
257.11225
257.56707
258.00914
258.46071
258.92124
259.37676
259.83388
260.29210
260.74450
261.21150
261.67521
262.13129
262.59606
263.05797
263.53033
263.99202
264.45685
264.92790
265.38342
265.85118
266.31390
266.77906
267.24494
267.71727
268.18926
268.66085
269.13401
269.60820
270.08661
270.56035
271.04138
271.52391
271.99827
272.48095
272.96226
273.44344
273.93080
274.41420
274.90406
275.38777
275.88003
276.37670
276.86677
277.36210
277.85590
278.35340
278.84742
279.34772
279.85297
280.35049
280.85241
281.36408
281.86913
282.37721
282.88244
283.39041
283.90134
284.41043
284.91280
285.41929
285.92623
286.44284
286.94608
287.45225
287.96977
288.48816
289.01444
289.53373
290.05265
290.57653
291.10274
291.61950
292.13688
292.66604
293.18715
293.72182
294.24897
294.77347
295.30336
295.83589
296.36540
296.90144
297.43889
297.97199
298.50577
299.04367
299.58436
300.13151
300.66664
301.20779
301.74847
302.28713
302.82823
303.37865
303.91669
304.46727
305.01982
305.56912
306.11495
306.67757
307.24757
307.80921
308.36941
308.93336
309.49697
310.06486
310.62591
311.18525
311.74937
312.30601
312.87562
313.44756
314.01380
314.57536
315.15886
315.73650
316.31068
316.87684
317.44745
318.02884
318.60688
319.18374
319.77162
320.35685
320.94259
321.52161
322.11447
322.69751
323.28750
323.87320
324.46130
325.05235
325.64588
326.24261
326.84269
327.43863
328.03664
328.63612
329.24078
329.84639
330.45518
331.06754
331.67839
332.28881
332.89307
333.50323
334.12596
334.74313
335.36642
335.97118
336.58716
337.20569
337.83703
338.45379
339.07462
339.70932
340.34461
340.97543
341.59927
342.22960
342.87035
343.50151
344.15014
344.79449
345.43221
346.06938
346.71264
347.36177
348.00217
348.64422
349.28636
349.94110
350.58978
351.23649
351.89632
352.55458
353.21143
353.87712
354.53537
355.20249
355.85767
356.52929
357.19852
357.86247
358.53740
359.21066
359.89859
360.57340
361.24763
361.92436
362.60659
363.29089
363.97604
364.66231
365.35088
366.04231
366.73321
367.43207
368.12401
368.82174
369.52603
370.21973
370.91729
371.62334
372.34413
373.04815
373.74884
374.46359
375.17194
375.87335
376.58406
377.30067
378.02195
378.73778
379.44999
380.17798
380.88905
381.60566
382.33261
383.07151
383.79864
384.52833
385.24881
385.98108
386.71271
387.45282
388.20544
388.94067
389.68483
390.43786
391.17403
391.91334
392.67408
393.42902
394.18903
394.95707
395.70906
396.47049
397.23089
397.97376
398.74117
399.53130
400.30198
401.07849
401.85783
402.63151
403.41434
404.19891
404.97287
405.74435
406.52096
407.29899
408.08476
408.87488
409.67533
410.47282
411.27193
412.07730
412.87840
413.69291
414.51170
415.31856
416.13036
416.95395
417.77745
418.58041
419.40416
420.22125
421.04527
421.87615
422.70671
423.52915
424.36486
425.20296
426.03005
426.86138
427.70431
428.53465
429.36849
430.21617
431.06037
431.90761
432.74535
433.61296
434.46042
435.30367
436.15449
437.02505
437.88718
438.75975
439.63471
440.50643
441.37257
442.25781
443.13274
444.03483
444.92459
445.80907
446.69448
447.59604
448.48674
449.37780
450.28748
451.18850
452.10315
453.00739
453.91540
454.82786
455.74449
456.64959
457.56858
458.48788
459.42016
460.32319
461.25101
462.17445
463.09860
464.04684
464.98169
465.92016
466.85441
467.79069
468.74385
469.70026
470.66198
471.61720
472.55392
473.49822
474.47160
475.44565
476.42962
477.39481
478.37894
479.36283
480.34727
481.31422
482.32674
483.31006
484.30273
485.30518
486.28915
487.29277
488.29901
489.29413
490.29156
491.32558
492.32898
493.35578
494.37289
495.39765
496.42917
497.46236
498.48561
499.54163
500.58622
501.62743
502.68233
503.72506
504.78778
505.85472
506.92729
507.99585
509.05734
510.12145
511.19835
512.27154
513.34916
514.42349
515.51366
516.60200
517.68978
518.79775
519.91714
521.02066
522.10958
523.22553
524.34781
525.46250
526.59118
527.72583
528.83790
529.95684
531.10493
532.25394
533.41259
534.57798
535.72541
536.88216
538.03864
539.19817
540.37667
541.53090
542.70858
543.88320
545.08293
546.26988
547.48423
548.66728
549.85896
551.05998
552.26462
553.48577
554.69494
555.92446
557.13211
558.35692
559.58365
560.81237
562.07543
563.32358
564.55401
565.82748
567.10018
568.35680
569.61211
570.88020
572.14381
573.44544
574.73374
576.03472
577.33239
578.62494
579.93366
581.23343
582.54537
583.86017
585.18643
586.52556
587.86618
589.18947
590.54290
591.89351
593.25869
594.61538
595.98311
597.35186
598.71236
600.09694
601.49385
602.92177
604.32784
605.71481
607.10841
608.53009
609.94130
611.35613
612.75848
614.18991
615.61812
617.06439
618.52515
619.99651
621.45768
622.91539
624.39744
625.86556
627.35696
628.84090
630.33833
631.83768
633.35526
634.88242
636.42781
637.97684
639.49774
641.05607
642.61195
644.18892
645.73175
647.31786
648.94974
650.54426
652.14807
653.76001
655.38517
657.03642
658.64248
660.28433
661.93876
663.59085
665.27350
666.93910
668.61509
670.31156
672.02487
673.72739
675.47204
677.22029
678.95821
680.74542
682.48695
684.24988
686.04956
687.82184
689.62017
691.42321
693.26150
695.10340
696.98617
698.87007
700.75685
702.62493
704.47833
706.36279
708.23535
710.13952
712.08282
714.04667
716.01180
717.98861
719.97951
722.00356
724.02146
726.05346
728.07130
730.11181
732.16349
734.23277
736.33497
738.43354
740.56006
742.69909
744.86803
747.02758
749.18916
751.35163
753.60054
755.81182
758.05780
760.32534
762.62527
764.94776
767.25967
769.58074
771.94918
774.29023
776.66002
779.00433
781.42805
783.91273
786.39182
788.88494
791.35874
793.87731
796.49071
799.06385
801.64328
804.24091
806.84833
809.49432
812.20802
814.92525
817.65816
820.37606
823.12157
825.92536
828.78464
831.65612
834.57753
837.49948
840.42180
843.37067
846.41133
849.55626
852.63205
855.78288
858.89295
862.14050
865.41815
868.72289
872.00861
875.42683
878.83244
882.24470
885.80044
889.31637
892.92781
896.50772
900.24638
903.97405
907.82285
911.72738
915.61626
919.59852
923.64865
927.76352
931.97158
936.09599
940.39964
944.88424
949.34965
953.86004
958.53052
963.17368
967.99471
972.90677
977.90968
983.03305
988.23921
993.55930
998.99439
1004.5538
1010.2218
1016.1412
1022.0763
1028.2468
1034.6191
1041.2230
1047.9639
1054.8297
1061.9188
1069.1441
1076.9049
1084.7018
1092.8799
1101.3260
1109.9828
1119.1501
1128.6056
1138.5657
1148.8386
1159.7692
1171.2002
1183.0415
1195.7988
1209.3741
1223.7423
1239.3951
1256.0575
1274.1923
1294.1350
1316.4532
1341.0900
1368.8175
1401.1690
1440.3612
1488.6535
1552.5440
1644.7122
1826.3640
