2.1877175
2.8386975
3.2852073
3.6483174
3.9618620
4.2406363
4.4871885
4.7207960
4.9364235
5.1444623
5.3380687
5.5241751
5.6974905
5.8677618
6.0374367
6.1990463
6.3574800
6.5090974
6.6576042
6.8010750
6.9449473
7.0848044
7.2212692
7.3541365
7.4854677
7.6142133
7.7422589
7.8672529
7.9906178
8.1121070
8.2319448
8.3510691
8.4667445
8.5804681
8.6930381
8.8072836
8.9188930
9.0316179
9.1424308
9.2523641
9.3612398
9.4676130
9.5739551
9.6787544
9.7856561
9.8912747
9.9942288
10.095029
10.197289
10.298119
10.398113
10.498218
10.599717
10.699728
10.799056
10.897168
10.994894
11.091932
11.188465
11.284432
11.379558
11.475636
11.569403
11.662643
11.756380
11.849991
11.943380
12.037572
12.130745
12.222926
12.315512
12.407775
12.498881
12.590591
12.681985
12.774108
12.864653
12.956125
13.045981
13.136751
13.225220
13.312780
13.403440
13.492050
13.580551
13.668667
13.756346
13.843769
13.930974
14.019198
14.109059
14.195101
14.280768
14.370001
14.456650
14.543724
14.627798
14.714474
14.802415
14.888701
14.975929
15.060437
15.146261
15.233448
15.319659
15.406347
15.490095
15.574181
15.659515
15.746542
15.833139
15.918006
16.003261
16.089178
16.174401
16.259739
16.344346
16.428865
16.511760
16.595838
16.680084
16.764932
16.849244
16.933058
17.020063
17.106076
17.191047
17.276123
17.360568
17.446183
17.531160
17.615957
17.700426
17.784329
17.868818
17.952905
18.037722
18.120923
18.204446
18.288015
18.372090
18.457386
18.540513
18.624927
18.709992
18.793259
18.877881
18.962096
19.046811
19.130612
19.215011
19.299720
19.383521
19.468382
19.553429
19.636814
19.721227
19.806495
19.892338
19.976716
20.061691
20.145514
20.228361
20.313952
20.397538
20.482573
20.565463
20.650660
20.735965
20.821673
20.906900
20.993277
21.076784
21.161241
21.246621
21.331174
21.416609
21.500879
21.586672
21.672762
21.757946
21.844095
21.929159
22.014305
22.100074
22.187129
22.272442
22.357609
22.444216
22.529304
22.616820
22.704130
22.791370
22.877057
22.964092
23.051596
23.138358
23.226413
23.313316
23.399389
23.487727
23.574946
23.660234
23.748703
23.835904
23.923448
24.010179
24.097125
24.184606
24.273673
24.361835
24.448193
24.536471
24.624846
24.712767
24.802081
24.890276
24.979640
25.067618
25.157100
25.244186
25.333476
25.423189
25.512348
25.600482
25.689998
25.779579
25.868328
25.957895
26.048428
26.139851
26.230267
26.320235
26.410940
26.499847
26.589502
26.680148
26.771127
26.861639
26.953755
27.045284
27.136943
27.227938
27.321421
27.414299
27.506694
27.598892
27.691078
27.783786
27.876927
27.968620
28.062435
28.155639
28.249703
28.342637
28.436114
28.530706
28.625774
28.720252
28.814657
28.908017
29.001377
29.095167
29.189483
29.283722
29.379453
29.473507
29.569363
29.664216
29.758955
29.852917
29.947881
30.046430
30.142845
30.239770
30.337458
30.434449
30.531744
30.628601
30.726719
30.823782
30.921125
31.018935
31.117222
31.214648
31.313690
31.414300
31.514200
31.612819
31.711318
31.809744
31.908714
32.008091
32.108226
32.209667
32.309794
32.409582
32.507491
32.608578
32.709605
32.810040
32.910668
33.011336
33.114172
33.214739
33.316741
33.418125
33.520600
33.622544
33.724440
33.827303
33.931437
34.035004
34.138398
34.241834
34.346927
34.452316
34.558331
34.663129
34.766090
34.871031
34.976580
35.083798
35.189235
35.295174
35.398984
35.505992
35.612557
35.719448
35.827140
35.934515
36.042422
36.150672
36.258604
36.366535
36.474693
36.583664
36.690328
36.800681
36.909137
37.017997
37.127218
37.236657
37.348448
37.459336
37.568960
37.681107
37.791737
37.902423
38.013558
38.123637
38.235024
38.348639
38.463002
38.575509
38.686506
38.800710
38.914407
39.029373
39.143763
39.257565
39.370698
39.485322
39.602555
39.720411
39.835536
39.949492
40.066234
40.184269
40.304152
40.418442
40.537866
40.655815
40.775802
40.892626
41.011690
41.130367
41.248040
41.368129
41.487790
41.605780
41.726091
41.846069
41.967819
42.088517
42.208080
42.329005
42.450903
42.573533
42.697711
42.819063
42.942813
43.064949
43.188830
43.312557
43.437923
43.564700
43.689457
43.815086
43.939261
44.063844
44.191425
44.318817
44.447242
44.574624
44.701504
44.829608
44.960618
45.090976
45.219887
45.351167
45.481720
45.613153
45.743187
45.872812
46.005618
46.136695
46.269435
46.403068
46.537499
46.672399
46.805918
46.938660
47.071540
47.204652
47.334777
47.467924
47.602223
47.737332
47.870653
48.007282
48.143220
48.277804
48.412614
48.548870
48.684694
48.821846
48.961661
49.099834
49.238045
49.377310
49.516879
49.657265
49.797957
49.939131
50.080950
50.221619
50.364187
50.505084
50.646374
50.788868
50.932457
51.074494
51.219532
51.365936
51.508053
51.652415
51.798621
51.948167
52.096232
52.243853
52.394364
52.543874
52.693221
52.842189
52.991728
53.141998
53.293610
53.443139
53.595749
53.745910
53.896676
54.051182
54.202765
54.356171
54.508039
54.662713
54.815287
54.971199
55.125040
55.281067
55.437762
55.595118
55.751663
55.910564
56.070448
56.230219
56.387929
56.547207
56.708307
56.867452
57.027718
57.188534
57.349840
57.512737
57.677776
57.845165
58.010743
58.177096
58.343756
58.507681
58.673227
58.843043
59.011591
59.180428
59.350378
59.520776
59.688990
59.860188
60.032603
60.202345
60.375369
60.547263
60.721841
60.893775
61.067809
61.241499
61.414303
61.590225
61.767194
61.945152
62.123416
62.300656
62.477021
62.656669
62.837326
63.015909
63.194490
63.375629
63.559515
63.739065
63.921668
64.101132
64.286338
64.470398
64.654674
64.841167
65.028391
65.216016
65.402956
65.592501
65.778962
65.971903
66.164669
66.357397
66.548310
66.739111
66.929878
67.120030
67.314129
67.509430
67.703241
67.898593
68.098322
68.296229
68.491719
68.689513
68.886275
69.084058
69.285087
69.484920
69.687405
69.889323
70.091805
70.294894
70.500628
70.706770
70.912562
71.119329
71.327534
71.537837
71.747312
71.957836
72.165588
72.380593
72.594697
72.805060
73.018289
73.233033
73.449914
73.666092
73.888055
74.105816
74.323179
74.542143
74.763890
74.984654
75.207657
75.431471
75.652608
75.876628
76.098442
76.323682
76.549442
76.779404
77.007453
77.235420
77.468358
77.695697
77.923832
78.155115
78.384098
78.619715
78.854161
79.087185
79.321967
79.556595
79.793718
80.033920
80.275979
80.517578
80.758135
80.999583
81.241076
81.486629
81.731378
81.976611
82.225813
82.476231
82.724986
82.970785
83.220901
83.473996
83.727873
83.981599
84.234371
84.486098
84.739408
84.994881
85.254269
85.516243
85.779162
86.036464
86.295528
86.559201
86.821553
87.091024
87.358952
87.624677
87.888742
88.157244
88.429186
88.693483
88.963279
89.238223
89.512652
89.791422
90.065892
90.340570
90.620802
90.900981
91.174423
91.455130
91.740563
92.027016
92.308546
92.600148
92.892756
93.180877
93.471792
93.764875
94.057616
94.356054
94.650707
94.945414
95.243032
95.542888
95.843063
96.141606
96.449871
96.755524
97.065809
97.369847
97.681804
97.993901
98.305549
98.624234
98.938977
99.255656
99.573083
99.889674
100.20684
100.53013
100.85042
101.17914
101.50452
101.83655
102.16077
102.49242
102.82561
103.16091
103.49747
103.83506
104.17158
104.51391
104.84963
105.18792
105.52946
105.87495
106.22411
106.57203
106.91595
107.26749
107.61769
107.97485
108.33146
108.69067
109.05477
109.41629
109.77867
110.13691
110.50298
110.87599
111.24684
111.61976
111.99267
112.36995
112.74330
113.12109
113.49979
113.87228
114.25740
114.63961
115.02738
115.41068
115.80295
116.19740
116.59456
116.99939
117.39042
117.79454
118.20163
118.61089
119.01486
119.42655
119.84257
120.26154
120.67982
121.09908
121.51742
121.94667
122.37181
122.79725
123.22474
123.65207
124.08869
124.52454
124.96002
125.39747
125.84623
126.29637
126.74122
127.19015
127.64565
128.10185
128.54848
129.00726
129.46596
129.92337
130.39182
130.86194
131.33866
131.80492
132.27389
132.75464
133.24018
133.72504
134.21482
134.70937
135.20360
135.70638
136.19735
136.69907
137.19704
137.70562
138.21393
138.73335
139.23852
139.75303
140.27337
140.80354
141.32420
141.85814
142.39213
142.92735
143.46268
144.00488
144.54460
145.08885
145.64325
146.19927
146.75734
147.32010
147.89632
148.45651
149.02923
149.60286
150.18848
150.77765
151.35948
151.94918
152.55072
153.14454
153.73893
154.35819
154.95957
155.57540
156.19766
156.81506
157.43442
158.05309
158.68014
159.32093
159.96244
160.60904
161.26918
161.92687
162.59683
163.25343
163.93037
164.60564
165.28549
165.97065
166.65698
167.35429
168.06529
168.78021
169.48539
170.19654
170.90637
171.63036
172.36909
173.10355
173.84331
174.59114
175.33121
176.10589
176.86503
177.63509
178.39074
179.18073
179.97183
180.76258
181.57338
182.38389
183.20615
184.01532
184.85240
185.67867
186.52616
187.36918
188.22454
189.07492
189.94114
190.82388
191.69140
192.56253
193.44991
194.34297
195.24508
196.15312
197.07192
197.99681
198.91913
199.86203
200.79553
201.76283
202.74049
203.72038
204.70577
205.70503
206.70633
207.72641
208.76706
209.80073
210.84072
211.88283
212.93375
213.99208
215.08157
216.16974
217.25849
218.36036
219.46473
220.58841
221.74523
222.92255
224.08430
225.27551
226.47595
227.67241
228.88238
230.10949
231.36387
232.62266
233.90774
235.19821
236.49271
237.81880
239.14201
240.48470
241.83868
243.20853
244.60667
246.01755
247.42415
248.86554
250.31640
251.78721
253.26297
254.77236
256.29154
257.87103
259.44588
261.05004
262.67488
264.30055
265.92382
267.60303
269.30061
271.01339
272.75951
274.49611
276.29700
278.12769
279.96499
281.84675
283.75708
285.67805
287.64186
289.64645
291.71027
293.74848
295.81314
297.89247
300.03974
302.20233
304.40667
306.66377
308.97545
311.29920
313.63280
316.06869
318.55714
321.08385
323.59781
326.17690
328.80201
331.49610
334.28378
337.09838
340.04412
342.99811
345.94743
349.03868
352.19982
355.44373
358.73385
362.15680
365.60473
369.13331
372.72726
376.48982
380.30967
384.19531
388.27285
392.42648
396.78458
401.18806
405.81723
410.54186
415.40320
420.36635
425.70654
431.23742
436.91786
442.91563
449.01323
455.50845
462.33033
469.26539
476.77415
484.54465
492.86201
501.63805
511.06432
520.93898
531.75023
543.43416
556.11215
569.87012
585.39056
602.55382
622.24689
644.63667
671.90483
705.09594
748.83593
814.25874
932.52440
