0.092560561
0.18441660
0.27640991
0.36876871
0.46456356
0.55669329
0.64942281
0.74300557
0.83665083
0.93026772
1.0238669
1.1172249
1.2117922
1.3060067
1.3995110
1.4940472
1.5892150
1.6844883
1.7794229
1.8752093
1.9686102
2.0626345
2.1562048
2.2523145
2.3476650
2.4430701
2.5397805
2.6353472
2.7319900
2.8284706
2.9246204
3.0211226
3.1178838
3.2152156
3.3116607
3.4078706
3.5063781
3.6043685
3.7008967
3.7977913
3.8955212
3.9942363
4.0915628
4.1886157
4.2866707
4.3843429
4.4818458
4.5799753
4.6781750
4.7789365
4.8773879
4.9774288
5.0760429
5.1762826
5.2757480
5.3747933
5.4741288
5.5751054
5.6756132
5.7749442
5.8749999
5.9747235
6.0755164
6.1763490
6.2777752
6.3779235
6.4814597
6.5834727
6.6871565
6.7880577
6.8890346
6.9918419
7.0951623
7.1964691
7.2983474
7.3994277
7.5019751
7.6024187
7.7052170
7.8072799
7.9093359
8.0130246
8.1153027
8.2181359
8.3221560
8.4276601
8.5309220
8.6360095
8.7411858
8.8456090
8.9504565
9.0535756
9.1593506
9.2630801
9.3679928
9.4734837
9.5782647
9.6842609
9.7893379
9.8952021
10.002226
10.106000
10.211668
10.316953
10.421823
10.527066
10.634045
10.740240
10.845232
10.951223
11.058411
11.165360
11.271840
11.380224
11.487743
11.594714
11.702162
11.809289
11.917417
12.026261
12.134672
12.244415
12.351194
12.460453
12.569134
12.678340
12.786353
12.896131
13.004436
13.113696
13.221064
13.331616
13.441103
13.553187
13.664378
13.775182
13.886799
13.996770
14.107509
14.219494
14.332465
14.444993
14.556150
14.666278
14.777192
14.889907
14.999559
15.109762
15.222626
15.335467
15.446849
15.560735
15.674200
15.787386
15.901224
16.016124
16.129217
16.243099
16.356025
16.469722
16.581584
16.697453
16.813596
16.927155
17.043812
17.160226
17.274982
17.389064
17.504895
17.621523
17.737015
17.852249
17.965890
18.081823
18.197991
18.315964
18.432525
18.549895
18.665824
18.783254
18.899557
19.013653
19.132721
19.249685
19.368272
19.485985
19.603689
19.721948
19.841943
19.961080
20.080500
20.200064
20.318298
20.436914
20.556582
20.677474
20.799069
20.919499
21.040014
21.160087
21.283368
21.404599
21.522918
21.643335
21.764819
21.885774
22.007901
22.127344
22.249591
22.370941
22.491584
22.613146
22.735196
22.857988
22.979765
23.105184
23.230724
23.352030
23.473673
23.597273
23.720430
23.842699
23.967572
24.091707
24.217280
24.342566
24.466864
24.592654
24.718447
24.842166
24.970415
25.094905
25.220735
25.346291
25.472778
25.598414
25.723805
25.848716
25.977713
26.105518
26.234936
26.364137
26.490322
26.619115
26.746853
26.875335
27.003118
27.131259
27.261622
27.392036
27.522123
27.649973
27.780325
27.911433
28.041332
28.172494
28.303546
28.435524
28.565692
28.698411
28.828808
28.960253
29.092013
29.223275
29.357142
29.488313
29.620337
29.752473
29.885532
30.015884
30.149091
30.280671
30.414189
30.547384
30.680514
30.815251
30.951896
31.084365
31.219913
31.357406
31.492171
31.626785
31.763391
31.897722
32.036025
32.173735
32.311507
32.448698
32.586803
32.721457
32.858343
32.993527
33.130172
33.269804
33.408295
33.547992
33.685807
33.821986
33.960791
34.099307
34.239605
34.378773
34.520873
34.661477
34.801502
34.942552
35.082258
35.223472
35.365969
35.507490
35.649944
35.792080
35.934221
36.078435
36.220055
36.363157
36.505473
36.649159
36.793835
36.939706
37.081799
37.227593
37.370810
37.516076
37.660108
37.802396
37.950219
38.096590
38.243045
38.388986
38.534186
38.681373
38.827387
38.974684
39.123393
39.270894
39.418117
39.565159
39.712959
39.861721
40.008853
40.160074
40.312144
40.462086
40.614750
40.767079
40.918119
41.068195
41.219196
41.368696
41.519778
41.669389
41.821278
41.975165
42.127994
42.280075
42.433154
42.586184
42.740791
42.896009
43.053654
43.207987
43.364168
43.520457
43.672351
43.828507
43.982402
44.138357
44.294430
44.450246
44.608266
44.767585
44.926718
45.083274
45.239085
45.393797
45.551927
45.710307
45.868645
46.027348
46.187178
46.348788
46.506684
46.667686
46.827812
46.986787
47.146904
47.307858
47.469535
47.630578
47.793432
47.954366
48.117656
48.274843
48.437744
48.601528
48.767190
48.933932
49.101529
49.265335
49.430197
49.592079
49.758402
49.925469
50.092230
50.259010
50.426959
50.596521
50.765087
50.936670
51.103396
51.268812
51.437041
51.603619
51.773824
51.942044
52.112654
52.279428
52.449961
52.619647
52.789700
52.958315
53.132369
53.305922
53.478353
53.651171
53.825556
53.999105
54.172977
54.349974
54.523479
54.696381
54.869409
55.040992
55.217893
55.394613
55.570879
55.745929
55.921886
56.103567
56.279048
56.456006
56.631982
56.812103
56.991091
57.167664
57.345235
57.524501
57.707431
57.889399
58.070434
58.251800
58.429970
58.614749
58.801037
58.982134
59.166087
59.350284
59.535292
59.721043
59.904260
60.091776
60.278005
60.461498
60.648392
60.831744
61.017326
61.205978
61.391054
61.577266
61.764467
61.950773
62.139749
62.328153
62.516660
62.703522
62.891787
63.081913
63.275155
63.464550
63.655458
63.846945
64.039514
64.231973
64.420066
64.614709
64.808131
65.002790
65.196446
65.396993
65.593673
65.790184
65.989545
66.190829
66.388193
66.586983
66.785909
66.983896
67.181709
67.380240
67.579652
67.782161
67.981658
68.183285
68.390849
68.591659
68.794606
69.000889
69.203928
69.406418
69.610932
69.816544
70.021405
70.227566
70.438401
70.645219
70.851835
71.060082
71.268220
71.477952
71.685684
71.895381
72.103471
72.312933
72.523924
72.731737
72.942978
73.153013
73.366936
73.579954
73.795992
74.005316
74.223972
74.435988
74.654582
74.870591
75.085383
75.301741
75.523751
75.741394
75.960942
76.180012
76.400324
76.620723
76.839152
77.057664
77.279110
77.502950
77.728097
77.954083
78.174268
78.398074
78.626773
78.852816
79.080044
79.308280
79.537420
79.764050
79.993244
80.222462
80.451232
80.680664
80.912382
81.140358
81.371588
81.601810
81.830679
82.063817
82.291926
82.520894
82.753317
82.984043
83.218573
83.449950
83.688668
83.920427
84.156135
84.396905
84.636685
84.875322
85.116824
85.360233
85.602874
85.842628
86.084281
86.325899
86.569583
86.818565
87.065469
87.305104
87.551763
87.805708
88.055594
88.304360
88.554956
88.807179
89.056279
89.306349
89.562094
89.817559
90.062629
90.316254
90.571117
90.828148
91.081311
91.336052
91.590369
91.847943
92.107729
92.363716
92.623167
92.886520
93.146473
93.407729
93.667253
93.931271
94.196969
94.463086
94.727863
94.994319
95.257154
95.524303
95.792404
96.063518
96.330696
96.601182
96.870100
97.143610
97.410047
97.678786
97.951228
98.221306
98.495607
98.770416
99.050356
99.329735
99.607537
99.885525
100.16597
100.44409
100.72187
101.00931
101.28939
101.57510
101.86378
102.14741
102.43456
102.71594
103.00606
103.29213
103.58629
103.87447
104.16965
104.46217
104.75398
105.05035
105.34192
105.63711
105.93687
106.23485
106.53074
106.82821
107.12203
107.42612
107.73459
108.03836
108.34003
108.64675
108.95870
109.26313
109.56954
109.87462
110.18542
110.49538
110.80937
111.12703
111.44020
111.75521
112.06850
112.38629
112.70572
113.02204
113.34301
113.66205
113.98439
114.31006
114.63710
114.96119
115.28922
115.61581
115.94566
116.27649
116.60931
116.94492
117.28278
117.62305
117.95904
118.30265
118.64010
118.98331
119.32839
119.66609
120.01639
120.36035
120.70991
121.05591
121.40608
121.75149
122.10181
122.44543
122.79731
123.14461
123.50882
123.86863
124.23313
124.59395
124.95571
125.31660
125.68053
126.04543
126.41173
126.77943
127.14052
127.51366
127.88195
128.25183
128.62220
129.00349
129.38146
129.75755
130.13400
130.51207
130.90031
131.28260
131.66644
132.04733
132.43503
132.81841
133.20780
133.60589
134.01057
134.40850
134.80721
135.20477
135.60832
136.01294
136.41132
136.82125
137.22900
137.63410
138.04259
138.45468
138.86729
139.28335
139.69776
140.11483
140.53457
140.96561
141.39276
141.81657
142.24239
142.67341
143.10662
143.53600
143.96918
144.40972
144.84773
145.29517
145.74233
146.17568
146.61941
147.06596
147.50556
147.95732
148.41641
148.87469
149.33270
149.79516
150.26106
150.72708
151.20052
151.67014
152.14580
152.61778
153.09566
153.57402
154.05282
154.53725
155.02334
155.51526
156.01239
156.50717
157.00074
157.49426
157.98778
158.49654
159.00342
159.51282
160.02439
160.53519
161.04075
161.57498
162.08477
162.61481
163.13663
163.67049
164.19943
164.72991
165.26193
165.80674
166.35602
166.91053
167.45617
168.00930
168.56166
169.12268
169.68556
170.25754
170.82266
171.39539
171.98269
172.56862
173.14657
173.73733
174.32431
174.93080
175.53180
176.12547
176.73768
177.34143
177.95487
178.56812
179.18511
179.79848
180.42062
181.04636
181.67362
182.30110
182.94055
183.58735
184.23941
184.90371
185.54022
186.20681
186.87332
187.55093
188.22890
188.90545
189.57975
190.27148
190.96236
191.66126
192.36101
193.07160
193.79770
194.51247
195.23899
195.96730
196.69937
197.45135
198.18816
198.93632
199.68876
200.45562
201.20908
201.97576
202.75753
203.54570
204.33502
205.14445
205.95619
206.75801
207.57504
208.39302
209.20465
210.02845
210.87381
211.74134
212.60067
213.45308
214.32222
215.20793
216.09580
216.98687
217.88776
218.79548
219.72196
220.64102
221.58700
222.52704
223.47630
224.44248
225.41027
226.39847
227.40137
228.41048
229.40792
230.44232
231.47272
232.51418
233.56740
234.63705
235.72855
236.81004
237.88809
239.00800
240.14467
241.27803
242.41843
243.57547
244.75032
245.94795
247.16162
248.38581
249.60007
250.85598
252.11971
253.40032
254.68493
255.99610
257.30283
258.63988
260.00628
261.38255
262.76187
264.14061
265.57444
267.01626
268.48530
269.96434
271.48150
273.02919
274.58591
276.17181
277.77350
279.41358
281.07931
282.76605
284.46725
286.19826
287.97845
289.78135
291.61811
293.47538
295.37498
297.29129
299.25469
301.28338
303.32473
305.39314
307.51455
309.71266
311.90455
314.21879
316.52803
318.91179
321.34980
323.79633
326.32721
328.92538
331.60859
334.37090
337.16525
340.02458
342.94204
345.99667
349.11512
352.29859
355.68513
359.11810
362.61940
366.35096
370.19473
374.13894
378.29390
382.60305
387.12106
391.72717
396.62304
401.70863
407.10073
412.84273
418.83553
425.11755
431.88428
439.10557
446.88724
455.17458
464.22291
473.96870
484.70249
496.87825
510.11390
525.39329
543.58846
565.52775
593.28168
629.82812
683.90403
793.68675
