41.292609
44.128312
45.731267
46.873815
47.783533
48.551654
49.211154
49.795225
50.320710
50.794752
51.239049
51.652999
52.042690
52.408483
52.749197
53.076727
53.384584
53.685858
53.970754
54.243606
54.504342
54.756017
54.997403
55.236576
55.463513
55.689136
55.901447
56.108301
56.315015
56.514673
56.709035
56.897354
57.083848
57.264494
57.441335
57.613435
57.783087
57.950618
58.116453
58.280554
58.440644
58.598418
58.752550
58.903424
59.051196
59.197865
59.341800
59.482622
59.626766
59.766880
59.902412
60.036673
60.170250
60.302083
60.430955
60.556187
60.682887
60.807449
60.931670
61.051727
61.172446
61.291000
61.409858
61.525951
61.643440
61.759189
61.873336
61.988415
62.100662
62.213676
62.323958
62.432316
62.541753
62.648760
62.755166
62.860981
62.964334
63.067615
63.170231
63.272625
63.372870
63.471933
63.571513
63.670274
63.768135
63.865710
63.963238
64.059780
64.156410
64.252764
64.347513
64.443578
64.536704
64.630363
64.722326
64.814415
64.905074
64.995721
65.084909
65.174196
65.262616
65.351328
65.439505
65.526996
65.613771
65.699717
65.784907
65.870557
65.955020
66.040881
66.124925
66.208314
66.292249
66.374499
66.457478
66.540066
66.620704
66.702006
66.782343
66.862418
66.942852
67.022427
67.101797
67.181855
67.261634
67.339495
67.417960
67.496796
67.573857
67.651207
67.728973
67.804904
67.881199
67.958316
68.033244
68.109737
68.185009
68.258598
68.333336
68.408495
68.482952
68.555505
68.629306
68.702387
68.775175
68.848359
68.921496
68.993336
69.066702
69.137246
69.209097
69.280245
69.350944
69.421195
69.491576
69.561504
69.632020
69.701413
69.771325
69.841599
69.910632
69.979302
70.048504
70.117106
70.185422
70.254116
70.322463
70.391067
70.458887
70.525879
70.592925
70.659253
70.726210
70.794319
70.859812
70.926638
70.991931
71.058949
71.125788
71.191944
71.257498
71.322496
71.388450
71.453441
71.518566
71.585364
71.650822
71.716788
71.781009
71.845276
71.909769
71.974298
72.038766
72.102674
72.166801
72.230544
72.294699
72.358503
72.421848
72.485179
72.548203
72.611583
72.673686
72.736600
72.799193
72.862197
72.924268
72.986619
73.049596
73.110057
73.171074
73.232801
73.293299
73.356323
73.417883
73.479341
73.540552
73.600371
73.660975
73.720488
73.780756
73.840737
73.900220
73.960633
74.020476
74.080908
74.142646
74.203437
74.262746
74.323076
74.382283
74.442510
74.502511
74.562390
74.621432
74.681045
74.740453
74.800880
74.859893
74.919207
74.977905
75.037088
75.096649
75.156201
75.214505
75.274350
75.333562
75.392063
75.449113
75.507901
75.566114
75.625391
75.683560
75.741797
75.800378
75.858037
75.915434
75.972960
76.030986
76.088371
76.146230
76.203687
76.261246
76.319100
76.375811
76.433405
76.490677
76.548305
76.603919
76.660243
76.717223
76.775395
76.832023
76.888881
76.946829
77.002793
77.059924
77.116692
77.174550
77.230881
77.288406
77.344102
77.401171
77.458088
77.514122
77.570807
77.626875
77.683237
77.739060
77.795383
77.851588
77.907439
77.964434
78.020126
78.077255
78.132932
78.189274
78.245344
78.301910
78.357688
78.413690
78.469473
78.525370
78.581296
78.636475
78.693030
78.748282
78.803021
78.858712
78.913259
78.969221
79.024375
79.078778
79.135114
79.190908
79.247066
79.301692
79.357551
79.413022
79.468259
79.524332
79.579862
79.635445
79.690479
79.745933
79.800743
79.854177
79.907884
79.962284
80.016706
80.071706
80.126624
80.181975
80.236967
80.291841
80.346361
80.401874
80.457316
80.511891
80.566364
80.621154
80.674586
80.729631
80.785146
80.839419
80.894774
80.950212
81.005018
81.058590
81.112713
81.167569
81.222441
81.277154
81.331716
81.387416
81.442017
81.496976
81.551376
81.606961
81.661327
81.716299
81.770699
81.824550
81.878501
81.933097
81.986479
82.041327
82.095381
82.150208
82.204670
82.259833
82.314771
82.369964
82.424934
82.480554
82.534747
82.589786
82.643719
82.697533
82.751568
82.804631
82.858254
82.912763
82.967171
83.021835
83.077092
83.130899
83.185381
83.239301
83.294246
83.349301
83.404186
83.459185
83.513498
83.568386
83.623433
83.678098
83.732742
83.786436
83.840263
83.895264
83.949687
84.005752
84.060688
84.115000
84.169132
84.224130
84.278806
84.334077
84.387957
84.443290
84.498277
84.553480
84.609024
84.663983
84.719506
84.774776
84.830745
84.886087
84.941714
84.995279
85.049390
85.104714
85.159940
85.214168
85.270759
85.325593
85.380387
85.436522
85.491511
85.546913
85.601988
85.657535
85.711400
85.766661
85.822370
85.877436
85.933934
85.989200
86.044958
86.100782
86.156717
86.213105
86.268159
86.324605
86.380590
86.435343
86.491915
86.547668
86.602503
86.657234
86.712606
86.769656
86.825850
86.881820
86.937661
86.993716
87.050299
87.106218
87.162766
87.220126
87.276082
87.332431
87.388267
87.443955
87.500248
87.557740
87.614302
87.670463
87.726826
87.783341
87.839640
87.895690
87.953702
88.010597
88.067106
88.124372
88.180107
88.237073
88.294343
88.350254
88.406989
88.465047
88.522006
88.579968
88.637057
88.694432
88.752770
88.810269
88.868510
88.926571
88.984510
89.041761
89.099627
89.157807
89.215627
89.274518
89.332496
89.389304
89.447256
89.506004
89.564585
89.622425
89.680112
89.738057
89.796559
89.854725
89.913128
89.972434
90.031748
90.089981
90.149715
90.209443
90.268169
90.326496
90.385834
90.444385
90.503937
90.562166
90.621168
90.679844
90.739104
90.798352
90.858385
90.918320
90.977196
91.036595
91.095367
91.155348
91.214934
91.275906
91.336509
91.396163
91.458365
91.518367
91.579268
91.639336
91.700839
91.761801
91.823390
91.882997
91.943626
92.003901
92.064604
92.125669
92.185858
92.247289
92.307842
92.368278
92.431069
92.493759
92.555945
92.618517
92.680264
92.743199
92.805568
92.868194
92.930330
92.992964
93.055203
93.117427
93.180415
93.243601
93.307265
93.370254
93.433043
93.496553
93.560873
93.624835
93.688600
93.752531
93.816426
93.881019
93.945573
94.010082
94.074840
94.138709
94.202691
94.268022
94.333330
94.397712
94.463693
94.528199
94.593569
94.658649
94.724489
94.790838
94.857270
94.922260
94.987466
95.054359
95.119993
95.186518
95.253307
95.319056
95.385196
95.451967
95.518821
95.586088
95.653153
95.720562
95.787595
95.855673
95.922950
95.991087
96.059307
96.127069
96.196082
96.265059
96.334560
96.403929
96.473504
96.542279
96.611668
96.680207
96.749069
96.818442
96.887792
96.956283
97.025785
97.096380
97.165737
97.236037
97.306662
97.376968
97.449824
97.519869
97.591451
97.663229
97.734479
97.805786
97.878695
97.951864
98.025170
98.098876
98.172566
98.244968
98.317799
98.390614
98.464268
98.537334
98.610474
98.684324
98.758817
98.833526
98.908851
98.985007
99.059143
99.132672
99.206750
99.282547
99.359691
99.435990
99.511389
99.587414
99.664644
99.742008
99.820138
99.896430
99.974943
100.05312
100.13128
100.21005
100.28680
100.36690
100.44461
100.52310
100.60186
100.68216
100.76173
100.84179
100.92255
101.00370
101.08341
101.16496
101.24685
101.32810
101.41206
101.49460
101.57833
101.66071
101.74316
101.82377
101.90716
101.99066
102.07523
102.15861
102.24498
102.32950
102.41560
102.50112
102.58879
102.67629
102.76513
102.85362
102.94164
103.02923
103.11807
103.20736
103.29490
103.38377
103.47322
103.56201
103.65167
103.74104
103.83059
103.92228
104.01382
104.10669
104.19851
104.29254
104.38779
104.48164
104.57567
104.67101
104.76511
104.85964
104.95455
105.04920
105.14763
105.24405
105.34022
105.43869
105.53616
105.63435
105.73233
105.83103
105.92927
106.02844
106.12760
106.22929
106.33043
106.43312
106.53551
106.63646
106.73944
106.84241
106.94636
107.05033
107.15600
107.26202
107.36783
107.47575
107.58249
107.69089
107.79821
107.90668
108.01518
108.12466
108.23383
108.34430
108.45859
108.57064
108.67924
108.79319
108.90952
109.02239
109.13970
109.25358
109.36952
109.48660
109.60668
109.72500
109.84229
109.96236
110.08081
110.20058
110.32202
110.44531
110.56843
110.68961
110.81594
110.94483
111.06986
111.19702
111.32207
111.45056
111.57710
111.70787
111.83512
111.96932
112.10114
112.23378
112.36793
112.50212
112.63958
112.77502
112.91309
113.04849
113.18948
113.32686
113.46830
113.60835
113.75211
113.89813
114.04487
114.19115
114.33973
114.48869
114.63356
114.78373
114.93702
115.08860
115.24274
115.39592
115.55100
115.70471
115.86142
116.01643
116.18131
116.34234
116.50439
116.67160
116.83972
117.00372
117.16890
117.33665
117.50594
117.67474
117.84770
118.01797
118.19777
118.37428
118.55489
118.73110
118.91154
119.09631
119.28033
119.46057
119.64735
119.83808
120.02609
120.22066
120.41502
120.61405
120.81070
121.01103
121.21053
121.40760
121.61458
121.81727
122.02742
122.23707
122.44981
122.66671
122.88290
123.10623
123.32802
123.55300
123.77365
124.00472
124.23472
124.46796
124.70559
124.94353
125.18187
125.41918
125.65815
125.90415
126.15253
126.40076
126.65103
126.90772
127.16983
127.43877
127.70656
127.96980
128.23919
128.51735
128.79421
129.06856
129.35963
129.64504
129.93488
130.23518
130.53599
130.84253
131.15236
131.46533
131.78432
132.10895
132.42804
132.75777
133.09383
133.43123
133.77950
134.12509
134.47788
134.82709
135.18145
135.54706
135.91279
136.28969
136.66494
137.04912
137.44339
137.84615
138.25132
138.66664
139.08612
139.51216
139.94370
140.37973
140.81754
141.26433
141.73357
142.20116
142.67528
143.15764
143.64814
144.15475
144.67124
145.18548
145.71241
146.25005
146.79861
147.36011
147.92158
148.50588
149.09591
149.70920
150.30318
150.93959
151.57676
152.22883
152.89288
153.58421
154.26261
154.97325
155.70870
156.44160
157.20682
157.99228
158.80942
159.63019
160.46967
161.34706
162.25130
163.16566
164.10543
165.06222
166.03383
167.03139
168.06990
169.11762
170.18708
171.29401
172.43919
173.60746
174.81822
176.06621
177.33962
178.68631
180.06107
181.46524
182.94873
184.49291
186.07404
187.73369
189.48432
191.24615
193.03107
194.88235
196.79924
198.79655
200.91548
203.17511
205.55605
208.01338
210.55504
213.16383
215.92793
218.80549
221.68923
224.73151
227.99331
231.42328
235.00833
238.84578
242.88367
247.26393
251.89401
256.76155
262.15177
268.20306
274.77522
281.79768
289.67303
298.08460
306.82134
316.03898
326.78659
338.37907
351.33092
366.20530
381.90107
399.56371
420.31447
448.84434
487.36226
