0.16067267
0.21851320
0.26126730
0.29717607
0.32926665
0.35842729
0.38554774
0.41093282
0.43521313
0.45771970
0.48048007
0.50221045
0.52327804
0.54419751
0.56431689
0.58408457
0.60359151
0.62331224
0.64229349
0.66111263
0.68008095
0.69847500
0.71659758
0.73440036
0.75260018
0.77074854
0.78874266
0.80662656
0.82414751
0.84151523
0.85927215
0.87693013
0.89437820
0.91169957
0.92926497
0.94676538
0.96410398
0.98127970
0.99868026
1.0161310
1.0332793
1.0509871
1.0684210
1.0861213
1.1034706
1.1209487
1.1384257
1.1559754
1.1734498
1.1907135
1.2080394
1.2258101
1.2432429
1.2606211
1.2782640
1.2962996
1.3139802
1.3317218
1.3499697
1.3682338
1.3862482
1.4041616
1.4225466
1.4410635
1.4597277
1.4779732
1.4962526
1.5151003
1.5341567
1.5527460
1.5715046
1.5905365
1.6095530
1.6287421
1.6478638
1.6669890
1.6863925
1.7058068
1.7249308
1.7442366
1.7637775
1.7834020
1.8030093
1.8226153
1.8425782
1.8624304
1.8824476
1.9024366
1.9225724
1.9428432
1.9635170
1.9838643
2.0041494
2.0248966
2.0455040
2.0665051
2.0878938
2.1086847
2.1300750
2.1511541
2.1728000
2.1941294
2.2161294
2.2379390
2.2591635
2.2812947
2.3031626
2.3253470
2.3476879
2.3701501
2.3926222
2.4155085
2.4381457
2.4608528
2.4839593
2.5068174
2.5297891
2.5527824
2.5762177
2.5999431
2.6229904
2.6467903
2.6701642
2.6940439
2.7182935
2.7423472
2.7668175
2.7912636
2.8159592
2.8401917
2.8646144
2.8893731
2.9137203
2.9389466
2.9640281
2.9891502
3.0144965
3.0402788
3.0666237
3.0920441
3.1178633
3.1437835
3.1697809
3.1960281
3.2228406
3.2499119
3.2764989
3.3026745
3.3295788
3.3565623
3.3836310
3.4108388
3.4385037
3.4658973
3.4934690
3.5215615
3.5496339
3.5780563
3.6066221
3.6348178
3.6633327
3.6925440
3.7214053
3.7507840
3.7794885
3.8088895
3.8380605
3.8679179
3.8976977
3.9277828
3.9581483
3.9884053
4.0183437
4.0488153
4.0795466
4.1105618
4.1410778
4.1719775
4.2030574
4.2341321
4.2652698
4.2970485
4.3293938
4.3615403
4.3940635
4.4266155
4.4591804
4.4913144
4.5245297
4.5574889
4.5902004
4.6234504
4.6570688
4.6908207
4.7238735
4.7579474
4.7918876
4.8257402
4.8599076
4.8937121
4.9280981
4.9622795
4.9977329
5.0328342
5.0678160
5.1037190
5.1389637
5.1745840
5.2107335
5.2469552
5.2834624
5.3198516
5.3565852
5.3932976
5.4306330
5.4675105
5.5047217
5.5422980
5.5799485
5.6179752
5.6566667
5.6946465
5.7330279
5.7714991
5.8102510
5.8498184
5.8887420
5.9278415
5.9673821
6.0067276
6.0470657
6.0876290
6.1288405
6.1689743
6.2094229
6.2503768
6.2911100
6.3325442
6.3745315
6.4161095
6.4579144
6.4992559
6.5420040
6.5842143
6.6259225
6.6692655
6.7125772
6.7560482
6.7998625
6.8438389
6.8877354
6.9320910
6.9762923
7.0204532
7.0652316
7.1100390
7.1556212
7.2014318
7.2466539
7.2919486
7.3371417
7.3833324
7.4307182
7.4768827
7.5235720
7.5704009
7.6182040
7.6657922
7.7131645
7.7606033
7.8085851
7.8568061
7.9056688
7.9541767
8.0032836
8.0522244
8.1015657
8.1519468
8.2027645
8.2528832
8.3031021
8.3530405
8.4039780
8.4563250
8.5077730
8.5597466
8.6112022
8.6639234
8.7163701
8.7689394
8.8225793
8.8755633
8.9284855
8.9830989
9.0368523
9.0909013
9.1455878
9.2001304
9.2554797
9.3104317
9.3654413
9.4208988
9.4771062
9.5328168
9.5888775
9.6455155
9.7023915
9.7603658
9.8182862
9.8760142
9.9331437
9.9911529
10.050614
10.109804
10.169165
10.228419
10.289327
10.349605
10.409807
10.470228
10.531423
10.592147
10.653479
10.715783
10.778013
10.841132
10.904805
10.967433
11.029699
11.093708
11.156721
11.220381
11.284404
11.348746
11.413507
11.479123
11.544205
11.610118
11.675408
11.742008
11.809059
11.876427
11.943627
12.011425
12.079772
12.148198
12.216356
12.285761
12.356310
12.427369
12.499504
12.570346
12.639891
12.712693
12.784115
12.854381
12.928213
13.002110
13.076461
13.150384
13.224819
13.297619
13.372868
13.447620
13.522641
13.597277
13.674796
13.750975
13.827583
13.903772
13.980905
14.057824
14.135399
14.213220
14.292371
14.370842
14.450500
14.529738
14.609044
14.688897
14.770212
14.851876
14.933301
15.015482
15.096359
15.179057
15.261159
15.345702
15.429950
15.516134
15.602861
15.687898
15.774891
15.860877
15.948752
16.035181
16.123017
16.210444
16.298894
16.386036
16.473986
16.562824
16.651608
16.741180
16.829733
16.921713
17.014322
17.105999
17.198003
17.292117
17.386168
17.480547
17.575873
17.670032
17.765154
17.860919
17.956401
18.053319
18.150020
18.247306
18.347257
18.447715
18.546019
18.644960
18.745647
18.845328
18.945268
19.046831
19.148496
19.251036
19.354571
19.456805
19.559407
19.664501
19.768860
19.873403
19.979657
20.085355
20.192445
20.299215
20.405060
20.512251
20.624720
20.734904
20.846182
20.956131
21.066536
21.179095
21.290729
21.404585
21.518589
21.631462
21.745005
21.861134
21.977899
22.095670
22.211033
22.328656
22.445593
22.562970
22.682983
22.802078
22.922808
23.043081
23.165089
23.288426
23.413608
23.535133
23.660026
23.784548
23.909682
24.034603
24.158798
24.285694
24.413198
24.540651
24.669503
24.798875
24.927911
25.057699
25.188473
25.321025
25.454270
25.588613
25.722308
25.855891
25.989732
26.125342
26.262208
26.398788
26.535285
26.672753
26.812352
26.954209
27.094526
27.236208
27.379171
27.521298
27.663211
27.805007
27.951195
28.098226
28.247261
28.392997
28.541714
28.689793
28.838288
28.988278
29.141277
29.293815
29.445866
29.599453
29.752057
29.905888
30.063699
30.220257
30.379589
30.539504
30.698487
30.859856
31.019061
31.180288
31.340472
31.502099
31.665883
31.829566
31.994115
32.159955
32.326904
32.495209
32.662071
32.833125
33.000972
33.171447
33.341788
33.515703
33.688606
33.863695
34.042129
34.219569
34.396571
34.573108
34.752297
34.933925
35.113565
35.292568
35.476101
35.661843
35.849124
36.032786
36.215070
36.403184
36.592866
36.782814
36.971544
37.162913
37.355501
37.550153
37.744903
37.937389
38.128705
38.325114
38.526599
38.726138
38.924214
39.124456
39.327418
39.528054
39.734854
39.941717
40.148070
40.356644
40.566464
40.774131
40.981230
41.196008
41.411841
41.626480
41.839216
42.056633
42.275332
42.494844
42.715059
42.938263
43.159794
43.384759
43.609382
43.835121
44.061624
44.291162
44.521350
44.752768
44.981288
45.216824
45.453996
45.687934
45.927769
46.162527
46.398078
46.638230
46.878439
47.121025
47.365436
47.613099
47.864058
48.107277
48.357894
48.609702
48.865242
49.120661
49.373151
49.634090
49.890338
50.149863
50.411213
50.678371
50.947605
51.213697
51.477662
51.746895
52.017220
52.291585
52.566938
52.840634
53.117330
53.398111
53.683872
53.961562
54.243134
54.526056
54.811845
55.095035
55.384673
55.675641
55.968269
56.265389
56.555233
56.856222
57.160004
57.463491
57.769290
58.072976
58.381168
58.689657
59.001162
59.305362
59.617543
59.929368
60.244684
60.559196
60.877976
61.198782
61.525828
61.850699
62.180835
62.508883
62.845077
63.178001
63.510135
63.853449
64.195101
64.539657
64.885877
65.231162
65.581936
65.932258
66.281978
66.637229
66.997620
67.348951
67.706376
68.075126
68.435754
68.808013
69.179947
69.548586
69.919725
70.300539
70.675110
71.053122
71.438690
71.828633
72.212623
72.601759
72.997106
73.394601
73.792900
74.193771
74.592920
74.997996
75.408066
75.819326
76.230306
76.646689
77.064166
77.483109
77.901834
78.331014
78.766373
79.192007
79.626880
80.059888
80.500393
80.948484
81.392094
81.833040
82.279477
82.734244
83.195986
83.650463
84.115245
84.581358
85.055489
85.527668
85.997373
86.470735
86.955270
87.446562
87.932845
88.413098
88.901753
89.394675
89.897825
90.398620
90.897080
91.411572
91.920114
92.431987
92.960363
93.479993
94.010500
94.548344
95.076403
95.617407
96.157592
96.694725
97.241255
97.791518
98.353152
98.909373
99.480002
100.04561
100.61924
101.19577
101.77627
102.36534
102.95424
103.54336
104.14452
104.73709
105.32628
105.94491
106.55234
107.15575
107.77465
108.39162
109.03004
109.64082
110.27521
110.92393
111.56379
112.20939
112.87548
113.53598
114.19535
114.85410
115.52653
116.20628
116.88952
117.57248
118.27154
118.97421
119.67334
120.37444
121.07988
121.80872
122.54099
123.27962
124.00785
124.74645
125.50069
126.24868
127.00432
127.75409
128.52681
129.29485
130.07896
130.86465
131.65659
132.46745
133.28629
134.09637
134.89952
135.72627
136.56256
137.40929
138.25262
139.09357
139.95467
140.80649
141.65981
142.53911
143.42504
144.32044
145.21251
146.11475
147.01924
147.92844
148.85057
149.79227
150.75086
151.69398
152.66222
153.62035
154.58144
155.55950
156.54615
157.54995
158.56121
159.57912
160.60378
161.62225
162.64542
163.69909
164.77536
165.86085
166.92485
168.01972
169.09695
170.19107
171.31840
172.44684
173.57334
174.73735
175.91036
177.09429
178.28280
179.45340
180.66711
181.87880
183.08711
184.31836
185.56222
186.83253
188.12418
189.41007
190.70328
191.99739
193.31332
194.65216
195.99695
197.34808
198.72752
200.16223
201.55519
202.97745
204.38812
205.81573
207.24884
208.70092
210.17730
211.66648
213.18511
214.72421
216.27618
217.83841
219.39354
220.97862
222.58126
224.22335
225.87141
227.53826
229.23838
230.94199
232.67160
234.43328
236.20495
237.98061
239.79690
241.60527
243.42851
245.29013
247.16509
249.05401
250.94797
252.88269
254.83784
256.83052
258.86302
260.88894
262.92908
265.02109
267.11947
269.25657
271.41135
273.60764
275.83919
278.07129
280.36527
282.68579
285.05001
287.45981
289.83672
292.25697
294.67798
297.15679
299.70905
302.27380
304.87512
307.51959
310.25853
312.97237
315.71585
318.51244
321.35965
324.21284
327.17916
330.16702
333.16129
336.19723
339.22358
342.43281
345.61488
348.83384
352.17022
355.51655
358.87711
362.35175
365.87348
369.47888
373.13808
376.84142
380.57785
384.48285
388.37876
392.36434
396.45629
400.55358
404.81220
409.14905
413.50650
417.93336
422.55067
427.22891
432.00966
436.88636
441.88758
446.88271
451.93923
457.23571
462.66814
468.20237
473.90028
479.72186
485.69140
491.77399
497.96385
504.29194
510.89287
517.44547
524.40241
531.45851
538.69624
546.16606
554.02595
562.05476
570.31880
578.90803
587.58273
596.79071
606.01317
615.81402
626.06293
636.89908
647.90865
659.27091
671.14923
683.56337
696.29659
709.80210
723.92758
739.13434
755.21687
772.03022
789.98497
808.90653
829.47802
851.07960
874.40344
900.21291
928.53152
960.09138
995.98716
1036.8041
1082.9911
1138.8016
1208.5555
1297.0429
1431.0226
1696.0030
