0.13801346
0.16909056
0.18892880
0.20451051
0.21764185
0.22899777
0.23916970
0.24830960
0.25690897
0.26497108
0.27246903
0.27962306
0.28629934
0.29275677
0.29902595
0.30506140
0.31090150
0.31642919
0.32188979
0.32720879
0.33237455
0.33740558
0.34218828
0.34699325
0.35170507
0.35621257
0.36069137
0.36500052
0.36930247
0.37354171
0.37773439
0.38182211
0.38582869
0.38984611
0.39374381
0.39762125
0.40138255
0.40523895
0.40896451
0.41262431
0.41625403
0.41988398
0.42338824
0.42693551
0.43035432
0.43383176
0.43721751
0.44070600
0.44409507
0.44746076
0.45078292
0.45399505
0.45730883
0.46054594
0.46374398
0.46692212
0.47007096
0.47322221
0.47633448
0.47946278
0.48253502
0.48558812
0.48861983
0.49164667
0.49468691
0.49769041
0.50063144
0.50361719
0.50651118
0.50946989
0.51241505
0.51530459
0.51823408
0.52110849
0.52397788
0.52685499
0.52968429
0.53255044
0.53537858
0.53817818
0.54094461
0.54370932
0.54644418
0.54923441
0.55201105
0.55474585
0.55744728
0.56015912
0.56286042
0.56558271
0.56832429
0.57105536
0.57378341
0.57643488
0.57911084
0.58177305
0.58444038
0.58711211
0.58974577
0.59237916
0.59495845
0.59761500
0.60024565
0.60289748
0.60549028
0.60810104
0.61070024
0.61333022
0.61592743
0.61850553
0.62111418
0.62371401
0.62628666
0.62884734
0.63142065
0.63393435
0.63651424
0.63906287
0.64160549
0.64415778
0.64666186
0.64923494
0.65178849
0.65429560
0.65680404
0.65933240
0.66186141
0.66437867
0.66691255
0.66945144
0.67196852
0.67444453
0.67699724
0.67950703
0.68197134
0.68450057
0.68706746
0.68961789
0.69218485
0.69469564
0.69723277
0.69969662
0.70217108
0.70466479
0.70713699
0.70963957
0.71213377
0.71463560
0.71712369
0.71964137
0.72210152
0.72457371
0.72703881
0.72950530
0.73202162
0.73447336
0.73692872
0.73934083
0.74183848
0.74432426
0.74682213
0.74927852
0.75180825
0.75428091
0.75673951
0.75922745
0.76174345
0.76423963
0.76668228
0.76920599
0.77169760
0.77417451
0.77663281
0.77913428
0.78159853
0.78409948
0.78656102
0.78906179
0.79153193
0.79404428
0.79651933
0.79900607
0.80150830
0.80404630
0.80655666
0.80906617
0.81160111
0.81413932
0.81665490
0.81917238
0.82165975
0.82420122
0.82674147
0.82931477
0.83182015
0.83432126
0.83685083
0.83938620
0.84189551
0.84446021
0.84704124
0.84959319
0.85214624
0.85471319
0.85727396
0.85985417
0.86239548
0.86494412
0.86748360
0.87004339
0.87262664
0.87519449
0.87778780
0.88029505
0.88291405
0.88551176
0.88806068
0.89069875
0.89328806
0.89588993
0.89852361
0.90115601
0.90374551
0.90636541
0.90899485
0.91160463
0.91423064
0.91688429
0.91957145
0.92222427
0.92489033
0.92755209
0.93017593
0.93282028
0.93545266
0.93817050
0.94083472
0.94354174
0.94620746
0.94890294
0.95164900
0.95434653
0.95710360
0.95982330
0.96257120
0.96533619
0.96812048
0.97089004
0.97369261
0.97642381
0.97916758
0.98194792
0.98473552
0.98750511
0.99024512
0.99301528
0.99578398
0.99863070
1.0014805
1.0043133
1.0071271
1.0099393
1.0127685
1.0156021
1.0184592
1.0212879
1.0241670
1.0270732
1.0299757
1.0329212
1.0358422
1.0387541
1.0416834
1.0445645
1.0475209
1.0505029
1.0534681
1.0564277
1.0593989
1.0623799
1.0654023
1.0683849
1.0714187
1.0744156
1.0774488
1.0804385
1.0834871
1.0865051
1.0895879
1.0926858
1.0958001
1.0988345
1.1019093
1.1049342
1.1080511
1.1112019
1.1143677
1.1174831
1.1206271
1.1238173
1.1269845
1.1301843
1.1333955
1.1366389
1.1398694
1.1431098
1.1463595
1.1496753
1.1529554
1.1562521
1.1595328
1.1628897
1.1662453
1.1695773
1.1729781
1.1763648
1.1797795
1.1831216
1.1865674
1.1900415
1.1934456
1.1968903
1.2003348
1.2038377
1.2073233
1.2107683
1.2142787
1.2178156
1.2213484
1.2249254
1.2285194
1.2320823
1.2357033
1.2393526
1.2429896
1.2465996
1.2502296
1.2538647
1.2576060
1.2612890
1.2650186
1.2687329
1.2725247
1.2763504
1.2801219
1.2840054
1.2878276
1.2917035
1.2955753
1.2994693
1.3033832
1.3073331
1.3113509
1.3153355
1.3193459
1.3233534
1.3273833
1.3314602
1.3356071
1.3397447
1.3438037
1.3479704
1.3520649
1.3562758
1.3605289
1.3646815
1.3689374
1.3731901
1.3774766
1.3818180
1.3861572
1.3905373
1.3949259
1.3993866
1.4037409
1.4082096
1.4127227
1.4172339
1.4218389
1.4264037
1.4309967
1.4357012
1.4404211
1.4450288
1.4497825
1.4545936
1.4593158
1.4640835
1.4689666
1.4738546
1.4788032
1.4837321
1.4886758
1.4936344
1.4987032
1.5037855
1.5088173
1.5139230
1.5190528
1.5242744
1.5295376
1.5348765
1.5401655
1.5454362
1.5507606
1.5561789
1.5615975
1.5670433
1.5725927
1.5780494
1.5836896
1.5893288
1.5949930
1.6006906
1.6063512
1.6120716
1.6178600
1.6237843
1.6296815
1.6356209
1.6416169
1.6477700
1.6539230
1.6601104
1.6662709
1.6724950
1.6787771
1.6850610
1.6913365
1.6978308
1.7043851
1.7108914
1.7173719
1.7239496
1.7305564
1.7371114
1.7438591
1.7506762
1.7574158
1.7643301
1.7713560
1.7784509
1.7854484
1.7926260
1.7996717
1.8069868
1.8143127
1.8217169
1.8292731
1.8368912
1.8444327
1.8519440
1.8595580
1.8673734
1.8751918
1.8829365
1.8907616
1.8988128
1.9069094
1.9149926
1.9233521
1.9315483
1.9398686
1.9482872
1.9567919
1.9652449
1.9737895
1.9825674
1.9913356
2.0001690
2.0092857
2.0182783
2.0273210
2.0365299
2.0458999
2.0553613
2.0647743
2.0741930
2.0839885
2.0936690
2.1034394
2.1133048
2.1232941
2.1332629
2.1434882
2.1536351
2.1641258
2.1744900
2.1851021
2.1958440
2.2067511
2.2174173
2.2283568
2.2393767
2.2504707
2.2617703
2.2732704
2.2849197
2.2968263
2.3084945
2.3202465
2.3322017
2.3444638
2.3564552
2.3689535
2.3813011
2.3938477
2.4066920
2.4198197
2.4328433
2.4460158
2.4592666
2.4728172
2.4862583
2.4998792
2.5138216
2.5279924
2.5425432
2.5567980
2.5715748
2.5862153
2.6013910
2.6162033
2.6316216
2.6467207
2.6622017
2.6778139
2.6937353
2.7097689
2.7263277
2.7428978
2.7596089
2.7767263
2.7938195
2.8109082
2.8282633
2.8459274
2.8640956
2.8820854
2.9002893
2.9188504
2.9374555
2.9564619
2.9755512
2.9948451
3.0146430
3.0345037
3.0542605
3.0744467
3.0951379
3.1163686
3.1378850
3.1591519
3.1804657
3.2029749
3.2254012
3.2484961
3.2714454
3.2947932
3.3185550
3.3426730
3.3669665
3.3916618
3.4167611
3.4418717
3.4678345
3.4935957
3.5192960
3.5461250
3.5734359
3.6007984
3.6283246
3.6565293
3.6854616
3.7140665
3.7438068
3.7735152
3.8027963
3.8332792
3.8643593
3.8957779
3.9277586
3.9602504
3.9936073
4.0277795
4.0621575
4.0967103
4.1308850
4.1668730
4.2032278
4.2399481
4.2776101
4.3153551
4.3534452
4.3927643
4.4323388
4.4728893
4.5131166
4.5537758
4.5966660
4.6395949
4.6837217
4.7284128
4.7734580
4.8181511
4.8641098
4.9116364
4.9591932
5.0084201
5.0575831
5.1073287
5.1575637
5.2094422
5.2609591
5.3153110
5.3695944
5.4237408
5.4800036
5.5383896
5.5969831
5.6567962
5.7162842
5.7780309
5.8407954
5.9054927
5.9705946
6.0377832
6.1038387
6.1720755
6.2400122
6.3114582
6.3825726
6.4545013
6.5286298
6.6046271
6.6808864
6.7585875
6.8376264
6.9193929
7.0030433
7.0878715
7.1728812
7.2611022
7.3514440
7.4426538
7.5359905
7.6301798
7.7261503
7.8218234
7.9206305
8.0206471
8.1264750
8.2325334
8.3407280
8.4505006
8.5615646
8.6721850
8.7865403
8.9066508
9.0267416
9.1480632
9.2690970
9.3970242
9.5253487
9.6533876
9.7871707
9.9203506
10.057805
10.197531
10.340108
10.487729
10.638957
10.794939
10.947801
11.104980
11.267782
11.433658
11.600983
11.771273
11.944983
12.123553
12.304201
12.488715
12.678542
12.869875
13.065080
13.268310
13.473376
13.683591
13.893888
14.104701
14.325413
14.546505
14.765617
14.997352
15.233004
15.468526
15.713599
15.962767
16.221180
16.481770
16.744176
17.013275
17.289331
17.570178
17.855498
18.150824
18.441810
18.743324
19.053770
19.375962
19.702591
20.033374
20.363450
20.704313
21.046317
21.401468
21.761770
22.135793
22.508702
22.889943
23.277590
23.679456
24.089404
24.502945
24.921739
25.343591
25.781957
26.228907
26.677380
27.138070
27.608986
28.080888
28.567008
29.056779
29.567847
30.083619
30.610538
31.138269
31.686948
32.243315
32.813000
33.392367
33.978005
34.580265
35.200008
35.821865
36.448219
37.093626
37.762313
38.443340
39.131759
39.834919
40.538991
41.252941
41.994213
42.746772
43.510688
44.282848
45.061372
45.871495
46.686680
47.519646
48.353558
49.210914
50.090002
50.973083
51.909347
52.842775
53.777999
54.746337
55.718307
56.716130
57.731474
58.763419
59.819065
60.900291
61.979398
63.064691
64.165601
65.299410
66.467457
67.618211
68.809814
70.003341
71.224690
72.472703
73.709896
75.009291
76.312903
77.636632
78.963984
80.319364
81.715862
83.106361
84.495266
85.902124
87.358831
88.809998
90.267271
91.794492
93.316859
94.905255
96.516385
98.113588
99.757792
101.40124
103.09983
104.81082
106.54853
108.26108
110.02700
111.82864
113.62753
115.42096
117.23399
119.13441
121.03031
122.94450
124.89987
126.88315
128.89003
130.94930
133.04157
135.10415
137.14443
139.25201
141.39249
143.57399
145.78035
147.98360
150.27068
152.57230
154.85519
157.18683
159.54293
161.93693
164.31850
166.75123
169.16435
171.71158
174.19660
176.76106
179.35384
182.03383
184.74313
187.42832
190.17147
192.91341
195.63582
198.46393
201.28322
204.23438
207.20207
210.20776
213.28382
216.35206
219.43127
222.52555
225.61602
228.77498
231.99472
235.16253
238.38991
241.67314
244.99375
248.31743
251.64761
254.95659
258.32949
261.79182
265.27136
268.73004
272.24723
275.75081
279.29166
282.84266
286.43761
290.01447
293.72488
297.46377
301.21391
305.18489
309.20124
313.33951
317.37287
321.45900
325.60423
329.65036
333.76678
337.89768
342.13230
346.33794
350.44626
354.73785
359.13298
363.55096
368.07940
372.69336
377.48392
382.27028
387.02414
391.79365
396.69838
401.54122
406.43421
411.35733
416.33735
421.24804
426.10435
431.07295
436.03388
441.24127
446.46372
451.78038
457.08853
462.42740
467.99694
473.49718
478.87291
484.59242
490.16495
495.87003
501.57613
507.50355
513.52168
519.45887
525.30466
531.30994
537.57892
543.68988
549.81841
556.08705
562.44242
569.03198
575.41351
581.77630
588.31525
595.07007
601.90112
608.77270
615.54287
622.22749
629.10191
636.49582
643.96149
651.10887
658.50515
666.14012
673.65181
681.50234
689.40857
697.20290
704.95739
712.84897
720.86291
728.59293
736.60529
744.97970
753.58260
762.28948
771.05611
779.73565
788.44925
797.68650
806.95818
816.19431
825.68437
835.11283
844.58255
854.45441
864.43026
874.84229
885.78847
896.73265
907.96928
919.33888
931.19050
942.97436
954.86813
967.25410
979.50627
991.98095
1005.0901
1018.9285
1032.9313
1047.6983
1063.9446
1081.0533
1098.4504
1116.3358
1137.1671
1160.0926
1186.3764
1212.4515
1243.3796
1282.4813
1334.1596
1400.7864
1532.6068
