12.060625
14.539712
16.140796
17.351503
18.352881
19.230972
20.015558
20.716340
21.347372
21.944234
22.505280
23.032628
23.528954
24.005830
24.454068
24.888992
25.299387
25.703097
26.090374
26.463059
26.830078
27.182197
27.524553
27.857806
28.184346
28.504929
28.811863
29.114100
29.411853
29.707251
29.995426
30.276766
30.552253
30.824171
31.094266
31.358686
31.624698
31.877607
32.130890
32.376264
32.620972
32.860812
33.103336
33.334831
33.566950
33.795989
34.022284
34.247662
34.469267
34.690554
34.906861
35.117028
35.331252
35.540186
35.751238
35.955809
36.158788
36.361334
36.560723
36.762919
36.962188
37.157861
37.349752
37.542495
37.734019
37.925295
38.114964
38.300893
38.483388
38.666688
38.846226
39.029591
39.210442
39.393329
39.570837
39.748293
39.919732
40.092546
40.267275
40.440229
40.615347
40.784673
40.957611
41.125565
41.289818
41.459909
41.623150
41.789014
41.955126
42.118667
42.282556
42.448309
42.611569
42.772502
42.932573
43.090265
43.247039
43.404709
43.561499
43.714718
43.865360
44.021946
44.176091
44.330763
44.483048
44.634584
44.786995
44.938936
45.088777
45.239411
45.388872
45.538841
45.685373
45.832368
45.979479
46.124957
46.269781
46.414008
46.558415
46.704075
46.846962
46.991294
47.134623
47.274602
47.417824
47.557587
47.696587
47.837384
47.977270
48.115624
48.253270
48.393028
48.531215
48.669660
48.805971
48.942554
49.080064
49.215541
49.353604
49.487407
49.624777
49.759164
49.896341
50.031062
50.163690
50.299324
50.430761
50.566274
50.698437
50.830444
50.963029
51.095992
51.225831
51.357670
51.488476
51.618695
51.748374
51.879861
52.005184
52.134267
52.266144
52.395018
52.523858
52.652519
52.782811
52.909639
53.036126
53.162672
53.291209
53.418139
53.544474
53.673307
53.798163
53.927218
54.053731
54.180049
54.306883
54.432030
54.556909
54.682947
54.807137
54.932052
55.055250
55.176689
55.301967
55.424956
55.547395
55.667554
55.789747
55.914336
56.035499
56.159821
56.281283
56.405147
56.525717
56.646693
56.769379
56.889086
57.012278
57.133605
57.253890
57.375253
57.497213
57.616516
57.737185
57.856391
57.978159
58.095641
58.216303
58.334538
58.452344
58.572893
58.692551
58.812529
58.933147
59.053831
59.171894
59.290407
59.408176
59.527545
59.645939
59.763915
59.878878
59.997389
60.112071
60.227508
60.343362
60.459454
60.575946
60.693569
60.810778
60.924463
61.039715
61.157140
61.273291
61.389068
61.504834
61.619735
61.735438
61.849954
61.963810
62.078794
62.193348
62.309430
62.425716
62.539331
62.654907
62.770743
62.886869
63.001646
63.115157
63.229620
63.342843
63.457029
63.571952
63.686169
63.799738
63.914179
64.027607
64.144361
64.259661
64.373136
64.488337
64.602753
64.714441
64.827833
64.941344
65.054893
65.169312
65.280187
65.391892
65.506228
65.619274
65.731481
65.844378
65.956564
66.070298
66.184380
66.297303
66.409378
66.520750
66.632084
66.744962
66.859191
66.971549
67.083869
67.196555
67.310146
67.423215
67.534239
67.646016
67.756250
67.870391
67.983693
68.097643
68.209252
68.322040
68.434186
68.545724
68.657427
68.768677
68.879221
68.990278
69.102432
69.213550
69.327597
69.441123
69.554240
69.665515
69.777358
69.890141
70.001259
70.113261
70.224622
70.337180
70.448318
70.559846
70.671279
70.783847
70.895380
71.006243
71.116608
71.229084
71.339976
71.450096
71.563153
71.676158
71.788291
71.899593
72.009425
72.120196
72.231197
72.342845
72.452130
72.562888
72.673937
72.786214
72.896825
73.009859
73.120464
73.233049
73.346544
73.458507
73.569607
73.680467
73.792472
73.902794
74.014761
74.123697
74.236731
74.347577
74.458363
74.571916
74.684500
74.796093
74.907792
75.021510
75.131108
75.243061
75.356575
75.466525
75.577060
75.689144
75.802001
75.917155
76.029977
76.141903
76.252380
76.364900
76.476175
76.587186
76.700547
76.810567
76.921787
77.033367
77.147042
77.258121
77.367624
77.479851
77.591108
77.701616
77.812850
77.925780
78.038822
78.151869
78.265361
78.377421
78.488767
78.599409
78.713753
78.826075
78.938226
79.050565
79.162834
79.277135
79.391412
79.505142
79.615263
79.730936
79.845774
79.958285
80.071508
80.184025
80.296963
80.411892
80.523144
80.635640
80.746872
80.861154
80.974412
81.086495
81.200295
81.315743
81.429486
81.544345
81.658251
81.772347
81.886724
81.999898
82.114334
82.229397
82.341076
82.457311
82.570296
82.684211
82.795952
82.909721
83.024076
83.140413
83.256017
83.369505
83.485024
83.597340
83.712666
83.826476
83.940402
84.053928
84.170603
84.283929
84.398624
84.514271
84.629100
84.744601
84.859624
84.976598
85.092871
85.208051
85.322803
85.438347
85.555113
85.670899
85.785332
85.901004
86.015764
86.131016
86.246875
86.362773
86.478533
86.593662
86.710771
86.826288
86.943192
87.062876
87.180373
87.296392
87.412486
87.526992
87.644702
87.762837
87.881218
87.995976
88.111987
88.228967
88.346867
88.464302
88.582165
88.701163
88.818690
88.936952
89.056816
89.174622
89.291248
89.410522
89.528508
89.647153
89.765430
89.884681
90.004070
90.121653
90.237974
90.355952
90.476734
90.599162
90.719261
90.838960
90.957518
91.078498
91.199783
91.320494
91.441225
91.561539
91.682299
91.803885
91.925422
92.046228
92.166063
92.286830
92.407955
92.527815
92.649898
92.770561
92.891577
93.013703
93.136143
93.258495
93.379930
93.500674
93.622455
93.746142
93.868764
93.990273
94.113643
94.237400
94.360684
94.482852
94.607620
94.730080
94.856297
94.980217
95.102435
95.225117
95.348888
95.474823
95.598402
95.719811
95.844478
95.970040
96.095134
96.221306
96.346883
96.472443
96.597469
96.720847
96.846332
96.971323
97.097063
97.225102
97.352773
97.478974
97.603427
97.731316
97.858602
97.986558
98.114499
98.243893
98.371888
98.500092
98.628333
98.754280
98.882695
99.014749
99.145745
99.274159
99.403808
99.532454
99.662005
99.791574
99.920228
100.05181
100.18187
100.31166
100.44034
100.56835
100.69876
100.82863
100.95811
101.08911
101.21925
101.34973
101.48143
101.61228
101.74449
101.87449
102.00754
102.14266
102.27746
102.41042
102.54330
102.67629
102.81015
102.94499
103.07845
103.21438
103.34857
103.48359
103.61613
103.75051
103.88424
104.01891
104.15386
104.28829
104.42507
104.55949
104.69445
104.83165
104.96755
105.10377
105.23914
105.37494
105.51185
105.64743
105.78668
105.92351
106.06427
106.20240
106.34230
106.48310
106.62297
106.76147
106.89908
107.04009
107.17988
107.32008
107.46071
107.60210
107.74355
107.88429
108.02462
108.16653
108.30728
108.45067
108.59324
108.73871
108.88175
109.02337
109.16835
109.31392
109.45813
109.60269
109.74863
109.89375
110.03844
110.18552
110.32983
110.47836
110.62310
110.77011
110.91433
111.06239
111.20771
111.35483
111.50385
111.65063
111.80179
111.95058
112.09885
112.24700
112.39833
112.54833
112.69910
112.85182
113.00239
113.15341
113.30330
113.45537
113.60824
113.76320
113.91681
114.06975
114.22363
114.37750
114.53178
114.68769
114.84161
114.99731
115.15586
115.31312
115.46584
115.62500
115.78383
115.94288
116.10068
116.26050
116.41890
116.57767
116.73683
116.89557
117.05545
117.21436
117.37572
117.53928
117.69939
117.86299
118.02434
118.18784
118.34951
118.51431
118.67954
118.84438
119.00951
119.17583
119.34129
119.50688
119.67342
119.84085
120.00741
120.17264
120.33842
120.50689
120.67380
120.84064
121.00992
121.17788
121.34912
121.51955
121.69063
121.86251
122.03649
122.20760
122.38229
122.55941
122.73350
122.90692
123.08241
123.25829
123.43245
123.60774
123.78300
123.96009
124.13512
124.31167
124.48782
124.66856
124.84563
125.02765
125.20726
125.38779
125.56897
125.74770
125.93286
126.11638
126.30137
126.48405
126.66853
126.85555
127.04085
127.22875
127.41646
127.60443
127.79095
127.97802
128.16853
128.35840
128.54952
128.74064
128.93155
129.12436
129.31755
129.51066
129.70392
129.90075
130.09424
130.28921
130.48525
130.68096
130.87802
131.07664
131.27314
131.47213
131.67335
131.87363
132.07723
132.27920
132.48055
132.67894
132.88546
133.08945
133.29213
133.49832
133.70394
133.90954
134.12250
134.33104
134.54222
134.75513
134.96460
135.17964
135.39593
135.60500
135.82428
136.04072
136.25969
136.47568
136.69552
136.91781
137.13631
137.35784
137.57989
137.80325
138.02338
138.24967
138.47515
138.70466
138.93428
139.16485
139.39291
139.62398
139.85332
140.08217
140.31716
140.54994
140.78578
141.02479
141.25989
141.50090
141.73845
141.98167
142.22263
142.46342
142.70662
142.94843
143.19586
143.44558
143.69197
143.94301
144.18912
144.43758
144.68596
144.93989
145.19292
145.44604
145.70133
145.96076
146.21879
146.47746
146.73303
146.99796
147.26422
147.52833
147.79594
148.06573
148.33740
148.60884
148.88590
149.16051
149.43791
149.72059
149.99850
150.27947
150.56339
150.84494
151.13698
151.42875
151.71911
152.01229
152.29952
152.59360
152.88833
153.18203
153.48239
153.78251
154.09259
154.39505
154.70065
155.01296
155.32513
155.64305
155.95623
156.27209
156.59620
156.91600
157.24643
157.57716
157.89636
158.23255
158.56493
158.89995
159.23740
159.57520
159.91057
160.25359
160.59694
160.94712
161.30045
161.65277
162.01497
162.37856
162.73896
163.10608
163.47094
163.83982
164.21541
164.59201
164.96765
165.34681
165.74185
166.13684
166.52556
166.91759
167.31943
167.72071
168.13143
168.54880
168.96649
169.38242
169.80137
170.22885
170.66487
171.10500
171.54709
171.99783
172.44375
172.89566
173.34560
173.80318
174.26478
174.73227
175.20396
175.68855
176.17324
176.66741
177.16554
177.66905
178.17319
178.68053
179.20608
179.73013
180.24999
180.78372
181.33094
181.88557
182.43767
182.99735
183.57126
184.15786
184.74418
185.34335
185.93792
186.53901
187.15760
187.78477
188.43224
189.08680
189.75751
190.42940
191.11912
191.81411
192.53262
193.24899
193.98896
194.73380
195.49953
196.27559
197.07299
197.87574
198.68456
199.51633
200.36089
201.23318
202.13857
203.06220
203.99172
204.95673
205.95344
206.95348
208.00406
209.06624
210.14146
211.29012
212.46597
213.65228
214.88665
216.16436
217.48394
218.85946
220.27549
221.74531
223.27178
224.84469
226.49967
228.20364
230.02676
231.95599
233.97218
236.11980
238.36474
240.76458
243.36021
246.15863
249.18925
252.46109
256.06256
260.19710
264.84015
270.21222
276.55789
284.39226
294.84259
310.00837
339.66199
