4.6180732
5.9542372
6.8673769
7.5779307
8.2061735
8.7612314
9.2546473
9.7097897
10.135525
10.530976
10.904965
11.262479
11.606579
11.929807
12.248400
12.551791
12.844921
13.133122
13.412246
13.685001
13.954081
14.212792
14.466675
14.715667
14.957242
15.196058
15.434420
15.667974
15.895663
16.118570
16.340485
16.556835
16.770802
16.979911
17.188366
17.391376
17.591958
17.794972
17.993446
18.195336
18.388177
18.583015
18.776560
18.966332
19.154987
19.342310
19.524035
19.707582
19.891775
20.072484
20.252511
20.432628
20.611807
20.788425
20.961694
21.134632
21.311140
21.484060
21.655666
21.823630
21.990577
22.156819
22.321932
22.486477
22.650459
22.813341
22.973825
23.135834
23.296286
23.457013
23.617412
23.773894
23.934140
24.089975
24.243336
24.398541
24.554854
24.711088
24.863443
25.016168
25.168237
25.320256
25.469914
25.620192
25.769880
25.919105
26.067191
26.214476
26.364766
26.512483
26.661792
26.810350
26.955546
27.103324
27.251283
27.393593
27.538574
27.681401
27.824930
27.969829
28.112118
28.254468
28.397191
28.539460
28.681661
28.822000
28.964825
29.109360
29.249515
29.390737
29.529225
29.666863
29.805596
29.941892
30.080356
30.221364
30.358975
30.495373
30.632939
30.768475
30.904480
31.039280
31.177041
31.313585
31.448015
31.583581
31.716769
31.854522
31.988631
32.122518
32.257442
32.390494
32.526572
32.658516
32.793002
32.927910
33.061264
33.192723
33.325396
33.456916
33.589167
33.721020
33.855064
33.986551
34.119962
34.249015
34.380742
34.515247
34.646745
34.777645
34.906444
35.038948
35.169339
35.301237
35.432451
35.564004
35.696185
35.826389
35.954552
36.085135
36.214882
36.342654
36.471816
36.602221
36.730337
36.863457
36.993736
37.122076
37.251361
37.379513
37.509073
37.637283
37.765830
37.891870
38.019507
38.147893
38.274584
38.400975
38.528777
38.658337
38.787733
38.915158
39.043805
39.172289
39.297696
39.425060
39.554144
39.681695
39.808958
39.936118
40.065551
40.191597
40.319526
40.449161
40.573833
40.700463
40.828748
40.954710
41.080340
41.207766
41.332915
41.460107
41.588211
41.714743
41.840080
41.966118
42.092247
42.217274
42.343605
42.472887
42.601064
42.728059
42.854204
42.979841
43.106184
43.232988
43.359185
43.486415
43.613474
43.739180
43.866441
43.991285
44.118038
44.244692
44.371823
44.495990
44.622159
44.746329
44.873423
45.000307
45.129603
45.257077
45.382957
45.509519
45.636412
45.764512
45.890650
46.011209
46.139569
46.263322
46.391375
46.516101
46.642273
46.768985
46.895802
47.022203
47.146562
47.272855
47.397825
47.526062
47.650642
47.775719
47.902856
48.029649
48.157735
48.282473
48.409487
48.538364
48.664868
48.790807
48.916287
49.045019
49.171757
49.296863
49.424049
49.550864
49.675805
49.802634
49.929601
50.055422
50.183434
50.309813
50.438412
50.565411
50.692276
50.817603
50.943540
51.071947
51.199091
51.325947
51.454675
51.581591
51.709413
51.838442
51.967207
52.094221
52.222136
52.347554
52.473718
52.601459
52.730813
52.857796
52.986244
53.115255
53.241134
53.370015
53.496378
53.625317
53.755326
53.883689
54.012977
54.141270
54.269221
54.400723
54.528707
54.657307
54.787060
54.916277
55.047872
55.177379
55.305195
55.434658
55.563511
55.692753
55.822983
55.950930
56.080907
56.208531
56.339979
56.466428
56.595382
56.725965
56.855434
56.987586
57.119626
57.249310
57.379166
57.510043
57.640673
57.770981
57.903027
58.033697
58.165539
58.297039
58.428591
58.559981
58.688347
58.819293
58.949027
59.080834
59.210397
59.342016
59.475381
59.606594
59.737780
59.870347
60.000197
60.131899
60.265025
60.398750
60.531574
60.665275
60.797091
60.930140
61.063786
61.196802
61.328804
61.462412
61.594988
61.728586
61.860272
61.996044
62.130051
62.262662
62.396765
62.531647
62.666629
62.800433
62.930912
63.064584
63.197268
63.330652
63.466752
63.601720
63.735899
63.870220
64.005234
64.139669
64.274379
64.411116
64.547753
64.686586
64.826340
64.962659
65.100529
65.234237
65.369622
65.507973
65.645817
65.781960
65.917997
66.054564
66.191999
66.330474
66.467091
66.603237
66.741549
66.877804
67.016623
67.153580
67.294048
67.432895
67.570819
67.709566
67.849736
67.989007
68.128208
68.267547
68.408230
68.547377
68.686909
68.827866
68.969029
69.107008
69.247359
69.388169
69.528407
69.669926
69.812499
69.955014
70.095421
70.237157
70.378838
70.522719
70.664126
70.805107
70.946822
71.088394
71.231350
71.373985
71.519652
71.660949
71.805185
71.950652
72.091316
72.237837
72.383745
72.529195
72.673846
72.818542
72.963500
73.107844
73.252605
73.401305
73.548714
73.692561
73.839634
73.986173
74.134170
74.280625
74.427937
74.576248
74.726223
74.872574
75.018648
75.168015
75.316267
75.462779
75.611325
75.758976
75.908281
76.057321
76.208953
76.355414
76.505276
76.652949
76.802182
76.951176
77.103464
77.251264
77.401459
77.551120
77.704729
77.855172
78.005377
78.154659
78.309409
78.461820
78.613405
78.766143
78.916335
79.070897
79.222437
79.375891
79.530977
79.684620
79.836536
79.993157
80.149646
80.305389
80.461534
80.615805
80.770846
80.926667
81.084311
81.241134
81.398169
81.552079
81.708767
81.866387
82.020167
82.176478
82.334420
82.491498
82.648576
82.807504
82.965253
83.123990
83.282693
83.441188
83.603646
83.760941
83.922507
84.082209
84.243405
84.405621
84.565794
84.726718
84.885087
85.044318
85.203843
85.367877
85.530723
85.692101
85.856419
86.023203
86.189830
86.353831
86.516377
86.679847
86.842773
87.010003
87.173753
87.339435
87.505376
87.672735
87.837697
88.005210
88.174393
88.340136
88.509015
88.675424
88.840992
89.009992
89.180297
89.349906
89.519766
89.689124
89.858521
90.029400
90.200315
90.372841
90.543225
90.715399
90.887295
91.058975
91.232978
91.407995
91.584697
91.755514
91.927894
92.104145
92.277569
92.452580
92.627421
92.804182
92.978041
93.155989
93.330854
93.507657
93.685018
93.860723
94.042093
94.219419
94.398205
94.576905
94.756377
94.936520
95.117723
95.295592
95.473402
95.657435
95.839509
96.022822
96.206921
96.390772
96.573186
96.754736
96.937442
97.125845
97.312404
97.497129
97.680361
97.867357
98.050703
98.233360
98.420422
98.608124
98.792186
98.979153
99.165908
99.353806
99.542976
99.728852
99.919484
100.10966
100.30321
100.49569
100.68799
100.87982
101.06878
101.26022
101.45063
101.64365
101.83626
102.03225
102.23258
102.42549
102.62128
102.81910
103.01623
103.21320
103.41101
103.60685
103.80553
104.00317
104.20336
104.40128
104.59998
104.80173
105.00348
105.20570
105.40896
105.61347
105.81544
106.01827
106.21754
106.42323
106.62296
106.82550
107.03202
107.24230
107.44928
107.65770
107.86683
108.07471
108.28379
108.49015
108.69908
108.90805
109.12125
109.33459
109.54312
109.75513
109.96936
110.18076
110.39443
110.61208
110.82554
111.04040
111.25651
111.47961
111.70001
111.91709
112.13563
112.35473
112.57193
112.79446
113.01303
113.23678
113.45603
113.68113
113.90336
114.13075
114.35751
114.58490
114.80990
115.03530
115.26043
115.49354
115.71846
115.94243
116.17216
116.40105
116.63460
116.86585
117.09627
117.32921
117.56158
117.79769
118.03186
118.26539
118.50734
118.74275
118.98043
119.22150
119.46233
119.70083
119.93909
120.17904
120.41505
120.65602
120.89420
121.13524
121.38164
121.62633
121.86865
122.11442
122.35992
122.60488
122.84725
123.09972
123.34712
123.60052
123.85557
124.10972
124.36230
124.61571
124.86871
125.12617
125.38772
125.64368
125.89908
126.15575
126.40772
126.66967
126.93130
127.19456
127.46098
127.72436
127.98813
128.25552
128.52680
128.79188
129.05600
129.32438
129.59517
129.86628
130.13763
130.41345
130.68975
130.96100
131.23939
131.51452
131.79363
132.07194
132.35774
132.64066
132.92277
133.20479
133.48673
133.77611
134.05748
134.34428
134.62914
134.92076
135.21372
135.50297
135.79560
136.08948
136.38217
136.68081
136.97757
137.27786
137.57545
137.87975
138.17914
138.48222
138.78621
139.09707
139.40743
139.71404
140.02075
140.33103
140.64218
140.95635
141.27021
141.58446
141.90028
142.21807
142.53746
142.86009
143.18190
143.50862
143.83308
144.16066
144.48825
144.82091
145.14945
145.48182
145.82133
146.15689
146.48982
146.82334
147.16371
147.50618
147.84961
148.19296
148.54248
148.88997
149.23921
149.58673
149.93807
150.29231
150.64948
151.00014
151.35948
151.71633
152.07917
152.44201
152.80621
153.17666
153.54006
153.90712
154.27812
154.65392
155.03101
155.42018
155.80112
156.18202
156.56702
156.95091
157.33975
157.72773
158.11462
158.50950
158.90973
159.31029
159.70828
160.11095
160.51606
160.91925
161.33247
161.74562
162.15429
162.57332
162.99522
163.41189
163.82602
164.25753
164.68739
165.11719
165.54011
165.98007
166.42275
166.86703
167.30980
167.76440
168.21015
168.66044
169.11365
169.57571
170.04578
170.50879
170.96827
171.44413
171.91296
172.38190
172.85794
173.34215
173.82941
174.32486
174.82138
175.31377
175.81756
176.31718
176.82308
177.32710
177.83203
178.34558
178.86599
179.40100
179.93263
180.46380
181.00146
181.55078
182.09898
182.64450
183.19858
183.74766
184.30776
184.86519
185.43324
186.01062
186.58966
187.18620
187.77940
188.36842
188.96775
189.57219
190.16969
190.79107
191.41065
192.02825
192.66291
193.29649
193.94418
194.58573
195.24452
195.89419
196.56381
197.24528
197.93003
198.61270
199.29698
199.99362
200.69217
201.39453
202.11359
202.84542
203.59106
204.34140
205.09018
205.86262
206.62923
207.38902
208.17678
208.99303
209.80480
210.62826
211.44904
212.30093
213.14800
214.01038
214.85733
215.72087
216.61385
217.50560
218.40344
219.34738
220.26642
221.21920
222.16886
223.15668
224.15314
225.15408
226.17357
227.21356
228.29763
229.35413
230.41671
231.51561
232.64363
233.79081
234.94937
236.15094
237.35266
238.55178
239.79730
241.04746
242.33866
243.65956
245.00087
246.38264
247.77615
249.19416
250.64223
252.16234
253.69846
255.25879
256.83652
258.48055
260.15054
261.85660
263.66238
265.47404
267.31124
269.25029
271.23192
273.22086
275.32102
277.48897
279.75184
282.10508
284.55549
287.10221
289.72623
292.43779
295.23693
298.23781
301.37632
304.67871
308.12984
311.77719
315.66700
319.79092
324.18362
328.90622
334.02493
339.62110
345.64151
352.40289
359.87251
368.69824
378.50861
390.56228
405.32305
424.64454
453.38253
509.64568
