6.4433685
6.9916068
7.3227285
7.5642685
7.7644601
7.9347975
8.0847570
8.2172544
8.3390031
8.4517104
8.5570807
8.6548095
8.7485068
8.8371636
8.9216442
9.0011095
9.0777275
9.1522419
9.2233980
9.2926036
9.3591717
9.4249605
9.4879651
9.5491113
9.6090642
9.6671672
9.7246082
9.7807369
9.8361037
9.8895435
9.9426785
9.9943478
10.045131
10.095365
10.145409
10.195153
10.242649
10.289974
10.336817
10.382391
10.428292
10.472756
10.516826
10.560229
10.603385
10.645474
10.687885
10.730308
10.770966
10.812090
10.853566
10.893938
10.934083
10.973931
11.014112
11.053292
11.092037
11.131131
11.169184
11.206617
11.244946
11.282354
11.319605
11.356688
11.393144
11.429578
11.465800
11.502424
11.537970
11.573670
11.609056
11.643729
11.679505
11.713992
11.748143
11.782610
11.816857
11.850673
11.885141
11.919534
11.953231
11.986276
12.020225
12.054209
12.086926
12.120354
12.153308
12.185890
12.219222
12.252318
12.285228
12.317865
12.350206
12.382631
12.414696
12.446650
12.479374
12.511233
12.543280
12.575669
12.607762
12.639346
12.671075
12.702362
12.734013
12.765195
12.796130
12.827580
12.859256
12.890420
12.921282
12.951928
12.983069
13.013880
13.044938
13.075695
13.106627
13.137241
13.167869
13.198564
13.228938
13.260335
13.290570
13.321444
13.352042
13.382704
13.412944
13.443777
13.474717
13.505377
13.535668
13.565950
13.596157
13.626651
13.657656
13.688623
13.718875
13.749328
13.779543
13.809346
13.839715
13.870015
13.900361
13.930602
13.960940
13.991104
14.021683
14.052505
14.082994
14.113513
14.143723
14.174601
14.205431
14.235477
14.265975
14.296041
14.326343
14.356431
14.386972
14.417048
14.448034
14.478108
14.508331
14.539440
14.570047
14.600977
14.631779
14.662371
14.692811
14.724064
14.754903
14.785989
14.817007
14.847589
14.877782
14.908398
14.939309
14.970365
15.001299
15.032067
15.063146
15.095053
15.126322
15.157208
15.189147
15.220351
15.251929
15.283543
15.314886
15.346064
15.377712
15.408994
15.441300
15.473082
15.504408
15.536812
15.569019
15.601214
15.632668
15.664850
15.696471
15.728401
15.760589
15.793473
15.826448
15.858385
15.890670
15.923012
15.955799
15.987813
16.020298
16.053330
16.085862
16.118510
16.150963
16.183928
16.217265
16.250096
16.283305
16.316337
16.349739
16.382738
16.415831
16.449182
16.481585
16.514654
16.547747
16.581561
16.616109
16.650029
16.683946
16.718033
16.752116
16.785806
16.819716
16.854332
16.888445
16.922918
16.957884
16.992579
17.027116
17.062993
17.097663
17.133092
17.167932
17.203272
17.238602
17.273495
17.309204
17.344696
17.379870
17.415355
17.450805
17.487122
17.523156
17.558971
17.595215
17.630866
17.666745
17.702867
17.739151
17.776121
17.812952
17.849815
17.886942
17.923606
17.960544
17.998062
18.035959
18.073885
18.111998
18.149709
18.187575
18.225246
18.263997
18.302288
18.340535
18.379405
18.418093
18.457227
18.496218
18.535594
18.574328
18.613537
18.653388
18.693340
18.733280
18.772888
18.812625
18.853402
18.893719
18.934260
18.974634
19.015666
19.056754
19.097743
19.138939
19.180640
19.221731
19.263186
19.303930
19.346266
19.388726
19.430990
19.473004
19.515623
19.558775
19.601168
19.643860
19.686774
19.730248
19.773545
19.816826
19.860165
19.903769
19.948336
19.992266
20.036889
20.082120
20.126889
20.172146
20.217283
20.261669
20.307133
20.351985
20.397683
20.444030
20.490163
20.536977
20.582961
20.629661
20.677036
20.723204
20.770555
20.817076
20.865113
20.913831
20.962899
21.010258
21.059044
21.108472
21.157506
21.207004
21.256031
21.305641
21.355325
21.405310
21.454761
21.506163
21.556648
21.607446
21.658301
21.709090
21.760461
21.811440
21.862882
21.915621
21.968870
22.022076
22.074610
22.128332
22.182719
22.236311
22.290444
22.344706
22.399335
22.454049
22.509197
22.563565
22.618445
22.674196
22.730310
22.786339
22.843104
22.900031
22.957534
23.015741
23.073595
23.131229
23.189763
23.248202
23.306541
23.365962
23.425723
23.487008
23.546628
23.608094
23.669880
23.730249
23.791291
23.852711
23.914606
23.976959
24.038864
24.100976
24.164221
24.228665
24.293030
24.356470
24.420941
24.486118
24.551301
24.617514
24.682490
24.748823
24.816200
24.883692
24.951851
25.019353
25.087771
25.156347
25.225934
25.295435
25.365445
25.434451
25.504968
25.576147
25.649072
25.720415
25.793313
25.865606
25.939062
26.012320
26.085172
26.160582
26.235468
26.310198
26.387482
26.462954
26.538811
26.616562
26.692681
26.770086
26.848365
26.926243
27.005695
27.085093
27.165378
27.244961
27.324773
27.406521
27.489771
27.572170
27.653306
27.737105
27.821778
27.907692
27.992529
28.077347
28.163920
28.249251
28.333961
28.423178
28.511670
28.601153
28.691513
28.780285
28.870822
28.962611
29.053868
29.146575
29.239409
29.331451
29.426173
29.521284
29.615646
29.711421
29.808159
29.905707
30.001922
30.097419
30.195800
30.293361
30.394550
30.494750
30.595705
30.698802
30.802331
30.905723
31.010394
31.114723
31.221593
31.325726
31.433923
31.541508
31.649376
31.759240
31.869594
31.980659
32.091341
32.203880
32.317232
32.432089
32.546240
32.662497
32.778654
32.894518
33.013539
33.131508
33.251347
33.372187
33.494149
33.614441
33.737892
33.861838
33.986020
34.109277
34.238192
34.367470
34.498952
34.627751
34.759398
34.890528
35.021955
35.153840
35.286372
35.422133
35.557433
35.692556
35.831020
35.970887
36.110322
36.252772
36.394825
36.536817
36.681390
36.824561
36.970279
37.116757
37.264653
37.414092
37.564005
37.715551
37.870485
38.024663
38.182727
38.339182
38.494495
38.655410
38.813780
38.974286
39.135205
39.299188
39.466345
39.633467
39.798912
39.964480
40.133468
40.304906
40.477340
40.651791
40.829053
41.004274
41.182298
41.360745
41.542212
41.727031
41.910335
42.098037
42.283441
42.472353
42.662191
42.852115
43.042999
43.236080
43.432248
43.628236
43.830623
44.029028
44.225970
44.429403
44.637026
44.844014
45.051208
45.262709
45.474521
45.687767
45.901548
46.115385
46.335249
46.554507
46.776289
46.999433
47.222949
47.447040
47.675706
47.900903
48.133789
48.365063
48.603703
48.842467
49.083834
49.323498
49.564281
49.810160
50.057897
50.306581
50.555351
50.809564
51.068021
51.324111
51.586644
51.847846
52.108526
52.372945
52.640435
52.911107
53.180506
53.457220
53.732068
54.010780
54.292893
54.576131
54.857799
55.151497
55.440498
55.732759
56.027098
56.326944
56.630256
56.935696
57.235620
57.539052
57.845650
58.160810
58.474790
58.788057
59.109701
59.428359
59.749453
60.071982
60.397646
60.733582
61.069806
61.406542
61.742769
62.090865
62.440018
62.784444
63.138512
63.493556
63.847299
64.210335
64.575224
64.946110
65.314491
65.689922
66.069779
66.447014
66.833103
67.212823
67.592659
67.978068
68.380750
68.775210
69.180325
69.582349
69.985551
70.399575
70.814817
71.238890
71.662744
72.087175
72.510027
72.942372
73.385580
73.822488
74.262870
74.704620
75.149176
75.595141
76.051809
76.509837
76.966302
77.432837
77.894622
78.365932
78.840871
79.324732
79.802474
80.291554
80.776920
81.268995
81.770369
82.267790
82.785838
83.287750
83.800534
84.318382
84.841441
85.365409
85.879901
86.413730
86.948446
87.488973
88.035734
88.580381
89.136619
89.695068
90.248211
90.818126
91.383581
91.959345
92.525526
93.096087
93.684387
94.265567
94.856339
95.455337
96.057180
96.662265
97.272640
97.875713
98.497932
99.121496
99.744156
100.36512
100.99504
101.63216
102.26973
102.90595
103.56227
104.20542
104.86163
105.52192
106.18785
106.85553
107.53271
108.20747
108.88098
109.56890
110.25281
110.94599
111.64574
112.34606
113.06292
113.77789
114.48760
115.21788
115.94078
116.66944
117.39730
118.12253
118.84646
119.59219
120.33892
121.09033
121.85205
122.61197
123.38808
124.15185
124.93516
125.71886
126.51108
127.30657
128.10124
128.90208
129.69988
130.50687
131.31406
132.12904
132.96054
133.80086
134.63232
135.47313
136.32540
137.18871
138.04806
138.90627
139.77475
140.63724
141.50537
142.38079
143.25328
144.14419
145.02009
145.90737
146.81171
147.71129
148.61050
149.53483
150.45187
151.38569
152.32317
153.26128
154.21886
155.16131
156.09073
157.04612
158.01218
158.97683
159.95665
160.93712
161.92561
162.92622
163.93057
164.93669
165.93507
166.93396
167.95310
168.96609
169.98420
171.00798
172.06170
173.09468
174.13797
175.21094
176.26993
177.33554
178.41819
179.48086
180.56424
181.64209
182.74638
183.85007
184.95473
186.04895
187.15956
188.27053
189.39484
190.51954
191.66615
192.79782
193.93590
195.10956
196.25295
197.41069
198.59177
199.77162
200.96827
202.16768
203.38121
204.60433
205.82599
207.04025
208.29704
209.55278
210.81188
212.05919
213.31151
214.56000
215.82848
217.11944
218.41391
219.69149
221.01765
222.34709
223.69214
225.03028
226.37921
227.71655
229.06394
230.40419
231.76490
233.15670
234.52560
235.92140
237.33573
238.74571
240.15790
241.58674
243.00587
244.43392
245.87118
247.32821
248.80330
250.30541
251.79704
253.29479
254.80622
256.32058
257.86146
259.39908
260.96103
262.52826
264.11283
265.70057
267.28324
268.86639
270.47874
272.08178
273.71522
275.34394
277.00042
278.62488
280.26752
281.94912
283.66647
285.39749
287.11133
288.83099
290.56794
292.31665
294.10453
295.87827
297.69643
299.53554
301.34374
303.19920
305.02207
306.84009
308.68620
310.58575
312.49859
314.41812
316.34410
318.26676
320.23434
322.18643
324.16080
326.15114
328.17474
330.23392
332.31818
334.37145
336.46278
338.56811
340.68337
342.83593
345.02321
347.21431
349.42991
351.63739
353.85489
356.12226
358.38161
360.67225
362.98043
365.33945
367.73432
370.17760
372.62986
375.08432
377.58171
380.14320
382.63456
385.16734
387.82946
390.46415
393.10505
395.77979
398.47567
401.22639
404.01326
406.76337
409.56202
412.39945
415.19823
418.07659
421.00401
423.97873
427.02761
430.11673
433.21785
436.38062
439.55956
442.74379
446.03027
449.29564
452.69205
456.08865
459.50269
462.97745
466.53806
470.17270
473.91633
477.61804
481.32486
485.13270
489.00177
492.92554
497.12519
501.31874
505.57729
509.94615
514.35394
518.77316
523.48470
528.29932
533.26431
538.18868
543.18958
548.35052
553.60930
559.15797
564.82728
570.76192
577.21676
583.57161
590.27099
597.62284
605.00076
612.51004
620.84662
629.77011
639.31422
650.28820
662.38834
677.15092
697.92914
