0.040075623
0.052193777
0.060349670
0.067041994
0.072726717
0.077765540
0.082390120
0.086661603
0.090586272
0.094294913
0.097847232
0.10121692
0.10447187
0.10756659
0.11056856
0.11350659
0.11636404
0.11913178
0.12180778
0.12450880
0.12712036
0.12968964
0.13216888
0.13457300
0.13695941
0.13931940
0.14165664
0.14394772
0.14615353
0.14834772
0.15052830
0.15267684
0.15478517
0.15686625
0.15895819
0.16101688
0.16305528
0.16507573
0.16709667
0.16907998
0.17105289
0.17302045
0.17498287
0.17689181
0.17880010
0.18067737
0.18252041
0.18434674
0.18617355
0.18802232
0.18983940
0.19165290
0.19344152
0.19520680
0.19700289
0.19876772
0.20057449
0.20230772
0.20404049
0.20578740
0.20752053
0.20922528
0.21097897
0.21266436
0.21435690
0.21606691
0.21775861
0.21945118
0.22110071
0.22272616
0.22436334
0.22600075
0.22762247
0.22926662
0.23090062
0.23254560
0.23417635
0.23579628
0.23738509
0.23897620
0.24054140
0.24214910
0.24373169
0.24533144
0.24692961
0.24848796
0.25008700
0.25166360
0.25321561
0.25477910
0.25632246
0.25789300
0.25947146
0.26101646
0.26256775
0.26412283
0.26567521
0.26724384
0.26876889
0.27031852
0.27185969
0.27342440
0.27494457
0.27645360
0.27796875
0.27949525
0.28100295
0.28254331
0.28406138
0.28559145
0.28713214
0.28864258
0.29016119
0.29168333
0.29322366
0.29475639
0.29627567
0.29780824
0.29931490
0.30082594
0.30232716
0.30381984
0.30531979
0.30682652
0.30832458
0.30983178
0.31133725
0.31283455
0.31432370
0.31580902
0.31733118
0.31882871
0.32033019
0.32182778
0.32330196
0.32481388
0.32630002
0.32778610
0.32928328
0.33077816
0.33225040
0.33373499
0.33523256
0.33669780
0.33817220
0.33964053
0.34111552
0.34261487
0.34412024
0.34560122
0.34710472
0.34859090
0.35007711
0.35155736
0.35303511
0.35452205
0.35603154
0.35752903
0.35899389
0.36049469
0.36199144
0.36347894
0.36496733
0.36647908
0.36797269
0.36949024
0.37097963
0.37248005
0.37395276
0.37545250
0.37695604
0.37843321
0.37994078
0.38143682
0.38294561
0.38445545
0.38595349
0.38742962
0.38892989
0.39045550
0.39196207
0.39347346
0.39497175
0.39649028
0.39798264
0.39947818
0.40100551
0.40253489
0.40402694
0.40553480
0.40704316
0.40855403
0.41005277
0.41157350
0.41308703
0.41459776
0.41612482
0.41763940
0.41913919
0.42065481
0.42218467
0.42369334
0.42519669
0.42672638
0.42826347
0.42978790
0.43131771
0.43284125
0.43437545
0.43593127
0.43748323
0.43900905
0.44056867
0.44211479
0.44364637
0.44519797
0.44676063
0.44833300
0.44986148
0.45139604
0.45296147
0.45450437
0.45606912
0.45764213
0.45922705
0.46082789
0.46241067
0.46400755
0.46557193
0.46716102
0.46875514
0.47035226
0.47194469
0.47354443
0.47514839
0.47674838
0.47835370
0.47994347
0.48153792
0.48314363
0.48478927
0.48641357
0.48801858
0.48959658
0.49121748
0.49286041
0.49448804
0.49613512
0.49776916
0.49942032
0.50105209
0.50269402
0.50431823
0.50598726
0.50764297
0.50927868
0.51092692
0.51256387
0.51422580
0.51588978
0.51756265
0.51923587
0.52089579
0.52259222
0.52425982
0.52591978
0.52761099
0.52931070
0.53101901
0.53274953
0.53445266
0.53613990
0.53784317
0.53954289
0.54124528
0.54296331
0.54469648
0.54641177
0.54815531
0.54989081
0.55160822
0.55338880
0.55514055
0.55686127
0.55861971
0.56038140
0.56213723
0.56390888
0.56568836
0.56746574
0.56923891
0.57102008
0.57278905
0.57455392
0.57634803
0.57813267
0.57994032
0.58173473
0.58352710
0.58533452
0.58716708
0.58899705
0.59081507
0.59262487
0.59447362
0.59631711
0.59812977
0.59996549
0.60182169
0.60368807
0.60552505
0.60739119
0.60925693
0.61112233
0.61303876
0.61490402
0.61677445
0.61867180
0.62056232
0.62249464
0.62440747
0.62631389
0.62823483
0.63017677
0.63212873
0.63406240
0.63600816
0.63795452
0.63990711
0.64185063
0.64379266
0.64575404
0.64774709
0.64975385
0.65176924
0.65375763
0.65572352
0.65770891
0.65972105
0.66171900
0.66371309
0.66570539
0.66775499
0.66981103
0.67183233
0.67388503
0.67595006
0.67802111
0.68006894
0.68212111
0.68418180
0.68626050
0.68837241
0.69048252
0.69263072
0.69473328
0.69687156
0.69898866
0.70115340
0.70330673
0.70549390
0.70764809
0.70978780
0.71193688
0.71409889
0.71624686
0.71843809
0.72066845
0.72291583
0.72511664
0.72734502
0.72956621
0.73176372
0.73404022
0.73629779
0.73859230
0.74090030
0.74317489
0.74548324
0.74780864
0.75013466
0.75246710
0.75478881
0.75709435
0.75941984
0.76179006
0.76415752
0.76653476
0.76889980
0.77128953
0.77374948
0.77617519
0.77861844
0.78104065
0.78347683
0.78595740
0.78842957
0.79091842
0.79340609
0.79589859
0.79843874
0.80093722
0.80343542
0.80598982
0.80854991
0.81115911
0.81373334
0.81636716
0.81895833
0.82157055
0.82419940
0.82686806
0.82949731
0.83217279
0.83487796
0.83757454
0.84033438
0.84299906
0.84577616
0.84850980
0.85122925
0.85402111
0.85680804
0.85962568
0.86249251
0.86532441
0.86822589
0.87106937
0.87402382
0.87694980
0.87985348
0.88276769
0.88577014
0.88874772
0.89173742
0.89472653
0.89773082
0.90074567
0.90382016
0.90686354
0.90994264
0.91306137
0.91627931
0.91947787
0.92266049
0.92584782
0.92907303
0.93230841
0.93556330
0.93886018
0.94210855
0.94545072
0.94877024
0.95212754
0.95549147
0.95890622
0.96233564
0.96580196
0.96920989
0.97260301
0.97611214
0.97967607
0.98320740
0.98678045
0.99041521
0.99410826
0.99778348
1.0014988
1.0052117
1.0089322
1.0126637
1.0165084
1.0203816
1.0241942
1.0280390
1.0319341
1.0358586
1.0397628
1.0438538
1.0478866
1.0519440
1.0560208
1.0600992
1.0642798
1.0685234
1.0727829
1.0770153
1.0812926
1.0855757
1.0899735
1.0944256
1.0988694
1.1033386
1.1078984
1.1123132
1.1168746
1.1215396
1.1263023
1.1309693
1.1356936
1.1405433
1.1454125
1.1502687
1.1552310
1.1601535
1.1651633
1.1702948
1.1754001
1.1806120
1.1858819
1.1911594
1.1965246
1.2019429
1.2074142
1.2128778
1.2184295
1.2241152
1.2297924
1.2355120
1.2413501
1.2471876
1.2529759
1.2589594
1.2648955
1.2709445
1.2770002
1.2832759
1.2894846
1.2957539
1.3020970
1.3086893
1.3151270
1.3218470
1.3286623
1.3354188
1.3424125
1.3494292
1.3563521
1.3634208
1.3706600
1.3781127
1.3853882
1.3928251
1.4003584
1.4079054
1.4157125
1.4235312
1.4313246
1.4393358
1.4474607
1.4558566
1.4640623
1.4725244
1.4810803
1.4896452
1.4984536
1.5076937
1.5165001
1.5253992
1.5345277
1.5438498
1.5534664
1.5630383
1.5726198
1.5823577
1.5924796
1.6027501
1.6128787
1.6234363
1.6341117
1.6446478
1.6551631
1.6662655
1.6775058
1.6886792
1.7002637
1.7116052
1.7233750
1.7351337
1.7473281
1.7595738
1.7722186
1.7846782
1.7973475
1.8103515
1.8234608
1.8365398
1.8501838
1.8639495
1.8780645
1.8920849
1.9063579
1.9212598
1.9359180
1.9512959
1.9668187
1.9826697
1.9989818
2.0151232
2.0318662
2.0483711
2.0656203
2.0828538
2.1008707
2.1184914
2.1369458
2.1553012
2.1735157
2.1925326
2.2122412
2.2320795
2.2521818
2.2728444
2.2937220
2.3142017
2.3358899
2.3582363
2.3804615
2.4028855
2.4259686
2.4498067
2.4733283
2.4984831
2.5231612
2.5480403
2.5734726
2.5995010
2.6262984
2.6536473
2.6815300
2.7095727
2.7372036
2.7659449
2.7958746
2.8259492
2.8576286
2.8888413
2.9204330
2.9529847
2.9863080
3.0202104
3.0543102
3.0899644
3.1250788
3.1626636
3.1999857
3.2381175
3.2765050
3.3165001
3.3584560
3.4000955
3.4410501
3.4845837
3.5281962
3.5725969
3.6210574
3.6684787
3.7171659
3.7651858
3.8141659
3.8643650
3.9170087
3.9690605
4.0237718
4.0789481
4.1379876
4.1960678
4.2544398
4.3158570
4.3767959
4.4398155
4.5065032
4.5735317
4.6394539
4.7093724
4.7811983
4.8556362
4.9290541
5.0076076
5.0849371
5.1621753
5.2448209
5.3271973
5.4104800
5.4968412
5.5851392
5.6753804
5.7657772
5.8595360
5.9547074
6.0573326
6.1585321
6.2616875
6.3679075
6.4746229
6.5848533
6.7003136
6.8174890
6.9343740
7.0545451
7.1797929
7.3088878
7.4389370
7.5762855
7.7131561
7.8549428
8.0003701
8.1425504
8.2917065
8.4424470
8.5984387
8.7599217
8.9230192
9.0933712
9.2647035
9.4417532
9.6235581
9.8127603
10.006073
10.203462
10.399163
10.605204
10.811330
11.021440
11.235265
11.457595
11.686948
11.913999
12.154582
12.393088
12.640795
12.896688
13.167803
13.440802
13.722452
14.005291
14.298484
14.597568
14.904954
15.228264
15.555425
15.880120
16.220673
16.566379
16.917038
17.280258
17.652455
18.027899
18.425965
18.824119
19.234220
19.662150
20.096379
20.525589
20.977936
21.437436
21.909993
22.392554
22.890307
23.397575
23.917030
24.454559
25.001098
25.551170
26.122304
26.700010
27.305287
27.918483
28.556411
29.205687
29.878876
30.570245
31.262866
31.977220
32.710464
33.471443
34.238624
35.021783
35.828516
36.665517
37.524052
38.390996
39.286700
40.196320
41.115998
42.045643
43.010244
43.995197
45.010260
46.057486
47.128395
48.222968
49.355525
50.487727
51.654365
52.846162
54.062632
55.303716
56.591192
57.852202
59.164404
60.522096
61.910726
63.325988
64.750839
66.182276
67.682949
69.225914
70.810262
72.415401
74.004426
75.629605
77.281875
79.001309
80.744249
82.527217
84.285716
86.140380
88.040366
89.985791
91.929610
93.882245
95.863514
97.929417
100.04134
102.16078
104.28702
106.46930
108.71018
110.93595
113.17269
115.46182
117.86300
120.28134
122.75433
125.28414
127.84261
130.50632
133.12196
135.70406
138.35715
141.04351
143.79601
146.59515
149.46803
152.36595
155.36189
158.38603
161.42797
164.48579
167.56783
170.66624
173.80616
176.99131
180.18707
183.46324
186.74526
189.99199
193.28471
196.60075
200.01991
203.54272
207.12667
210.74303
214.38789
218.00509
221.67728
225.38401
229.05313
232.76080
236.65683
240.63682
244.69453
248.83520
252.86125
257.04065
261.25933
265.57475
269.88685
274.11258
278.49261
282.93651
287.37598
291.90566
296.42135
301.07464
305.67175
310.30549
314.98876
319.59812
324.18003
328.94535
333.89432
338.89127
343.98401
349.11999
354.53152
359.92345
365.44080
370.98427
376.45942
382.04118
387.38199
392.66169
398.09315
403.69686
409.30075
414.87301
420.50310
426.26831
432.10102
437.82869
443.86832
450.14953
456.54463
462.83129
469.25066
475.64067
482.35106
488.84812
495.47731
502.07694
508.89336
515.87362
523.10182
530.28143
537.54035
545.19285
552.44782
559.99509
567.45259
574.94524
582.35437
589.65592
596.94602
604.39271
611.75785
619.64701
627.60086
635.42605
643.21732
650.97408
658.85214
666.74767
675.02536
683.29151
691.79921
700.44217
709.16024
718.01484
726.84743
735.75114
744.30034
753.24896
762.50357
771.88797
781.44746
791.48565
801.64558
812.15913
822.26710
832.03351
842.18193
853.02298
863.62729
874.24984
885.25459
896.07758
907.77914
918.63372
929.85203
940.89795
952.77438
964.32864
976.50945
989.04245
1002.4881
1016.6136
1030.8393
1044.8402
1059.7457
1075.6358
1090.1002
1106.4274
1123.0144
1141.0062
1159.0990
1179.7980
1200.6473
1222.7508
1245.7319
1273.5644
1304.2569
1336.8944
1372.4679
1416.8141
1463.9691
1522.1961
1617.6522
1806.2679
