0.0047643641
0.0096656238
0.014488447
0.019384462
0.024286350
0.029228805
0.034125212
0.039038621
0.044017484
0.048984753
0.053934546
0.058920286
0.063899496
0.068835116
0.073849650
0.078821989
0.083807395
0.088713604
0.093722559
0.098650869
0.10373613
0.10878914
0.11381409
0.11891342
0.12407932
0.12919555
0.13427024
0.13931299
0.14446094
0.14947988
0.15467393
0.15984228
0.16496863
0.17013178
0.17539666
0.18063568
0.18579444
0.19104190
0.19614699
0.20135434
0.20664211
0.21180787
0.21703110
0.22220964
0.22746464
0.23270335
0.23803000
0.24338624
0.24857917
0.25385117
0.25919367
0.26451080
0.26982368
0.27512917
0.28031779
0.28566509
0.29099685
0.29641747
0.30186053
0.30717864
0.31252788
0.31798801
0.32337004
0.32883390
0.33423285
0.33960595
0.34505381
0.35049997
0.35594775
0.36157156
0.36706319
0.37259843
0.37822301
0.38371796
0.38924691
0.39479942
0.40036201
0.40599463
0.41169575
0.41724533
0.42287946
0.42851794
0.43409220
0.43971185
0.44533165
0.45102662
0.45668961
0.46234354
0.46810543
0.47386733
0.47949376
0.48512534
0.49076412
0.49644075
0.50209218
0.50788584
0.51367337
0.51944326
0.52518991
0.53100190
0.53691559
0.54276768
0.54856414
0.55449146
0.56037496
0.56626981
0.57220815
0.57809118
0.58396629
0.58978768
0.59573673
0.60164334
0.60761381
0.61354416
0.61940586
0.62541383
0.63142517
0.63748817
0.64347554
0.64953688
0.65546860
0.66154187
0.66760079
0.67375653
0.67992274
0.68596739
0.69204705
0.69819450
0.70446459
0.71065397
0.71673356
0.72289210
0.72904465
0.73526797
0.74152925
0.74780964
0.75395484
0.76020920
0.76643531
0.77267670
0.77903162
0.78528256
0.79151112
0.79779469
0.80409569
0.81052000
0.81680299
0.82311687
0.82954489
0.83584439
0.84226069
0.84861214
0.85485984
0.86126003
0.86778213
0.87426697
0.88064950
0.88714401
0.89358777
0.90014822
0.90682422
0.91340877
0.92015304
0.92677026
0.93349109
0.94010590
0.94670623
0.95328703
0.96002146
0.96667361
0.97337475
0.98006150
0.98684679
0.99358400
1.0003504
1.0071677
1.0138258
1.0206902
1.0273955
1.0342307
1.0410005
1.0478513
1.0545493
1.0615902
1.0683462
1.0753223
1.0822672
1.0891420
1.0960207
1.1028879
1.1099512
1.1169136
1.1238404
1.1308328
1.1378998
1.1449613
1.1520296
1.1590447
1.1660108
1.1730199
1.1802530
1.1872241
1.1943359
1.2015711
1.2086782
1.2158276
1.2230308
1.2301150
1.2373262
1.2446481
1.2519415
1.2590814
1.2663017
1.2737036
1.2810489
1.2882782
1.2955429
1.3028318
1.3101303
1.3175551
1.3247676
1.3321928
1.3395352
1.3469334
1.3543552
1.3617996
1.3693549
1.3769210
1.3844934
1.3921679
1.3998415
1.4074325
1.4151003
1.4227668
1.4305435
1.4381208
1.4458633
1.4535477
1.4611357
1.4687871
1.4766191
1.4843635
1.4921557
1.4999723
1.5077577
1.5155565
1.5232563
1.5312012
1.5390985
1.5470539
1.5549702
1.5628360
1.5707345
1.5787334
1.5866266
1.5946446
1.6026931
1.6106174
1.6186906
1.6267299
1.6348568
1.6429542
1.6511080
1.6591837
1.6674010
1.6756543
1.6837489
1.6919965
1.7002869
1.7084136
1.7167820
1.7251893
1.7336737
1.7420190
1.7504000
1.7588195
1.7671567
1.7754408
1.7839185
1.7923643
1.8007223
1.8093334
1.8179674
1.8264803
1.8349279
1.8435422
1.8521510
1.8608260
1.8694964
1.8782325
1.8868492
1.8955285
1.9042243
1.9129283
1.9217177
1.9304191
1.9390931
1.9479036
1.9568710
1.9656956
1.9745092
1.9832889
1.9922647
2.0010928
2.0101585
2.0191628
2.0279842
2.0371138
2.0462241
2.0551853
2.0641602
2.0733419
2.0824765
2.0917282
2.1008913
2.1103069
2.1194412
2.1286717
2.1379286
2.1472737
2.1566172
2.1659605
2.1752977
2.1846839
2.1942294
2.2036364
2.2130515
2.2225248
2.2319998
2.2415245
2.2509315
2.2604632
2.2700275
2.2797149
2.2894350
2.2991794
2.3088039
2.3186642
2.3284802
2.3382749
2.3479883
2.3577846
2.3677907
2.3777166
2.3875391
2.3973659
2.4073716
2.4172495
2.4273334
2.4373373
2.4474776
2.4576031
2.4677958
2.4779097
2.4881774
2.4985115
2.5087234
2.5189193
2.5289255
2.5391080
2.5494747
2.5599576
2.5703169
2.5806668
2.5915002
2.6019904
2.6126538
2.6229870
2.6336318
2.6440722
2.6544540
2.6650152
2.6758817
2.6866194
2.6973014
2.7080624
2.7187651
2.7294822
2.7402520
2.7511061
2.7618138
2.7727884
2.7836704
2.7947129
2.8055773
2.8167247
2.8276976
2.8387895
2.8499144
2.8608967
2.8721376
2.8834638
2.8947764
2.9060428
2.9172683
2.9285446
2.9399602
2.9515510
2.9630049
2.9745685
2.9859286
2.9976300
3.0090577
3.0205747
3.0321354
3.0437697
3.0553693
3.0671152
3.0789009
3.0906060
3.1024421
3.1144411
3.1262274
3.1383753
3.1503596
3.1624046
3.1745306
3.1865348
3.1985349
3.2106114
3.2228513
3.2351018
3.2473852
3.2597112
3.2720951
3.2848878
3.2975824
3.3099929
3.3225788
3.3351801
3.3477955
3.3605015
3.3734204
3.3860595
3.3987957
3.4115821
3.4244532
3.4372779
3.4502394
3.4633095
3.4764877
3.4895535
3.5024848
3.5157298
3.5288139
3.5419321
3.5550420
3.5684198
3.5818927
3.5951726
3.6086922
3.6223388
3.6359816
3.6494711
3.6630504
3.6765312
3.6899925
3.7038098
3.7174575
3.7311603
3.7448607
3.7586723
3.7727025
3.7866446
3.8008128
3.8150340
3.8293107
3.8433918
3.8576734
3.8720303
3.8862991
3.9007606
3.9152978
3.9300282
3.9448241
3.9592026
3.9739373
3.9885077
4.0030416
4.0177474
4.0328370
4.0476122
4.0625640
4.0775561
4.0926171
4.1075505
4.1228422
4.1377166
4.1528946
4.1682242
4.1837295
4.1991617
4.2148261
4.2300933
4.2457471
4.2611411
4.2770319
4.2928460
4.3086123
4.3241784
4.3399730
4.3559580
4.3719573
4.3881914
4.4043746
4.4206145
4.4371646
4.4535178
4.4700361
4.4864687
4.5033486
4.5202149
4.5367647
4.5533081
4.5700375
4.5870560
4.6038741
4.6206491
4.6375645
4.6546995
4.6718860
4.6892262
4.7062773
4.7235821
4.7410817
4.7586866
4.7761272
4.7939113
4.8119528
4.8299922
4.8482150
4.8662093
4.8846107
4.9025451
4.9205585
4.9390767
4.9575144
4.9763233
4.9946390
5.0135324
5.0322558
5.0512921
5.0699646
5.0888234
5.1078204
5.1265644
5.1458053
5.1650152
5.1842674
5.2038725
5.2233239
5.2428871
5.2626883
5.2822936
5.3022483
5.3221276
5.3422844
5.3622428
5.3821109
5.4024850
5.4232535
5.4435938
5.4645207
5.4852111
5.5060597
5.5268910
5.5481189
5.5691976
5.5904731
5.6116033
5.6329682
5.6545044
5.6764425
5.6978528
5.7198462
5.7421431
5.7641110
5.7862424
5.8085904
5.8311945
5.8539844
5.8767834
5.8992958
5.9215302
5.9443190
5.9675283
5.9909700
6.0143885
6.0379263
6.0614971
6.0852526
6.1086779
6.1322254
6.1560076
6.1801899
6.2048554
6.2294655
6.2540102
6.2786016
6.3035523
6.3284981
6.3535141
6.3785434
6.4037649
6.4292641
6.4549558
6.4806727
6.5063892
6.5328947
6.5594925
6.5861621
6.6130133
6.6395145
6.6665557
6.6935945
6.7205896
6.7480852
6.7757862
6.8035103
6.8314348
6.8595028
6.8875844
6.9159622
6.9450377
6.9740415
7.0029222
7.0320478
7.0613105
7.0908549
7.1207959
7.1508528
7.1806699
7.2114580
7.2420735
7.2726080
7.3033536
7.3350188
7.3665481
7.3986701
7.4305942
7.4629719
7.4955313
7.5280878
7.5603706
7.5929758
7.6259645
7.6591035
7.6928138
7.7266726
7.7608638
7.7959555
7.8304472
7.8656577
7.9014258
7.9361445
7.9720928
8.0082272
8.0442585
8.0807476
8.1181264
8.1554904
8.1933876
8.2316371
8.2698979
8.3087579
8.3478586
8.3876050
8.4281294
8.4670302
8.5077783
8.5488765
8.5897743
8.6312408
8.6727668
8.7151076
8.7581544
8.8016724
8.8452333
8.8902674
8.9347642
8.9801662
9.0250485
9.0702729
9.1172256
9.1649085
9.2126894
9.2608218
9.3099373
9.3592679
9.4091314
9.4598079
9.5107643
9.5633533
9.6147865
9.6672114
9.7209386
9.7753045
9.8306640
9.8870799
9.9431977
10.000191
10.058113
10.116976
10.176955
10.236862
10.298853
10.361727
10.425979
10.489759
10.556388
10.623134
10.689131
10.755871
10.825508
10.895803
10.966855
11.039347
11.114446
11.189045
11.265389
11.343465
11.420203
11.501437
11.580549
11.663325
11.747835
11.834036
11.924312
12.012751
12.103418
12.197742
12.290439
12.387988
12.486437
12.585870
12.686128
12.792171
12.897086
13.001292
13.109726
13.222720
13.338965
13.455021
13.576617
13.702006
13.825573
13.950516
14.079304
14.213524
14.349497
14.486935
14.628600
14.777489
14.925777
15.081293
15.238816
15.395454
15.556201
15.726525
15.896649
16.068358
16.244741
16.430965
16.614178
16.803472
17.000829
17.202022
17.406416
17.619651
17.839644
18.059726
18.291668
18.523670
18.761225
19.012082
19.262760
19.519243
19.787706
20.055742
20.338683
20.624886
20.920494
21.227473
21.539434
21.853313
22.184412
22.514375
22.863533
23.222415
23.588211
23.975405
24.362732
24.749103
25.161406
25.585142
26.013088
26.467332
26.941236
27.423826
27.916940
28.425688
28.953568
29.499910
30.068095
30.651770
31.241281
31.866359
32.497153
33.142418
33.807316
34.489671
35.173341
35.911948
36.689807
37.457211
38.252404
39.092575
39.972703
40.878635
41.841453
42.799694
43.798655
44.817358
45.881374
46.942432
48.120880
49.311644
50.525621
51.765151
53.052258
54.408184
55.799681
57.234556
58.728204
60.292804
61.889371
63.520117
65.226366
66.944149
68.748719
70.642752
72.567980
74.616278
76.723245
78.897079
81.131905
83.494878
86.017071
88.552459
91.162074
93.782014
96.530189
99.394570
102.37218
105.46932
108.67390
111.97011
115.34714
118.91805
122.56335
126.44057
130.37500
134.36325
138.46286
142.65806
146.99112
151.41804
155.99702
160.67522
165.43742
170.24232
175.12122
180.08678
185.22415
190.38297
195.73621
201.14276
206.49781
211.83998
217.21575
222.63710
228.12399
233.72187
239.11552
244.56813
250.37024
256.21753
261.93010
268.18033
274.42442
280.78153
287.33197
293.97843
300.56964
306.96158
313.61141
320.25917
327.03494
333.71836
340.79309
347.84192
355.02514
362.13237
369.28231
376.47588
383.63219
390.76040
397.82287
404.56734
411.43469
418.50910
425.42911
432.78264
440.53918
448.09778
455.75134
463.70758
471.70192
479.89277
488.33319
496.36675
504.22767
511.96986
519.54687
527.11108
534.97020
542.71171
550.56618
558.29017
566.77868
575.01950
583.86246
592.61725
601.73458
610.50596
619.36760
628.74777
638.33837
647.88118
657.58775
667.36903
677.35106
687.11196
696.72958
706.64667
716.52357
725.57639
735.03562
744.53693
753.98864
764.37723
774.63503
785.01121
795.51846
806.27214
816.40056
826.85504
837.34240
847.94114
858.58255
870.02955
881.24135
892.28724
903.36883
914.86605
926.83286
939.21281
950.97955
963.75800
976.15616
989.33129
1002.7078
1016.7892
1030.9912
1044.9203
1059.6850
1076.2172
1091.9628
1108.6839
1125.9181
1143.1403
1161.2954
1180.5770
1199.1446
1221.0785
1244.3208
1270.3173
1294.4839
1321.5901
1348.8345
1383.3739
1421.3853
1459.7129
1501.2768
1549.8948
1610.9831
1683.1284
1763.4276
1896.8046
2161.1597
