0.028044547
0.037212713
0.043578627
0.048774502
0.053253004
0.057231832
0.060948332
0.064320305
0.067500904
0.070518424
0.073382089
0.076100804
0.078742275
0.081286268
0.083738177
0.086160813
0.088454787
0.090734764
0.092921449
0.095100157
0.097207450
0.099286133
0.10135047
0.10339814
0.10539880
0.10731471
0.10924488
0.11114243
0.11304140
0.11486496
0.11667428
0.11852149
0.12031650
0.12208698
0.12384988
0.12557041
0.12727595
0.12899202
0.13067547
0.13232198
0.13397609
0.13561890
0.13724946
0.13884876
0.14048995
0.14209977
0.14367200
0.14524963
0.14677767
0.14831729
0.14987486
0.15141824
0.15295162
0.15446926
0.15597149
0.15747299
0.15896588
0.16046302
0.16194838
0.16342364
0.16491516
0.16638634
0.16785556
0.16930118
0.17073409
0.17220885
0.17365484
0.17509597
0.17651857
0.17791668
0.17933191
0.18073528
0.18214847
0.18355609
0.18492057
0.18633362
0.18772147
0.18911137
0.19052705
0.19189644
0.19328380
0.19466589
0.19605444
0.19743992
0.19880590
0.20018183
0.20154220
0.20292324
0.20429228
0.20565163
0.20701425
0.20836625
0.20971427
0.21107492
0.21241759
0.21375503
0.21511742
0.21644340
0.21779196
0.21914361
0.22046390
0.22180037
0.22311941
0.22446090
0.22579280
0.22711033
0.22843571
0.22974308
0.23105934
0.23237605
0.23368720
0.23503643
0.23634498
0.23765647
0.23897273
0.24030136
0.24162794
0.24294052
0.24425087
0.24556032
0.24687957
0.24818333
0.24949516
0.25082408
0.25212629
0.25343761
0.25474238
0.25605443
0.25735615
0.25866498
0.26000503
0.26132880
0.26262468
0.26393262
0.26524227
0.26654481
0.26784860
0.26914948
0.27044190
0.27174217
0.27303456
0.27432903
0.27565605
0.27694357
0.27824845
0.27952969
0.28084015
0.28213942
0.28343526
0.28472952
0.28603531
0.28734033
0.28862996
0.28993318
0.29124343
0.29255991
0.29386232
0.29518122
0.29651135
0.29783442
0.29916501
0.30047681
0.30178433
0.30308848
0.30442053
0.30572482
0.30702279
0.30835255
0.30967559
0.31098448
0.31232401
0.31364486
0.31496413
0.31627683
0.31759738
0.31891354
0.32024277
0.32154575
0.32287875
0.32420420
0.32552940
0.32685297
0.32816285
0.32949848
0.33083682
0.33216940
0.33349945
0.33482456
0.33616894
0.33753067
0.33889634
0.34025010
0.34159624
0.34294202
0.34429492
0.34565860
0.34699742
0.34836295
0.34969698
0.35105400
0.35237724
0.35374337
0.35510224
0.35644826
0.35781756
0.35917495
0.36055613
0.36192870
0.36330434
0.36464843
0.36602392
0.36739682
0.36873927
0.37011450
0.37148636
0.37288801
0.37427112
0.37568141
0.37707435
0.37845560
0.37984073
0.38122595
0.38261136
0.38400601
0.38542234
0.38678295
0.38816908
0.38958034
0.39097887
0.39237602
0.39377316
0.39518106
0.39657729
0.39797929
0.39941942
0.40084162
0.40226480
0.40368169
0.40511681
0.40654357
0.40796513
0.40938946
0.41081682
0.41225860
0.41370146
0.41513945
0.41659544
0.41802542
0.41946669
0.42091096
0.42235929
0.42384071
0.42528646
0.42672257
0.42819129
0.42968256
0.43115608
0.43262347
0.43407410
0.43556214
0.43703607
0.43848082
0.43995889
0.44145681
0.44293704
0.44443491
0.44591009
0.44735624
0.44884150
0.45033629
0.45183814
0.45332935
0.45484633
0.45634353
0.45785447
0.45939596
0.46092435
0.46246751
0.46401267
0.46555014
0.46706782
0.46861537
0.47015784
0.47172056
0.47326701
0.47479589
0.47637536
0.47793402
0.47951220
0.48108677
0.48265539
0.48424832
0.48582754
0.48738883
0.48895635
0.49052327
0.49208821
0.49367829
0.49525518
0.49686442
0.49851087
0.50014048
0.50175589
0.50337271
0.50497175
0.50661188
0.50823754
0.50983521
0.51147324
0.51314184
0.51478447
0.51644917
0.51809802
0.51974827
0.52139012
0.52305446
0.52471792
0.52639298
0.52808949
0.52975089
0.53143041
0.53311135
0.53480961
0.53650082
0.53820217
0.53990560
0.54162791
0.54335865
0.54508388
0.54683781
0.54856221
0.55027643
0.55202323
0.55376460
0.55551255
0.55727178
0.55902967
0.56079949
0.56258658
0.56433804
0.56610578
0.56788406
0.56970206
0.57149036
0.57330289
0.57510782
0.57690236
0.57870301
0.58054088
0.58237871
0.58420624
0.58605925
0.58790112
0.58975924
0.59160874
0.59349248
0.59536037
0.59724761
0.59913617
0.60099889
0.60292576
0.60484767
0.60677442
0.60867876
0.61060339
0.61249499
0.61442550
0.61636112
0.61827881
0.62023010
0.62219811
0.62416297
0.62614594
0.62811108
0.63006799
0.63205250
0.63405482
0.63605893
0.63807777
0.64011687
0.64212835
0.64416664
0.64619622
0.64826280
0.65028480
0.65234233
0.65442399
0.65648654
0.65855494
0.66068048
0.66280781
0.66491196
0.66702715
0.66915446
0.67127081
0.67338459
0.67554198
0.67771339
0.67990104
0.68210726
0.68429048
0.68650935
0.68868457
0.69094028
0.69317107
0.69542163
0.69767443
0.69990747
0.70216484
0.70441637
0.70668831
0.70896238
0.71127009
0.71361085
0.71594779
0.71826656
0.72058768
0.72296918
0.72528869
0.72766413
0.73005336
0.73244207
0.73482614
0.73727164
0.73968006
0.74209428
0.74457035
0.74702650
0.74951527
0.75202374
0.75452113
0.75706907
0.75961660
0.76215409
0.76470470
0.76725886
0.76984976
0.77243045
0.77504814
0.77767752
0.78025261
0.78284573
0.78547607
0.78815261
0.79088521
0.79360959
0.79631322
0.79905321
0.80180533
0.80458011
0.80740824
0.81021849
0.81303259
0.81586025
0.81872209
0.82154700
0.82444796
0.82738156
0.83028293
0.83323419
0.83621801
0.83922546
0.84223769
0.84527348
0.84830845
0.85137972
0.85441832
0.85749103
0.86064957
0.86376462
0.86694734
0.87019764
0.87338776
0.87657590
0.87979429
0.88311449
0.88638855
0.88968857
0.89304095
0.89648463
0.89989655
0.90328414
0.90679463
0.91026707
0.91374527
0.91727608
0.92083822
0.92440136
0.92803581
0.93169720
0.93530390
0.93892731
0.94262806
0.94637294
0.95006642
0.95379346
0.95761469
0.96152732
0.96541306
0.96938255
0.97336992
0.97737192
0.98130613
0.98544758
0.98953902
0.99366443
0.99785300
1.0020843
1.0064314
1.0106718
1.0149531
1.0193153
1.0237200
1.0282448
1.0326789
1.0371526
1.0416838
1.0462217
1.0508609
1.0555472
1.0602705
1.0650153
1.0699569
1.0748109
1.0798011
1.0848668
1.0899305
1.0949936
1.1001269
1.1052719
1.1104454
1.1157279
1.1212042
1.1267588
1.1322662
1.1378014
1.1433146
1.1490366
1.1546877
1.1604100
1.1662370
1.1721109
1.1779618
1.1840025
1.1900580
1.1961141
1.2023116
1.2087178
1.2151793
1.2217892
1.2283518
1.2349683
1.2417962
1.2486817
1.2557665
1.2627850
1.2697904
1.2769861
1.2843171
1.2917544
1.2991360
1.3066890
1.3145761
1.3222766
1.3301830
1.3381161
1.3461496
1.3543029
1.3628346
1.3710667
1.3795157
1.3881159
1.3970058
1.4057986
1.4146828
1.4237174
1.4329841
1.4422816
1.4517779
1.4613874
1.4711512
1.4813202
1.4914262
1.5019961
1.5120315
1.5227744
1.5335468
1.5444636
1.5554700
1.5665704
1.5776791
1.5891213
1.6008585
1.6127055
1.6247002
1.6368162
1.6494942
1.6624657
1.6750878
1.6882999
1.7014435
1.7149367
1.7286934
1.7426371
1.7570484
1.7715993
1.7867426
1.8014770
1.8168382
1.8325598
1.8484021
1.8642388
1.8802993
1.8969373
1.9139641
1.9311998
1.9490249
1.9668212
1.9849867
2.0032542
2.0230157
2.0418780
2.0610694
2.0807360
2.1008220
2.1215932
2.1426054
2.1641521
2.1856925
2.2076168
2.2299396
2.2531650
2.2765885
2.3001396
2.3253599
2.3506500
2.3754935
2.4015209
2.4278594
2.4553824
2.4833487
2.5112317
2.5388883
2.5673907
2.5966096
2.6270216
2.6572286
2.6895979
2.7218344
2.7540836
2.7875354
2.8224079
2.8581642
2.8952675
2.9315638
2.9689843
3.0069973
3.0449371
3.0844547
3.1267902
3.1672591
3.2115842
3.2561803
3.2999096
3.3460864
3.3913624
3.4377110
3.4861955
3.5373278
3.5885376
3.6405320
3.6938621
3.7481752
3.8046052
3.8620929
3.9192866
3.9793805
4.0409274
4.1025573
4.1674947
4.2323074
4.2991871
4.3662284
4.4368960
4.5098278
4.5832652
4.6570876
4.7333310
4.8127068
4.8943068
4.9798980
5.0602739
5.1459176
5.2340019
5.3243676
5.4144314
5.5114370
5.6089817
5.7063523
5.8089206
5.9136113
6.0213683
6.1316049
6.2447381
6.3609443
6.4783143
6.5975266
6.7182370
6.8470642
6.9764193
7.1085821
7.2441009
7.3791449
7.5263305
7.6706329
7.8192153
7.9757481
8.1365621
8.2991273
8.4612579
8.6276073
8.8036730
8.9856178
9.1683774
9.3541649
9.5460681
9.7474649
9.9498396
10.157679
10.371401
10.590273
10.817502
11.044282
11.278425
11.519155
11.766700
12.020647
12.280118
12.543009
12.816344
13.093464
13.378927
13.674089
13.974811
14.291383
14.603278
14.923283
15.259859
15.599457
15.944316
16.299843
16.663162
17.050363
17.430428
17.826381
18.231140
18.648244
19.076161
19.513056
19.959708
20.418273
20.903100
21.409441
21.907191
22.420495
22.947363
23.489530
24.040930
24.606894
25.196439
25.796057
26.409988
27.044542
27.702282
28.371341
29.066793
29.778213
30.503424
31.245778
31.984625
32.743715
33.535584
34.348199
35.168668
36.011696
36.906757
37.805381
38.728843
39.686241
40.648784
41.626598
42.641407
43.677134
44.713883
45.801612
46.910356
48.053357
49.190360
50.373124
51.562958
52.793244
54.043837
55.334244
56.684089
58.058238
59.471013
60.898953
62.339910
63.847890
65.383932
66.944472
68.549056
70.162277
71.813778
73.505745
75.205147
76.959604
78.790348
80.588483
82.492570
84.433431
86.349557
88.313577
90.357969
92.439187
94.532924
96.662850
98.770295
100.91891
103.13362
105.38449
107.72156
110.06088
112.47173
114.92251
117.37858
119.80763
122.29031
124.82194
127.42515
130.06233
132.70101
135.39412
138.23134
141.13619
144.06294
147.03288
149.99990
152.95919
156.07295
159.22646
162.37583
165.48969
168.70403
172.06580
175.47761
178.92308
182.40364
185.92208
189.40387
192.83225
196.38347
200.04525
203.77431
207.36932
211.14713
215.00688
218.91229
222.76731
226.70507
230.59117
234.52330
238.56676
242.60382
246.67895
250.88084
254.91683
259.01629
263.28916
267.70006
272.07991
276.58745
281.16311
285.82865
290.51098
295.15679
299.81794
304.50568
309.29114
314.21314
319.28356
324.36890
329.50163
334.73595
339.78359
345.11525
350.50804
355.96790
361.28802
366.54012
371.86430
377.53663
383.28602
389.10531
394.82725
400.72361
406.58089
412.34496
418.17379
424.07860
430.31096
436.54339
442.85882
449.03221
455.19087
461.37730
467.82453
474.44310
480.94453
487.76648
494.49026
501.46752
508.57729
515.78114
523.02983
530.12241
537.39016
544.93499
552.70623
560.59290
568.28323
575.94871
583.60348
591.44856
599.63475
607.51019
615.32497
623.00167
631.12200
639.58723
648.03188
656.08559
664.48529
672.74046
681.37860
690.13969
698.85807
707.63666
716.25293
725.07104
733.84475
742.21243
751.31558
760.66239
769.87221
779.05020
788.38030
797.75611
807.41498
817.22347
827.43789
837.43214
847.61584
858.41770
869.91282
881.34735
892.77792
904.11884
915.74328
927.48221
939.87605
952.49388
964.60002
977.83459
990.82290
1004.1538
1018.0847
1032.0804
1046.9391
1061.7831
1077.2281
1094.0729
1111.4343
1129.6648
1149.5161
1169.3395
1189.8403
1210.7621
1233.7437
1255.8630
1282.1424
1308.0348
1339.6289
1374.0587
1412.9153
1459.8329
1514.4355
1590.5948
1704.5764
1939.6348
