1.5675411
2.0795952
2.4453232
2.7402449
2.9965449
3.2209545
3.4257229
3.6151083
3.7966918
3.9673619
4.1283762
4.2841776
4.4371971
4.5801547
4.7200435
4.8584313
4.9905698
5.1184554
5.2430486
5.3659384
5.4850380
5.6015894
5.7180856
5.8329239
5.9446583
6.0536661
6.1627235
6.2710206
6.3759691
6.4802518
6.5848527
6.6885848
6.7899339
6.8931198
6.9918163
7.0909103
7.1887189
7.2868707
7.3797367
7.4740580
7.5702880
7.6636035
7.7561864
7.8491358
7.9398067
8.0307484
8.1218881
8.2134489
8.3036388
8.3925609
8.4808921
8.5683899
8.6535466
8.7397943
8.8254630
8.9095366
8.9955448
9.0817552
9.1680167
9.2529613
9.3377395
9.4209852
9.5056769
9.5883455
9.6727024
9.7570400
9.8382935
9.9206596
10.003169
10.085524
10.167747
10.249292
10.330299
10.410561
10.491472
10.573378
10.653893
10.734244
10.814437
10.894336
10.974062
11.053282
11.131150
11.210665
11.289912
11.369332
11.447652
11.527340
11.607171
11.686031
11.763600
11.842845
11.920535
11.999300
12.076627
12.154145
12.231821
12.308090
12.384691
12.462719
12.540658
12.618654
12.696595
12.773252
12.849875
12.927721
13.005611
13.083667
13.160662
13.238113
13.315957
13.392914
13.469968
13.546476
13.623201
13.699603
13.776202
13.852603
13.928368
14.004993
14.080280
14.157021
14.234412
14.309391
14.386963
14.462635
14.540355
14.616250
14.692245
14.768336
14.845467
14.922531
15.000914
15.076918
15.154665
15.232290
15.308985
15.386567
15.462453
15.538894
15.615314
15.691320
15.768962
15.846966
15.923897
15.999929
16.077330
16.154275
16.231597
16.310403
16.387476
16.463259
16.539562
16.617224
16.695431
16.771979
16.849594
16.926308
17.003977
17.080300
17.158651
17.236166
17.314545
17.392812
17.471875
17.549066
17.626278
17.703517
17.781540
17.858787
17.937179
18.013743
18.091568
18.169696
18.248991
18.328522
18.406081
18.484966
18.562900
18.640605
18.719324
18.798220
18.878149
18.957762
19.037025
19.117503
19.195712
19.275122
19.355251
19.435282
19.514381
19.595377
19.674338
19.755080
19.834515
19.915305
19.995347
20.076211
20.157834
20.239359
20.319995
20.400655
20.480786
20.562126
20.642985
20.723085
20.804917
20.886117
20.966632
21.048314
21.129251
21.211976
21.293192
21.375652
21.456345
21.538651
21.622482
21.704264
21.785759
21.868971
21.952844
22.034614
22.116880
22.199253
22.283418
22.366264
22.449895
22.535149
22.619599
22.705659
22.789295
22.872735
22.957382
23.041155
23.125544
23.209152
23.293375
23.377290
23.462310
23.547567
23.633135
23.719176
23.806003
23.893449
23.980702
24.067210
24.154359
24.240294
24.328322
24.412761
24.498661
24.585417
24.672071
24.756759
24.843349
24.931196
25.019444
25.106315
25.192788
25.281382
25.369436
25.456757
25.544672
25.633940
25.722768
25.811331
25.899442
25.988205
26.079582
26.167079
26.256727
26.347164
26.437442
26.526908
26.618525
26.710616
26.802804
26.893955
26.985765
27.076666
27.167128
27.258468
27.350625
27.442505
27.536307
27.629261
27.720681
27.813847
27.905760
28.000925
28.092222
28.185925
28.280297
28.374901
28.469478
28.564468
28.660935
28.754192
28.846955
28.943785
29.039708
29.134070
29.226726
29.321963
29.420782
29.517954
29.615130
29.709989
29.807293
29.904606
30.001598
30.099844
30.197802
30.295600
30.393442
30.493027
30.592079
30.689350
30.788743
30.886593
30.987913
31.086991
31.188277
31.285623
31.385901
31.485029
31.586072
31.687417
31.789827
31.890342
31.993069
32.094437
32.196741
32.298472
32.404864
32.508584
32.611796
32.717187
32.821333
32.924037
33.026984
33.131505
33.234529
33.338486
33.442222
33.547367
33.652368
33.759329
33.863974
33.971224
34.077037
34.185155
34.292505
34.399095
34.506648
34.614856
34.723267
34.831149
34.942086
35.052418
35.162621
35.273678
35.382346
35.492157
35.604102
35.713984
35.826090
35.937918
36.050854
36.163348
36.275391
36.390120
36.502894
36.617026
36.733577
36.846652
36.962483
37.077932
37.192168
37.308222
37.424138
37.540881
37.657673
37.774390
37.892619
38.009451
38.126588
38.244251
38.362132
38.482458
38.603413
38.723218
38.842011
38.960857
39.079569
39.198204
39.316368
39.436801
39.559729
39.678679
39.799235
39.922202
40.044111
40.166563
40.289575
40.414638
40.537815
40.660896
40.785533
40.909563
41.033985
41.159418
41.284966
41.412880
41.540193
41.668691
41.796372
41.924915
42.051536
42.178465
42.308001
42.436998
42.566727
42.698675
42.828727
42.955791
43.087175
43.215466
43.347013
43.479080
43.612323
43.745077
43.878970
44.012267
44.147471
44.281662
44.415317
44.551380
44.686652
44.824378
44.958838
45.096666
45.233597
45.371867
45.509977
45.647207
45.784255
45.921429
46.062588
46.203488
46.345609
46.486901
46.626992
46.768914
46.912642
47.054305
47.199753
47.342541
47.488550
47.633575
47.776602
47.921257
48.065775
48.212631
48.359974
48.507380
48.654315
48.802063
48.948797
49.097476
49.246944
49.395284
49.545713
49.697366
49.849283
50.000341
50.151167
50.304601
50.457361
50.608132
50.762668
50.915978
51.070003
51.225970
51.381514
51.537555
51.697349
51.854518
52.015113
52.176718
52.337527
52.496689
52.657446
52.816768
52.977686
53.137762
53.300310
53.465329
53.628594
53.791852
53.960224
54.127625
54.292711
54.458381
54.626344
54.791947
54.961712
55.132445
55.302888
55.472141
55.643176
55.813927
55.981609
56.156095
56.324444
56.498492
56.674652
56.850428
57.021308
57.195908
57.371573
57.551549
57.725276
57.899729
58.076240
58.254854
58.433932
58.615868
58.798000
58.977587
59.164406
59.348677
59.530495
59.714696
59.898000
60.082683
60.267483
60.450332
60.638098
60.822592
61.010737
61.200937
61.392787
61.582106
61.775870
61.966471
62.157224
62.350596
62.544463
62.738960
62.936127
63.132788
63.328564
63.524477
63.721787
63.923428
64.121960
64.318271
64.518641
64.720678
64.923024
65.123800
65.332738
65.542285
65.746697
65.953351
66.159547
66.368181
66.581234
66.786750
66.991871
67.203081
67.412040
67.626031
67.838262
68.050340
68.264219
68.484968
68.701364
68.919314
69.136882
69.356684
69.574850
69.795720
70.017469
70.237008
70.458677
70.681330
70.907804
71.134502
71.360917
71.587590
71.814236
72.041581
72.269194
72.498117
72.727030
72.959364
73.198878
73.437018
73.668632
73.904012
74.141515
74.383332
74.620390
74.858745
75.104752
75.348415
75.594530
75.838341
76.082253
76.329569
76.580476
76.830343
77.078168
77.327882
77.581794
77.832464
78.083247
78.337405
78.594520
78.851672
79.108703
79.362791
79.620051
79.875193
80.138459
80.399446
80.666969
80.935121
81.200303
81.465877
81.734157
82.001852
82.275377
82.546788
82.818096
83.089102
83.367490
83.642883
83.919167
84.197000
84.478723
84.761357
85.044282
85.326556
85.610521
85.893097
86.180485
86.470498
86.761222
87.046134
87.339501
87.629931
87.924121
88.218721
88.509458
88.804388
89.105688
89.408156
89.711358
90.015904
90.321730
90.632180
90.942457
91.250171
91.562073
91.868784
92.181104
92.493476
92.805568
93.124702
93.445188
93.763400
94.084054
94.408673
94.731970
95.060849
95.389872
95.722783
96.059847
96.391782
96.723462
97.055487
97.393386
97.731555
98.079876
98.427687
98.769765
99.116111
99.455691
99.805075
100.15041
100.50382
100.85607
101.20506
101.55738
101.91576
102.27350
102.63507
102.99696
103.36588
103.72868
104.10086
104.47122
104.83944
105.21278
105.58832
105.96859
106.34548
106.72782
107.11216
107.50238
107.89454
108.28280
108.67131
109.06323
109.45525
109.85695
110.26050
110.65954
111.06134
111.47328
111.87927
112.28618
112.69875
113.11336
113.53469
113.95623
114.37196
114.79992
115.22935
115.66483
116.09377
116.52541
116.96149
117.40499
117.84682
118.29097
118.73401
119.17669
119.61898
120.07120
120.52395
120.98206
121.44211
121.91241
122.36869
122.83353
123.30373
123.76872
124.24363
124.71795
125.19808
125.68105
126.16336
126.64655
127.12965
127.63107
128.12129
128.61937
129.11345
129.61255
130.11266
130.61532
131.12361
131.63085
132.15011
132.67362
133.20177
133.73274
134.26568
134.80147
135.33803
135.88220
136.42769
136.97703
137.52100
138.07586
138.63185
139.19315
139.75372
140.32438
140.89368
141.46976
142.04313
142.62012
143.20661
143.80589
144.39168
144.98042
145.57380
146.17091
146.77088
147.38022
147.99925
148.62198
149.24603
149.87291
150.50184
151.13322
151.78169
152.42062
153.06604
153.72856
154.38580
155.05213
155.71477
156.38249
157.06063
157.74116
158.43040
159.12278
159.81385
160.51434
161.20838
161.91395
162.61829
163.33959
164.06447
164.79467
165.52642
166.26646
167.01562
167.76961
168.52058
169.28641
170.05365
170.82801
171.61005
172.39588
173.18688
173.98285
174.77552
175.59491
176.40749
177.22954
178.04041
178.88187
179.72104
180.56735
181.40976
182.27214
183.14416
184.01255
184.88207
185.75551
186.64553
187.53356
188.44496
189.35745
190.27694
191.21327
192.15872
193.10788
194.04023
194.99988
195.98135
196.96102
197.94396
198.94220
199.94884
200.94905
201.98908
203.00963
204.05673
205.12047
206.18966
207.25924
208.33256
209.42442
210.53410
211.64565
212.77235
213.89097
215.03867
216.20072
217.34562
218.52722
219.73252
220.94408
222.13565
223.35125
224.55835
225.78284
227.05137
228.31951
229.58738
230.90396
232.22386
233.57227
234.90259
236.27962
237.64596
239.06042
240.46026
241.89434
243.33527
244.77866
246.25611
247.75941
249.25773
250.77686
252.32743
253.86943
255.42353
257.01754
258.66701
260.30862
261.97655
263.62459
265.32632
267.05386
268.79760
270.55199
272.33785
274.14672
275.95892
277.82961
279.71175
281.60007
283.56207
285.51895
287.49048
289.53154
291.58492
293.68760
295.81798
297.96677
300.17075
302.42659
304.63184
306.92054
309.24668
311.60029
313.99960
316.46563
318.96306
321.46265
324.04515
326.63109
329.29023
331.99256
334.73625
337.62169
340.50452
343.44721
346.42329
349.45756
352.58256
355.73065
358.96247
362.34385
365.76013
369.24695
372.84438
376.50120
380.23266
384.09890
387.94978
391.93993
396.03312
400.29941
404.56704
409.11813
413.67834
418.38319
423.30688
428.37481
433.56730
439.02072
444.54252
450.36749
456.31631
462.62824
469.24454
476.03156
483.14314
490.41730
498.19926
506.38655
514.99400
523.93735
533.59880
543.89090
554.69904
566.16978
578.43707
591.75709
606.55594
622.63093
640.38607
660.12529
682.67301
708.81612
740.48734
779.38535
830.73855
904.57471
1051.4151
