42.154672
45.103743
46.777926
47.992824
48.963912
49.765162
50.473142
51.106445
51.665250
52.182957
52.649881
53.092218
53.506933
53.899114
54.268984
54.616135
54.948440
55.265826
55.565898
55.850040
56.138081
56.408625
56.673205
56.932664
57.182563
57.424927
57.661205
57.885011
58.105831
58.323692
58.536986
58.741962
58.941889
59.141693
59.334415
59.523244
59.709953
59.891511
60.070878
60.246605
60.419898
60.592357
60.760198
60.927516
61.093264
61.254861
61.413136
61.572286
61.726914
61.878957
62.030118
62.179751
62.328148
62.474395
62.615133
62.756182
62.898269
63.034292
63.170880
63.306105
63.438727
63.572679
63.705551
63.837728
63.967740
64.096111
64.223809
64.349670
64.475553
64.598145
64.721228
64.844039
64.963704
65.084985
65.202368
65.319609
65.437836
65.554791
65.668119
65.782871
65.895518
66.006179
66.117705
66.228240
66.338308
66.448058
66.556263
66.663160
66.770467
66.876857
66.984728
67.090635
67.194747
67.299215
67.403580
67.507394
67.610829
67.712862
67.814146
67.914187
68.013353
68.112522
68.211275
68.308664
68.406496
68.503925
68.603299
68.700547
68.797825
68.893800
68.986620
69.080688
69.174959
69.269118
69.363136
69.457151
69.549870
69.640462
69.733461
69.823881
69.913773
70.004891
70.095436
70.183604
70.273830
70.361961
70.449579
70.537317
70.625658
70.713340
70.801862
70.888942
70.976672
71.062248
71.149067
71.234493
71.319614
71.403985
71.489612
71.573518
71.656156
71.741256
71.825159
71.910246
71.993728
72.076981
72.161507
72.244193
72.325520
72.407872
72.489820
72.570847
72.652668
72.734498
72.815676
72.894829
72.975546
73.057084
73.136903
73.216601
73.297560
73.376474
73.456951
73.537182
73.616053
73.695417
73.774352
73.852241
73.930985
74.008179
74.086863
74.164515
74.241056
74.317545
74.394266
74.471324
74.548093
74.625575
74.702807
74.778030
74.853561
74.929276
75.003311
75.078191
75.153182
75.228645
75.305893
75.379588
75.455274
75.529757
75.604644
75.678272
75.752392
75.825695
75.900253
75.974664
76.047459
76.122402
76.195769
76.268955
76.341911
76.416226
76.489645
76.562773
76.635982
76.708576
76.780503
76.853379
76.925542
76.997119
77.069089
77.141340
77.211071
77.282805
77.354017
77.425480
77.496450
77.568574
77.640802
77.711702
77.782560
77.853460
77.923916
77.993394
78.063098
78.134411
78.204637
78.276192
78.346381
78.415991
78.485018
78.553060
78.623088
78.692823
78.763453
78.832658
78.901243
78.970575
79.039045
79.108366
79.177629
79.247396
79.316872
79.385107
79.454348
79.523284
79.591514
79.660130
79.729648
79.799295
79.868694
79.937844
80.005870
80.074853
80.143152
80.211794
80.279861
80.348173
80.415193
80.484058
80.552328
80.618869
80.687040
80.754810
80.821959
80.889065
80.957827
81.025400
81.092381
81.159978
81.226614
81.293807
81.362223
81.429368
81.496978
81.564682
81.632347
81.699782
81.765342
81.832742
81.900830
81.966832
82.033238
82.100489
82.167541
82.234043
82.301019
82.367678
82.434254
82.499905
82.565791
82.632044
82.697589
82.764004
82.830296
82.896070
82.961543
83.027708
83.094813
83.161661
83.227257
83.292965
83.359673
83.425320
83.492110
83.558868
83.623556
83.689575
83.754945
83.820056
83.886493
83.952020
84.017167
84.082733
84.148115
84.213674
84.278749
84.345619
84.411419
84.476102
84.542710
84.607393
84.672724
84.738914
84.804909
84.870439
84.935442
85.000544
85.064949
85.129097
85.194505
85.259434
85.325447
85.390873
85.456055
85.521721
85.586402
85.651300
85.716679
85.781002
85.845849
85.910459
85.976318
86.042133
86.107390
86.172981
86.237951
86.303392
86.368209
86.433994
86.498239
86.563641
86.629169
86.694323
86.759518
86.825210
86.890665
86.957514
87.022518
87.087372
87.152857
87.217250
87.281495
87.346247
87.411496
87.476398
87.542972
87.608773
87.673033
87.738631
87.803815
87.868971
87.934435
87.999915
88.065103
88.129667
88.194877
88.261522
88.325870
88.390640
88.455901
88.519934
88.584588
88.649873
88.714354
88.779119
88.842753
88.908240
88.973378
89.038638
89.103159
89.167289
89.233683
89.299132
89.364107
89.430019
89.495821
89.562577
89.626664
89.691874
89.757450
89.821609
89.887469
89.952712
90.017950
90.083007
90.148431
90.214436
90.279512
90.345801
90.411630
90.476890
90.542573
90.608020
90.673040
90.737941
90.803544
90.869865
90.936048
91.001740
91.068293
91.134308
91.198978
91.265033
91.329323
91.395853
91.459869
91.525284
91.590691
91.655705
91.721609
91.788049
91.854597
91.920333
91.985994
92.051381
92.118501
92.185273
92.251373
92.318340
92.385892
92.453070
92.519440
92.585057
92.650243
92.716744
92.783858
92.849586
92.916180
92.983076
93.049232
93.115924
93.182998
93.249233
93.315850
93.381768
93.448705
93.514889
93.581900
93.648144
93.715313
93.781440
93.847990
93.915579
93.982783
94.050814
94.117197
94.183712
94.250687
94.317928
94.383931
94.451448
94.518115
94.585629
94.652903
94.720197
94.786445
94.854627
94.922457
94.989736
95.058194
95.125321
95.192999
95.260434
95.328000
95.395756
95.463516
95.531378
95.599491
95.668019
95.736605
95.805366
95.872902
95.941850
96.008765
96.077186
96.146505
96.215190
96.282861
96.351586
96.419980
96.488137
96.556733
96.625704
96.694043
96.762893
96.831716
96.899919
96.969060
97.038592
97.108505
97.177738
97.246406
97.316446
97.385372
97.454521
97.523832
97.593403
97.663254
97.732619
97.801798
97.871678
97.941580
98.011719
98.082410
98.151700
98.221334
98.292028
98.363081
98.433650
98.504731
98.574850
98.645876
98.717362
98.788390
98.859999
98.931054
99.002070
99.075152
99.146029
99.217275
99.288118
99.358603
99.430189
99.502028
99.574048
99.645822
99.717542
99.789928
99.861858
99.933295
100.00555
100.07851
100.15083
100.22309
100.29604
100.36896
100.44174
100.51330
100.58665
100.65846
100.72939
100.80188
100.87388
100.94743
101.01993
101.09304
101.16657
101.24008
101.31431
101.38779
101.46080
101.53454
101.60777
101.68170
101.75658
101.83011
101.90377
101.97821
102.05225
102.12520
102.20085
102.27527
102.34936
102.42428
102.50028
102.57570
102.65097
102.72587
102.80102
102.87609
102.95099
103.02654
103.10164
103.17774
103.25281
103.32855
103.40470
103.48045
103.55639
103.63232
103.71022
103.78671
103.86359
103.94073
104.01635
104.09291
104.17063
104.24817
104.32404
104.40068
104.47899
104.55732
104.63551
104.71338
104.79232
104.87257
104.95182
105.03052
105.10988
105.18816
105.26799
105.34657
105.42639
105.50597
105.58525
105.66395
105.74313
105.82265
105.90082
105.98109
106.06073
106.14086
106.22132
106.30145
106.38206
106.46265
106.54200
106.62338
106.70576
106.78674
106.86875
106.94908
107.03014
107.11177
107.19316
107.27342
107.35639
107.43983
107.52182
107.60444
107.68784
107.77015
107.85109
107.93370
108.01669
108.10021
108.18343
108.26755
108.34996
108.43405
108.51856
108.60307
108.68708
108.77174
108.85714
108.94205
109.02658
109.11091
109.19560
109.28178
109.36771
109.45325
109.53896
109.62568
109.71329
109.79885
109.88542
109.97339
110.06015
110.14709
110.23509
110.32240
110.40993
110.49596
110.58368
110.67157
110.76055
110.85004
110.93878
111.02635
111.11472
111.20417
111.29460
111.38379
111.47238
111.56129
111.65210
111.74109
111.83340
111.92452
112.01408
112.10509
112.19780
112.28996
112.38198
112.47475
112.56644
112.65745
112.75059
112.84196
112.93512
113.02781
113.12137
113.21636
113.31015
113.40322
113.49668
113.59264
113.68807
113.78205
113.87836
113.97487
114.07116
114.16614
114.26253
114.36075
114.45684
114.55215
114.64835
114.74567
114.84368
114.94283
115.04170
115.14044
115.23807
115.33686
115.43601
115.53456
115.63353
115.73368
115.83497
115.93490
116.03485
116.13615
116.23671
116.33912
116.44038
116.54242
116.64332
116.74448
116.84727
116.95265
117.05586
117.15899
117.26079
117.36531
117.47107
117.57858
117.68351
117.78829
117.89710
118.00432
118.10966
118.21739
118.32358
118.43140
118.53968
118.64618
118.75495
118.86112
118.96835
119.07850
119.18965
119.30201
119.41350
119.52336
119.63355
119.74300
119.85587
119.96682
120.07978
120.19288
120.30601
120.41972
120.53500
120.65168
120.76487
120.87902
120.99523
121.10833
121.22476
121.34107
121.45980
121.57731
121.69527
121.81620
121.93545
122.05467
122.17473
122.29442
122.41301
122.53173
122.65326
122.77595
122.89924
123.02158
123.14791
123.27172
123.39765
123.52149
123.64569
123.77072
123.89599
124.02398
124.15024
124.27932
124.40870
124.53389
124.66337
124.79341
124.92465
125.05662
125.18908
125.32149
125.45442
125.59069
125.72369
125.85755
125.99321
126.12812
126.26283
126.39816
126.53560
126.67088
126.81104
126.94973
127.08793
127.22803
127.36745
127.50616
127.64905
127.79024
127.93827
128.08268
128.22819
128.37059
128.51798
128.66500
128.81365
128.95850
129.10667
129.25716
129.40758
129.56125
129.71469
129.86582
130.02077
130.17332
130.32827
130.48423
130.64125
130.79731
130.95792
131.11733
131.27848
131.44099
131.60187
131.76327
131.92783
132.09228
132.25757
132.42453
132.59406
132.76113
132.93066
133.10185
133.27502
133.45041
133.62467
133.79751
133.97535
134.15193
134.33503
134.51258
134.69301
134.87643
135.05845
135.24324
135.42943
135.61711
135.80655
135.99690
136.19237
136.38465
136.57691
136.76991
136.96992
137.17258
137.37621
137.57936
137.78220
137.98889
138.19151
138.40016
138.60960
138.81931
139.03321
139.24813
139.46691
139.68618
139.90309
140.12324
140.34829
140.57658
140.80075
141.02828
141.26101
141.49888
141.73624
141.97652
142.22076
142.46374
142.70877
142.95514
143.20173
143.45473
143.70774
143.96561
144.22691
144.49492
144.76179
145.03293
145.30369
145.58541
145.86765
146.15452
146.44367
146.73329
147.02420
147.32188
147.62214
147.92361
148.23815
148.56157
148.88285
149.20279
149.53745
149.86962
150.21043
150.55608
150.90666
151.26109
151.62251
151.98923
152.37385
152.76000
153.15361
153.54954
153.95195
154.36392
154.78253
155.20708
155.64707
156.09015
156.54861
157.02124
157.50398
157.98769
158.49515
159.01508
159.55094
160.09844
160.67850
161.26432
161.87683
162.50316
163.14915
163.81461
164.50905
165.22980
165.98090
166.77405
167.59904
168.46788
169.37426
170.34528
171.36601
172.46156
173.64261
174.94773
176.34638
177.90146
179.62679
181.58448
183.90192
186.71331
190.25401
195.37092
204.61613
