0.00022274194
0.00044277356
0.00066430163
0.00088829630
0.0011080339
0.0013286612
0.0015514345
0.0017717685
0.0019918631
0.0022139860
0.0024357334
0.0026578525
0.0028836633
0.0031044397
0.0033253016
0.0035468080
0.0037666928
0.0039881988
0.0042121975
0.0044349495
0.0046558312
0.0048769168
0.0050981609
0.0053172708
0.0055416494
0.0057664216
0.0059900171
0.0062117623
0.0064353533
0.0066582475
0.0068801655
0.0071015459
0.0073230001
0.0075486262
0.0077751330
0.0079978281
0.0082218241
0.0084456718
0.0086671774
0.0088916409
0.0091146693
0.0093368828
0.0095598385
0.0097855745
0.010012666
0.010240303
0.010468415
0.010687574
0.010914018
0.011137669
0.011360729
0.011585260
0.011812329
0.012038749
0.012266722
0.012492972
0.012719006
0.012947562
0.013174368
0.013404508
0.013630889
0.013857774
0.014083053
0.014311042
0.014538289
0.014763803
0.014989491
0.015219066
0.015447143
0.015673313
0.015898249
0.016126042
0.016352015
0.016581979
0.016811066
0.017043928
0.017273400
0.017504047
0.017730116
0.017963274
0.018191615
0.018420256
0.018652103
0.018882287
0.019113689
0.019348525
0.019576115
0.019803261
0.020033717
0.020263249
0.020498274
0.020730497
0.020965607
0.021193751
0.021427624
0.021655240
0.021890290
0.022123272
0.022352697
0.022583459
0.022816589
0.023045374
0.023274515
0.023506266
0.023738822
0.023967780
0.024198661
0.024429579
0.024662605
0.024895695
0.025131874
0.025364215
0.025594753
0.025829132
0.026059785
0.026292368
0.026526339
0.026762036
0.026997496
0.027228753
0.027463149
0.027695651
0.027929562
0.028165250
0.028401529
0.028636761
0.028872306
0.029108865
0.029344507
0.029575154
0.029810591
0.030040758
0.030272618
0.030506054
0.030740257
0.030979958
0.031217978
0.031453726
0.031687276
0.031922905
0.032153818
0.032385606
0.032619677
0.032858644
0.033093701
0.033330412
0.033569396
0.033805813
0.034040288
0.034279804
0.034516771
0.034758134
0.034993037
0.035231675
0.035472988
0.035712172
0.035954745
0.036194009
0.036435585
0.036673758
0.036910945
0.037147814
0.037388711
0.037622432
0.037859470
0.038096503
0.038339244
0.038581296
0.038822207
0.039064912
0.039306632
0.039539680
0.039775319
0.040013310
0.040251260
0.040489598
0.040733042
0.040974618
0.041213912
0.041456354
0.041698453
0.041937815
0.042179972
0.042418737
0.042662296
0.042902067
0.043143834
0.043384473
0.043627522
0.043866482
0.044106363
0.044349411
0.044595967
0.044835637
0.045078251
0.045318995
0.045560484
0.045803471
0.046050505
0.046292508
0.046535641
0.046777951
0.047021509
0.047266551
0.047506655
0.047748912
0.047997552
0.048243635
0.048488517
0.048734876
0.048975974
0.049223132
0.049467773
0.049713186
0.049956603
0.050199400
0.050446631
0.050688465
0.050933120
0.051174637
0.051419730
0.051666060
0.051914786
0.052160838
0.052402109
0.052650648
0.052896269
0.053146456
0.053395789
0.053642980
0.053887801
0.054134080
0.054381091
0.054626674
0.054873842
0.055118210
0.055368412
0.055612913
0.055864115
0.056111054
0.056361182
0.056608100
0.056854763
0.057101353
0.057352245
0.057596797
0.057847564
0.058095662
0.058345415
0.058594168
0.058841953
0.059093573
0.059345426
0.059594479
0.059847439
0.060098698
0.060346351
0.060596636
0.060844643
0.061093627
0.061344555
0.061593900
0.061844369
0.062099730
0.062350113
0.062603860
0.062854394
0.063106579
0.063359190
0.063611489
0.063859103
0.064112644
0.064364057
0.064614755
0.064869330
0.065124761
0.065379018
0.065632009
0.065885949
0.066140471
0.066391302
0.066645434
0.066892041
0.067144566
0.067399572
0.067656798
0.067911355
0.068167932
0.068428618
0.068681832
0.068938624
0.069196870
0.069457748
0.069707777
0.069962805
0.070218477
0.070472288
0.070729189
0.070984476
0.071241723
0.071503972
0.071757953
0.072009908
0.072267936
0.072529824
0.072787621
0.073044379
0.073296071
0.073552763
0.073813034
0.074070357
0.074327933
0.074585770
0.074849076
0.075108363
0.075367228
0.075629324
0.075886455
0.076146895
0.076412043
0.076669239
0.076928096
0.077192676
0.077449494
0.077708161
0.077964456
0.078225551
0.078487795
0.078750135
0.079011985
0.079271384
0.079532222
0.079793398
0.080053972
0.080315299
0.080573992
0.080837303
0.081102754
0.081362569
0.081628513
0.081888215
0.082147840
0.082407924
0.082673294
0.082933306
0.083194649
0.083453459
0.083714723
0.083978401
0.084243124
0.084505178
0.084768900
0.085033499
0.085297066
0.085563930
0.085825538
0.086091649
0.086351244
0.086618997
0.086888261
0.087157727
0.087426730
0.087694554
0.087961854
0.088226638
0.088492575
0.088759129
0.089023703
0.089286016
0.089552207
0.089818538
0.090089677
0.090359946
0.090624104
0.090892971
0.091158392
0.091428648
0.091698679
0.091967127
0.092235781
0.092501651
0.092775852
0.093043196
0.093309437
0.093575223
0.093844905
0.094114268
0.094391032
0.094660722
0.094933243
0.095199962
0.095469550
0.095738336
0.096007647
0.096282111
0.096550885
0.096818861
0.097085305
0.097355110
0.097627852
0.097897631
0.098169960
0.098439841
0.098710466
0.098979665
0.099252339
0.099526437
0.099800781
0.10007835
0.10035241
0.10062169
0.10089336
0.10116684
0.10144114
0.10171569
0.10198979
0.10226291
0.10253381
0.10280694
0.10308300
0.10335562
0.10362921
0.10390085
0.10417563
0.10445687
0.10472866
0.10500321
0.10528170
0.10555779
0.10583415
0.10611180
0.10638783
0.10666437
0.10694137
0.10722304
0.10749334
0.10777259
0.10805422
0.10833133
0.10861093
0.10888939
0.10916748
0.10944447
0.10972442
0.11000475
0.11028603
0.11056470
0.11084631
0.11113118
0.11141085
0.11169289
0.11197306
0.11225294
0.11253238
0.11280901
0.11308176
0.11336701
0.11364813
0.11392605
0.11420297
0.11447784
0.11475535
0.11503399
0.11531276
0.11559616
0.11588015
0.11616185
0.11644693
0.11673147
0.11700853
0.11729291
0.11757907
0.11785861
0.11813979
0.11842293
0.11870696
0.11899179
0.11927864
0.11955952
0.11983770
0.12011988
0.12040510
0.12068900
0.12097347
0.12125940
0.12154159
0.12182667
0.12211420
0.12240017
0.12269450
0.12298306
0.12326975
0.12355687
0.12384850
0.12413619
0.12442513
0.12471054
0.12499747
0.12528115
0.12556944
0.12585380
0.12614278
0.12643558
0.12671874
0.12700421
0.12729063
0.12757987
0.12786804
0.12815374
0.12844167
0.12872955
0.12901618
0.12930592
0.12959731
0.12988986
0.13017838
0.13046952
0.13075992
0.13105141
0.13134273
0.13163661
0.13193345
0.13222674
0.13252339
0.13280955
0.13310475
0.13339928
0.13368769
0.13397775
0.13427031
0.13456385
0.13485534
0.13514744
0.13544540
0.13574147
0.13603630
0.13633319
0.13662660
0.13691494
0.13720974
0.13750414
0.13780113
0.13809471
0.13838949
0.13868353
0.13897804
0.13927881
0.13957526
0.13986740
0.14016391
0.14045886
0.14075486
0.14104812
0.14134447
0.14164642
0.14195099
0.14224816
0.14254412
0.14284390
0.14314341
0.14344363
0.14374110
0.14404370
0.14434518
0.14464283
0.14493524
0.14523372
0.14553190
0.14583233
0.14613125
0.14643463
0.14673565
0.14703494
0.14733119
0.14763147
0.14793040
0.14823280
0.14853551
0.14883468
0.14913398
0.14943848
0.14973999
0.15004079
0.15034596
0.15064442
0.15094896
0.15125036
0.15155700
0.15186108
0.15216730
0.15247050
0.15277883
0.15308127
0.15338871
0.15369432
0.15400495
0.15431211
0.15461805
0.15492062
0.15522683
0.15552967
0.15583413
0.15614108
0.15645376
0.15676134
0.15707069
0.15737487
0.15768092
0.15798535
0.15829079
0.15860055
0.15890881
0.15921689
0.15952530
0.15983197
0.16013120
0.16044045
0.16075276
0.16106164
0.16137004
0.16167970
0.16197907
0.16229265
0.16259992
0.16290707
0.16321901
0.16352179
0.16383627
0.16414576
0.16445324
0.16476725
0.16508055
0.16539388
0.16570904
0.16602108
0.16633582
0.16664994
0.16695949
0.16727035
0.16757971
0.16788801
0.16820088
0.16851422
0.16882824
0.16914563
0.16945921
0.16977303
0.17008984
0.17040183
0.17071777
0.17103644
0.17135913
0.17167799
0.17199913
0.17231364
0.17262545
0.17294089
0.17325793
0.17357509
0.17389535
0.17420860
0.17452439
0.17484372
0.17516011
0.17547834
0.17579662
0.17611686
0.17643716
0.17675814
0.17707151
0.17739080
0.17770919
0.17803022
0.17834806
0.17867118
0.17899374
0.17931500
0.17963598
0.17996009
0.18027844
0.18059204
0.18090994
0.18123355
0.18155533
0.18187256
0.18219506
0.18251266
0.18283519
0.18315957
0.18348425
0.18380893
0.18413497
0.18445209
0.18478072
0.18511283
0.18543928
0.18576283
0.18608776
0.18640851
0.18673421
0.18706032
0.18738298
0.18770996
0.18804091
0.18836844
0.18869572
0.18902026
0.18934460
0.18967381
0.19000253
0.19033278
0.19065920
0.19098749
0.19131974
0.19164330
0.19196944
0.19229422
0.19262475
0.19295140
0.19328369
0.19361129
0.19393860
0.19426459
0.19459446
0.19492210
0.19525063
0.19558561
0.19591895
0.19624981
0.19658647
0.19691471
0.19724443
0.19758312
0.19791615
0.19825384
0.19858768
0.19892764
0.19926398
0.19960191
0.19993910
0.20027978
0.20061669
0.20094844
0.20128649
0.20162024
0.20194862
0.20228597
0.20262700
0.20295953
0.20329996
0.20363784
0.20398215
0.20432155
0.20465848
0.20500092
0.20533985
0.20567464
0.20601267
0.20635311
0.20669143
0.20703305
0.20737372
0.20771030
0.20805176
0.20839252
0.20873403
0.20907961
0.20942219
0.20976460
0.21010747
0.21044922
0.21079024
0.21114017
0.21148376
0.21182594
0.21217031
0.21251644
0.21285793
0.21320204
0.21355399
0.21389546
0.21424657
0.21459158
0.21493819
0.21529295
0.21564336
0.21599502
0.21634240
0.21669304
0.21703149
0.21738055
0.21772649
0.21807152
0.21841598
0.21876329
0.21911505
0.21946146
0.21981057
0.22015411
0.22049819
0.22084658
0.22120081
0.22154562
0.22189544
0.22224211
0.22259691
0.22294401
0.22329834
0.22365263
0.22400032
0.22434712
0.22470297
0.22505369
0.22540563
0.22575743
0.22611106
0.22646864
0.22682405
0.22717585
0.22753511
0.22789658
0.22825227
0.22861070
0.22896497
0.22932194
0.22967606
0.23003023
0.23038782
0.23074617
0.23110423
0.23145861
0.23182342
0.23218116
0.23254378
0.23290642
0.23326024
0.23361980
0.23397845
0.23434197
0.23470192
0.23506105
0.23542487
0.23578837
0.23614436
0.23650483
0.23686846
0.23722523
0.23758816
0.23794276
0.23830119
0.23866514
0.23903019
0.23938966
0.23975085
0.24011424
0.24047997
0.24084264
0.24121279
0.24157780
0.24193810
0.24230536
0.24266980
0.24303746
0.24340955
0.24377234
0.24413737
0.24450409
0.24486925
0.24523837
0.24560337
0.24596821
0.24633801
0.24670024
0.24705865
0.24742625
0.24779321
0.24816542
0.24853757
0.24890784
0.24928144
0.24965296
0.25002851
0.25040354
0.25078245
0.25115345
0.25152584
0.25190192
0.25227313
0.25264871
0.25302744
0.25340844
0.25377631
0.25415145
0.25452287
0.25489375
0.25526877
0.25564414
0.25602683
0.25640263
0.25677832
0.25716354
0.25753845
0.25791138
0.25828579
0.25866708
0.25904993
0.25943184
0.25980605
0.26019353
0.26057469
0.26095173
0.26133748
0.26172278
0.26210520
0.26248743
0.26287064
0.26324888
0.26363091
0.26401213
0.26438979
0.26477011
0.26514758
0.26553518
0.26592057
0.26630695
0.26669719
0.26708107
0.26747059
0.26786027
0.26824620
0.26863626
0.26901746
0.26940267
0.26978838
0.27017658
0.27055979
0.27094688
0.27133165
0.27171303
0.27210267
0.27248812
0.27287444
0.27326856
0.27366139
0.27405314
0.27443889
0.27483268
0.27522588
0.27561658
0.27601532
0.27641230
0.27679952
0.27719934
0.27759750
0.27799030
0.27838386
0.27877925
0.27917586
0.27957722
0.27996919
0.28036732
0.28076496
0.28115766
0.28155671
0.28195198
0.28235394
0.28274798
0.28313992
0.28353594
0.28393502
0.28433627
0.28473990
0.28514852
0.28554716
0.28594394
0.28633928
0.28673726
0.28713758
0.28753511
0.28793227
0.28833227
0.28872959
0.28912832
0.28953104
0.28993126
0.29034241
0.29074468
0.29115198
0.29154642
0.29195098
0.29235781
0.29276156
0.29317109
0.29356699
0.29397563
0.29438284
0.29478590
0.29519575
0.29559772
0.29600941
0.29641704
0.29682442
0.29723888
0.29764475
0.29805733
0.29846749
0.29887381
0.29928071
0.29969147
0.30009618
0.30050997
0.30092126
0.30133538
0.30174754
0.30215415
0.30256631
0.30297108
0.30338323
0.30379997
0.30420992
0.30462699
0.30504345
0.30545499
0.30587396
0.30629210
0.30670968
0.30712173
0.30753375
0.30794865
0.30836318
0.30878431
0.30920197
0.30962837
0.31004532
0.31046576
0.31088723
0.31131090
0.31172729
0.31214499
0.31256919
0.31298113
0.31341019
0.31383082
0.31424588
0.31466909
0.31508766
0.31551091
0.31593865
0.31636819
0.31678452
0.31720802
0.31762972
0.31806172
0.31849083
0.31891597
0.31934721
0.31977139
0.32020045
0.32062557
0.32106040
0.32149538
0.32191950
0.32234947
0.32277724
0.32321098
0.32363517
0.32405741
0.32449074
0.32492075
0.32535534
0.32579127
0.32623173
0.32666551
0.32709774
0.32753366
0.32796692
0.32840332
0.32883939
0.32927019
0.32970557
0.33015003
0.33058686
0.33102691
0.33147151
0.33190462
0.33235095
0.33278328
0.33323289
0.33367422
0.33410889
0.33455163
0.33499825
0.33543421
0.33587417
0.33631862
0.33676102
0.33720487
0.33765374
0.33809597
0.33854674
0.33899160
0.33943786
0.33988104
0.34032482
0.34076667
0.34121384
0.34166402
0.34211323
0.34256114
0.34299607
0.34344593
0.34389948
0.34434592
0.34479188
0.34523829
0.34568716
0.34613773
0.34658879
0.34703934
0.34749672
0.34794729
0.34840204
0.34885621
0.34930343
0.34975360
0.35020800
0.35066405
0.35112028
0.35158122
0.35203861
0.35249923
0.35296147
0.35341569
0.35387486
0.35433803
0.35479914
0.35525654
0.35571563
0.35617843
0.35663600
0.35709776
0.35756254
0.35802927
0.35849245
0.35895850
0.35941533
0.35988584
0.36034914
0.36080632
0.36126847
0.36173647
0.36219734
0.36266046
0.36313455
0.36360705
0.36407289
0.36454086
0.36501411
0.36548755
0.36595907
0.36642560
0.36689650
0.36736934
0.36783617
0.36831255
0.36878279
0.36925514
0.36973112
0.37020316
0.37067146
0.37114381
0.37161548
0.37208359
0.37255683
0.37302674
0.37350825
0.37398300
0.37445462
0.37493470
0.37540775
0.37587943
0.37635955
0.37683305
0.37731997
0.37780324
0.37827912
0.37876250
0.37924260
0.37973281
0.38021626
0.38069847
0.38118541
0.38166674
0.38215023
0.38262631
0.38311297
0.38359334
0.38407499
0.38456648
0.38505750
0.38554809
0.38603566
0.38651315
0.38700374
0.38749028
0.38798113
0.38847130
0.38896453
0.38945498
0.38994805
0.39043460
0.39092006
0.39141211
0.39190632
0.39239620
0.39289565
0.39338985
0.39388545
0.39438704
0.39488610
0.39538078
0.39588627
0.39638210
0.39688001
0.39736892
0.39786928
0.39836781
0.39886730
0.39937075
0.39986858
0.40037603
0.40087224
0.40137644
0.40187578
0.40237791
0.40287864
0.40338428
0.40388598
0.40439119
0.40489955
0.40540799
0.40591104
0.40641870
0.40691943
0.40743329
0.40794326
0.40845262
0.40896680
0.40947063
0.40998722
0.41050628
0.41101591
0.41152328
0.41203320
0.41254483
0.41305798
0.41357734
0.41409742
0.41461586
0.41513984
0.41566009
0.41617828
0.41668678
0.41720168
0.41772246
0.41823700
0.41875682
0.41927365
0.41979756
0.42031958
0.42084655
0.42137362
0.42189930
0.42241315
0.42294121
0.42346164
0.42399124
0.42452203
0.42504727
0.42556553
0.42610588
0.42664042
0.42716854
0.42769516
0.42823412
0.42877274
0.42930401
0.42983556
0.43035815
0.43089615
0.43143427
0.43197325
0.43250742
0.43304769
0.43358510
0.43411715
0.43466337
0.43519522
0.43572816
0.43627387
0.43680904
0.43734752
0.43788981
0.43843604
0.43898292
0.43953680
0.44007746
0.44061978
0.44116627
0.44171814
0.44227392
0.44282080
0.44337299
0.44391534
0.44445892
0.44501593
0.44555853
0.44610641
0.44665279
0.44720175
0.44775388
0.44830516
0.44885556
0.44941499
0.44996394
0.45052115
0.45108225
0.45163662
0.45218477
0.45273859
0.45329222
0.45384395
0.45439635
0.45496102
0.45552101
0.45607275
0.45662750
0.45718035
0.45775185
0.45830671
0.45887163
0.45943527
0.46000609
0.46056690
0.46112980
0.46169546
0.46226161
0.46283567
0.46340366
0.46397604
0.46455242
0.46511353
0.46567364
0.46624658
0.46681890
0.46739811
0.46797440
0.46855394
0.46912571
0.46969793
0.47027291
0.47084939
0.47143286
0.47199482
0.47257338
0.47315572
0.47373506
0.47431378
0.47489780
0.47548572
0.47606791
0.47665758
0.47723492
0.47782691
0.47841395
0.47900109
0.47958192
0.48016731
0.48075490
0.48134466
0.48192938
0.48251716
0.48312348
0.48371545
0.48429725
0.48490520
0.48549526
0.48609192
0.48668890
0.48728307
0.48788484
0.48847584
0.48908192
0.48968259
0.49028902
0.49089592
0.49150347
0.49209959
0.49270202
0.49331253
0.49391704
0.49451636
0.49511963
0.49572582
0.49633949
0.49695016
0.49754005
0.49814819
0.49875298
0.49936262
0.49996951
0.50058075
0.50118646
0.50179520
0.50241118
0.50302759
0.50366018
0.50426803
0.50488538
0.50550998
0.50613268
0.50675301
0.50738299
0.50801443
0.50864071
0.50925578
0.50987560
0.51049972
0.51112987
0.51175759
0.51238339
0.51301691
0.51363973
0.51426447
0.51488440
0.51552330
0.51615690
0.51678220
0.51741417
0.51805124
0.51868853
0.51932899
0.51995907
0.52059395
0.52122847
0.52186638
0.52249948
0.52313211
0.52377110
0.52440679
0.52506221
0.52570756
0.52635619
0.52699924
0.52765095
0.52830287
0.52894993
0.52960764
0.53024756
0.53090476
0.53156136
0.53221723
0.53285973
0.53352344
0.53417166
0.53483170
0.53550039
0.53615304
0.53681175
0.53746283
0.53811744
0.53877487
0.53942705
0.54008792
0.54075658
0.54142473
0.54208670
0.54276407
0.54342602
0.54410817
0.54477052
0.54543673
0.54611424
0.54678800
0.54746098
0.54812769
0.54880411
0.54948621
0.55014939
0.55081210
0.55149111
0.55217300
0.55282945
0.55349718
0.55417563
0.55484652
0.55551859
0.55620933
0.55688585
0.55755625
0.55823746
0.55890898
0.55959111
0.56028994
0.56098208
0.56167374
0.56236764
0.56306340
0.56375819
0.56444557
0.56514069
0.56583997
0.56654096
0.56723140
0.56793291
0.56863255
0.56933098
0.57003134
0.57073249
0.57143254
0.57213624
0.57284363
0.57354831
0.57425796
0.57496665
0.57567335
0.57638589
0.57710169
0.57781157
0.57853652
0.57924372
0.57996313
0.58068460
0.58139634
0.58211643
0.58283449
0.58354202
0.58426913
0.58498630
0.58570042
0.58642836
0.58715710
0.58789612
0.58863199
0.58936296
0.59009319
0.59082222
0.59154389
0.59228505
0.59301338
0.59374859
0.59448491
0.59522324
0.59597846
0.59672370
0.59747333
0.59820095
0.59893998
0.59969409
0.60045612
0.60119551
0.60194313
0.60269214
0.60344104
0.60418680
0.60492760
0.60568275
0.60643542
0.60718091
0.60794023
0.60871437
0.60946080
0.61021664
0.61099081
0.61175775
0.61252071
0.61329616
0.61407315
0.61483069
0.61558504
0.61635118
0.61711183
0.61787421
0.61864782
0.61942300
0.62020768
0.62098099
0.62174685
0.62253788
0.62330799
0.62408191
0.62486305
0.62565194
0.62644365
0.62721644
0.62801776
0.62880386
0.62958827
0.63036918
0.63116028
0.63195773
0.63273991
0.63351568
0.63429705
0.63508580
0.63587069
0.63666501
0.63745708
0.63826181
0.63906543
0.63986606
0.64065595
0.64146998
0.64226472
0.64306970
0.64389192
0.64468958
0.64549333
0.64628515
0.64709876
0.64792218
0.64873705
0.64955344
0.65037929
0.65120013
0.65203527
0.65285784
0.65368587
0.65452134
0.65535659
0.65619594
0.65701343
0.65782831
0.65866181
0.65949000
0.66032135
0.66114542
0.66197771
0.66280053
0.66365695
0.66449195
0.66534196
0.66617349
0.66701770
0.66785713
0.66870075
0.66954167
0.67039972
0.67124934
0.67210434
0.67294648
0.67381204
0.67468042
0.67554286
0.67640859
0.67725229
0.67813484
0.67900919
0.67988415
0.68074206
0.68161010
0.68248853
0.68336754
0.68424556
0.68511185
0.68597682
0.68685813
0.68773469
0.68861681
0.68950264
0.69037547
0.69125672
0.69214465
0.69301965
0.69389814
0.69478231
0.69567102
0.69656414
0.69744668
0.69833814
0.69922287
0.70012390
0.70102232
0.70193625
0.70284245
0.70376238
0.70466617
0.70557519
0.70648820
0.70740704
0.70830632
0.70921362
0.71012541
0.71104909
0.71197654
0.71289456
0.71381168
0.71474302
0.71565984
0.71659176
0.71751699
0.71844126
0.71937138
0.72031200
0.72125064
0.72219051
0.72312806
0.72408190
0.72502029
0.72596326
0.72689648
0.72784936
0.72881022
0.72975704
0.73071568
0.73167067
0.73262456
0.73359249
0.73455425
0.73550580
0.73647869
0.73744532
0.73841446
0.73936288
0.74034224
0.74132418
0.74230769
0.74327886
0.74424781
0.74523252
0.74619966
0.74718669
0.74816676
0.74914222
0.75013853
0.75113529
0.75212734
0.75313087
0.75413914
0.75513525
0.75613141
0.75713234
0.75814685
0.75914859
0.76016969
0.76117970
0.76219247
0.76320961
0.76421981
0.76525135
0.76628898
0.76730362
0.76832512
0.76935449
0.77038244
0.77143184
0.77246745
0.77350161
0.77452989
0.77557406
0.77661993
0.77766413
0.77870887
0.77976404
0.78081576
0.78187370
0.78293252
0.78398562
0.78503966
0.78609858
0.78716280
0.78822728
0.78928378
0.79034710
0.79139022
0.79246147
0.79355477
0.79462791
0.79571310
0.79679784
0.79789595
0.79897151
0.80004426
0.80113741
0.80222841
0.80332309
0.80441534
0.80553036
0.80662849
0.80772168
0.80881520
0.80990789
0.81103078
0.81214806
0.81326868
0.81437493
0.81549293
0.81662863
0.81775975
0.81887258
0.82000132
0.82114825
0.82227227
0.82342046
0.82459053
0.82572033
0.82686618
0.82800965
0.82916177
0.83030859
0.83146035
0.83261789
0.83377529
0.83493981
0.83611556
0.83727635
0.83845255
0.83962775
0.84082244
0.84199531
0.84317512
0.84435478
0.84557453
0.84675358
0.84793519
0.84912883
0.85031169
0.85154157
0.85273034
0.85392218
0.85515863
0.85637404
0.85756684
0.85878293
0.85998554
0.86119293
0.86241492
0.86366360
0.86487876
0.86608616
0.86731207
0.86855318
0.86980783
0.87103756
0.87226537
0.87350314
0.87473732
0.87599868
0.87724174
0.87851212
0.87977437
0.88103072
0.88231594
0.88357753
0.88484878
0.88612391
0.88739469
0.88866214
0.88995809
0.89126070
0.89254616
0.89384000
0.89513341
0.89642892
0.89773778
0.89906359
0.90035873
0.90169535
0.90301306
0.90432900
0.90564183
0.90693408
0.90826439
0.90958021
0.91091469
0.91224753
0.91357431
0.91494409
0.91630886
0.91766445
0.91903158
0.92041616
0.92176578
0.92313027
0.92452070
0.92591829
0.92731398
0.92869056
0.93009310
0.93150943
0.93290498
0.93430367
0.93568708
0.93707774
0.93850931
0.93990254
0.94133709
0.94273566
0.94416358
0.94559061
0.94699654
0.94842327
0.94984389
0.95129172
0.95273202
0.95419709
0.95564574
0.95710503
0.95854239
0.96002009
0.96149608
0.96297419
0.96444629
0.96592582
0.96741102
0.96887755
0.97034991
0.97184467
0.97335092
0.97482716
0.97632179
0.97783513
0.97936066
0.98087784
0.98240354
0.98391087
0.98542768
0.98694200
0.98843764
0.98997546
0.99148860
0.99300284
0.99454168
0.99607718
0.99764170
0.99916786
1.0007218
1.0022949
1.0038851
1.0054393
1.0070155
1.0086348
1.0102059
1.0117704
1.0133701
1.0149526
1.0165751
1.0182039
1.0198084
1.0214175
1.0230622
1.0247122
1.0263547
1.0279786
1.0295937
1.0312030
1.0328650
1.0345262
1.0362100
1.0378805
1.0395056
1.0412010
1.0428898
1.0445688
1.0462868
1.0480102
1.0496888
1.0513794
1.0530843
1.0548052
1.0565102
1.0582372
1.0599534
1.0616972
1.0634308
1.0651740
1.0669158
1.0686641
1.0703905
1.0721054
1.0738646
1.0756301
1.0774071
1.0791636
1.0809398
1.0827591
1.0845686
1.0863822
1.0881713
1.0899551
1.0917559
1.0935667
1.0953624
1.0971874
1.0990503
1.1009107
1.1027444
1.1045945
1.1064366
1.1082687
1.1101116
1.1119710
1.1138393
1.1157200
1.1176038
1.1194717
1.1213494
1.1232503
1.1251483
1.1270453
1.1289601
1.1308933
1.1328521
1.1347703
1.1366682
1.1386121
1.1405547
1.1425424
1.1445102
1.1464889
1.1484475
1.1504097
1.1523670
1.1543615
1.1563762
1.1583903
1.1603973
1.1623735
1.1643460
1.1663841
1.1684150
1.1704461
1.1724727
1.1745488
1.1765935
1.1786246
1.1806696
1.1827262
1.1847998
1.1868764
1.1889370
1.1909891
1.1930860
1.1951825
1.1972898
1.1994050
1.2015095
1.2036392
1.2057836
1.2079355
1.2100443
1.2121994
1.2143507
1.2165010
1.2186740
1.2208348
1.2229728
1.2251390
1.2273576
1.2295243
1.2316983
1.2338907
1.2361224
1.2383404
1.2405686
1.2427742
1.2450011
1.2472328
1.2494743
1.2517278
1.2539809
1.2563071
1.2585775
1.2608227
1.2631223
1.2654099
1.2677106
1.2700220
1.2723457
1.2746540
1.2769669
1.2792681
1.2816455
1.2839780
1.2863633
1.2887326
1.2911554
1.2935373
1.2959607
1.2983265
1.3007118
1.3031089
1.3055196
1.3079149
1.3103288
1.3127623
1.3151977
1.3175796
1.3199879
1.3224544
1.3249170
1.3273635
1.3298197
1.3323166
1.3348171
1.3373331
1.3397960
1.3422884
1.3448292
1.3473690
1.3498598
1.3524138
1.3549523
1.3574925
1.3600458
1.3625976
1.3651598
1.3677726
1.3704221
1.3730264
1.3755936
1.3782111
1.3808027
1.3834321
1.3860953
1.3887246
1.3913848
1.3940257
1.3966864
1.3993351
1.4019722
1.4046938
1.4074070
1.4100595
1.4127466
1.4154398
1.4181482
1.4208631
1.4236808
1.4264587
1.4292243
1.4319664
1.4347045
1.4375115
1.4402854
1.4431340
1.4459740
1.4487777
1.4516079
1.4544046
1.4572513
1.4600544
1.4629565
1.4658014
1.4686768
1.4715226
1.4743901
1.4772489
1.4801840
1.4831120
1.4860338
1.4889392
1.4918622
1.4947726
1.4977307
1.5007256
1.5036364
1.5066497
1.5096453
1.5126363
1.5156310
1.5186084
1.5215896
1.5245754
1.5276190
1.5306191
1.5336744
1.5367313
1.5397615
1.5428732
1.5459961
1.5490917
1.5521352
1.5551932
1.5583472
1.5614420
1.5645914
1.5677410
1.5708976
1.5741091
1.5772724
1.5804336
1.5836001
1.5868558
1.5900963
1.5932795
1.5964999
1.5997309
1.6029664
1.6061978
1.6095104
1.6127920
1.6160456
1.6192879
1.6225680
1.6258397
1.6291625
1.6325157
1.6357870
1.6391752
1.6425856
1.6459756
1.6493304
1.6527210
1.6560981
1.6594415
1.6628127
1.6662485
1.6696975
1.6730959
1.6765393
1.6800306
1.6834613
1.6869618
1.6904396
1.6939866
1.6974668
1.7009899
1.7044704
1.7080152
1.7115345
1.7150513
1.7186326
1.7221898
1.7258091
1.7293740
1.7329610
1.7365544
1.7401861
1.7438539
1.7474956
1.7511349
1.7547999
1.7584535
1.7621822
1.7658952
1.7695460
1.7732322
1.7769463
1.7805959
1.7843788
1.7881297
1.7919183
1.7956588
1.7994166
1.8033073
1.8071660
1.8109506
1.8148073
1.8187092
1.8225767
1.8264560
1.8303215
1.8341189
1.8380053
1.8419011
1.8458491
1.8498311
1.8537926
1.8577801
1.8618490
1.8657855
1.8697570
1.8737732
1.8777853
1.8818103
1.8858438
1.8899138
1.8940047
1.8979995
1.9021503
1.9062611
1.9103331
1.9144639
1.9186257
1.9226948
1.9268807
1.9310843
1.9351886
1.9394133
1.9436333
1.9478867
1.9520836
1.9563068
1.9606624
1.9649983
1.9693325
1.9736799
1.9779862
1.9822964
1.9865957
1.9909760
1.9953468
1.9996790
2.0040517
2.0085246
2.0128385
2.0172640
2.0216798
2.0261821
2.0306246
2.0351321
2.0395994
2.0439853
2.0484374
2.0529973
2.0575268
2.0620231
2.0665945
2.0711910
2.0757407
2.0803545
2.0848892
2.0895944
2.0942277
2.0988209
2.1034460
2.1081485
2.1127985
2.1174763
2.1222021
2.1269950
2.1316992
2.1365038
2.1412810
2.1460252
2.1508341
2.1556498
2.1605244
2.1653498
2.1701872
2.1749988
2.1798735
2.1848234
2.1897458
2.1946599
2.1995707
2.2045637
2.2095290
2.2145342
2.2196023
2.2247007
2.2297087
2.2347625
2.2398625
2.2448912
2.2499731
2.2551753
2.2601884
2.2654305
2.2705968
2.2757432
2.2809156
2.2861184
2.2913094
2.2965221
2.3018306
2.3071265
2.3123838
2.3176892
2.3230457
2.3283681
2.3337524
2.3391184
2.3445820
2.3499536
2.3553469
2.3607357
2.3662145
2.3717145
2.3773009
2.3827443
2.3882057
2.3937012
2.3992725
2.4048126
2.4104444
2.4160650
2.4217566
2.4273160
2.4329963
2.4387159
2.4442916
2.4500468
2.4557815
2.4615710
2.4673745
2.4730670
2.4788967
2.4846951
2.4905355
2.4963181
2.5021530
2.5079827
2.5139264
2.5198698
2.5258606
2.5318358
2.5377904
2.5438573
2.5498886
2.5559882
2.5620843
2.5682236
2.5742277
2.5803930
2.5864497
2.5926065
2.5987594
2.6049676
2.6111807
2.6174832
2.6235876
2.6298350
2.6361252
2.6425010
2.6488990
2.6553081
2.6616841
2.6680653
2.6744597
2.6809100
2.6873693
2.6937935
2.7002183
2.7067343
2.7132686
2.7197500
2.7262519
2.7328270
2.7395831
2.7462058
2.7527539
2.7594221
2.7661446
2.7728645
2.7795184
2.7862840
2.7930236
2.7998298
2.8065732
2.8133172
2.8200356
2.8269392
2.8339320
2.8408707
2.8478467
2.8548328
2.8618383
2.8686822
2.8756893
2.8827418
2.8898239
2.8968999
2.9040139
2.9112592
2.9184122
2.9255108
2.9328802
2.9401077
2.9473688
2.9546193
2.9618856
2.9691885
2.9765688
2.9837906
2.9911741
2.9986357
3.0060375
3.0135726
3.0210832
3.0285441
3.0360877
3.0436520
3.0512355
3.0588360
3.0664870
3.0742767
3.0820814
3.0899108
3.0978029
3.1057259
3.1135562
3.1214167
3.1292750
3.1369629
3.1449809
3.1529534
3.1607506
3.1686831
3.1766586
3.1845807
3.1925117
3.2006080
3.2086584
3.2168600
3.2249030
3.2330128
3.2412241
3.2494682
3.2576302
3.2659134
3.2740964
3.2822317
3.2905978
3.2989287
3.3073081
3.3157217
3.3241285
3.3325454
3.3408721
3.3494087
3.3580492
3.3666300
3.3752356
3.3837779
3.3925239
3.4012833
3.4099676
3.4187913
3.4273971
3.4361474
3.4449104
3.4537509
3.4625255
3.4713383
3.4803055
3.4894695
3.4984824
3.5076091
3.5165928
3.5257255
3.5348323
3.5439764
3.5532817
3.5624226
3.5715501
3.5808467
3.5903267
3.5995705
3.6088401
3.6183035
3.6277381
3.6372147
3.6468387
3.6563763
3.6659155
3.6754848
3.6850892
3.6947430
3.7045627
3.7143679
3.7243158
3.7340243
3.7438565
3.7537837
3.7635473
3.7733830
3.7835502
3.7933324
3.8030951
3.8131963
3.8233820
3.8333449
3.8436153
3.8537974
3.8639698
3.8741420
3.8846563
3.8949567
3.9051246
3.9155827
3.9261097
3.9364926
3.9469455
3.9573142
3.9679616
3.9783522
3.9889450
3.9994295
4.0099590
4.0207012
4.0314511
4.0422461
4.0529707
4.0639304
4.0749258
4.0858097
4.0966917
4.1077778
4.1186992
4.1301302
4.1413932
4.1524598
4.1635695
4.1748696
4.1862166
4.1973413
4.2085097
4.2199127
4.2312371
4.2426386
4.2540411
4.2654365
4.2768792
4.2884818
4.2998084
4.3115972
4.3233386
4.3349714
4.3467949
4.3586696
4.3705124
4.3823136
4.3943715
4.4063743
4.4185423
4.4305173
4.4426936
4.4545656
4.4667128
4.4791159
4.4914736
4.5037877
4.5160257
4.5284060
4.5408130
4.5532016
4.5656744
4.5782925
4.5909870
4.6035706
4.6160873
4.6288961
4.6414869
4.6541854
4.6669921
4.6798884
4.6927453
4.7055993
4.7187682
4.7319348
4.7450691
4.7583389
4.7716408
4.7845967
4.7978508
4.8111012
4.8243011
4.8376397
4.8509915
4.8642585
4.8779414
4.8912657
4.9048807
4.9185756
4.9325574
4.9463377
4.9602319
4.9740109
4.9878841
5.0016705
5.0155835
5.0294803
5.0434401
5.0575072
5.0716507
5.0858085
5.0999907
5.1145359
5.1292117
5.1433939
5.1579294
5.1723237
5.1868994
5.2015191
5.2162600
5.2310346
5.2454467
5.2602328
5.2749676
5.2894001
5.3042300
5.3194158
5.3343041
5.3493330
5.3643768
5.3795909
5.3947987
5.4103245
5.4253976
5.4406516
5.4560730
5.4716817
5.4873573
5.5032737
5.5191390
5.5345698
5.5502474
5.5659635
5.5815623
5.5976279
5.6133177
5.6295294
5.6455209
5.6619394
5.6783687
5.6947070
5.7106660
5.7269999
5.7433487
5.7600803
5.7765679
5.7930955
5.8097055
5.8264212
5.8428999
5.8596686
5.8763054
5.8932907
5.9101065
5.9272631
5.9442620
5.9614865
5.9787098
5.9960521
6.0135936
6.0313009
6.0490922
6.0666843
6.0841438
6.1019168
6.1194071
6.1373091
6.1549528
6.1729756
6.1906303
6.2087043
6.2268224
6.2447508
6.2626347
6.2806309
6.2987682
6.3169332
6.3355444
6.3539220
6.3722482
6.3904411
6.4093904
6.4283382
6.4467459
6.4652723
6.4841903
6.5028775
6.5216204
6.5403818
6.5595314
6.5783352
6.5977017
6.6169987
6.6361384
6.6552209
6.6749210
6.6945785
6.7140708
6.7337292
6.7533496
6.7730728
6.7930356
6.8126388
6.8328801
6.8529890
6.8731044
6.8931899
6.9131131
6.9337978
6.9540457
6.9744102
6.9948695
7.0154178
7.0358017
7.0562027
7.0767045
7.0977249
7.1184532
7.1392319
7.1605197
7.1813862
7.2023053
7.2237862
7.2456275
7.2671223
7.2888439
7.3101348
7.3313711
7.3531336
7.3749550
7.3969270
7.4186691
7.4408088
7.4625370
7.4846423
7.5064992
7.5288913
7.5512175
7.5736026
7.5958078
7.6179126
7.6406161
7.6634346
7.6862945
7.7094484
7.7323271
7.7552723
7.7780725
7.8015048
7.8247729
7.8477796
7.8711294
7.8946114
7.9175452
7.9406007
7.9646213
7.9885182
8.0121002
8.0365095
8.0606497
8.0847611
8.1088497
8.1327549
8.1570340
8.1812657
8.2051680
8.2298908
8.2539415
8.2788835
8.3039609
8.3288738
8.3538114
8.3786070
8.4039003
8.4288269
8.4541086
8.4792446
8.5040701
8.5291768
8.5546015
8.5806332
8.6063103
8.6323020
8.6582073
8.6843181
8.7100443
8.7363675
8.7626047
8.7888143
8.8149399
8.8416650
8.8685287
8.8956571
8.9226113
8.9499810
8.9768299
9.0044848
9.0317159
9.0591748
9.0864999
9.1140911
9.1415817
9.1690601
9.1967069
9.2249697
9.2524472
9.2801230
9.3079228
9.3362212
9.3642456
9.3924223
9.4206346
9.4488191
9.4774692
9.5059081
9.5349891
9.5640512
9.5933525
9.6219998
9.6512760
9.6800988
9.7092252
9.7387132
9.7676383
9.7965098
9.8261658
9.8555643
9.8857908
9.9156113
9.9457348
9.9757386
10.006426
10.036945
10.067337
10.097896
10.128707
10.159110
10.190177
10.221613
10.252150
10.283695
10.314778
10.346182
10.376840
10.409192
10.440660
10.471731
10.503722
10.535808
10.567908
10.600898
10.632993
10.665095
10.697300
10.729264
10.761152
10.794369
10.827442
10.860181
10.893405
10.926350
10.959732
10.993832
11.027438
11.060856
11.094874
11.128968
11.162723
11.196925
11.230914
11.265428
11.300110
11.334299
11.368708
11.403323
11.438715
11.473124
11.508095
11.543123
11.578268
11.613630
11.648735
11.684948
11.720094
11.756240
11.792242
11.827843
11.863951
11.900178
11.936545
11.972403
12.008613
12.045266
12.082324
12.119773
12.157421
12.194834
12.231765
12.269126
12.305932
12.343159
12.380966
12.418629
12.456074
12.494011
12.532160
12.569977
12.607841
12.645762
12.683968
12.722726
12.762467
12.801399
12.840838
12.879123
12.919003
12.958624
12.998790
13.038324
13.078700
13.119307
13.159420
13.199864
13.240354
13.281018
13.322542
13.363618
13.405130
13.446116
13.487572
13.529168
13.570496
13.612466
13.653550
13.695214
13.737050
13.778499
13.820410
13.862552
13.904685
13.947149
13.989883
14.033202
14.075635
14.118653
14.161247
14.204569
14.248158
14.291457
14.335009
14.378829
14.422763
14.466910
14.510894
14.555077
14.599476
14.644222
14.689584
14.734589
14.779827
14.825178
14.870359
14.915338
14.960575
15.006305
15.051677
15.097288
15.143795
15.189453
15.235100
15.282199
15.328152
15.375071
15.422707
15.469856
15.516853
15.564500
15.611526
15.658954
15.706981
15.755338
15.803054
15.850678
15.897956
15.946187
15.995167
16.044549
16.093393
16.141852
16.190233
16.239715
16.288243
16.338199
16.387643
16.438085
16.488133
16.538752
16.588389
16.638902
16.690341
16.740643
16.791576
16.842363
16.893552
16.945422
16.996713
17.048015
17.099701
17.152278
17.204634
17.257726
17.309745
17.361940
17.413398
17.466490
17.519019
17.572515
17.626308
17.679366
17.733293
17.787490
17.841744
17.895970
17.950406
18.004230
18.058599
18.112104
18.166939
18.219825
18.274824
18.330228
18.384846
18.440190
18.496110
18.552048
18.607550
18.663584
18.720586
18.776424
18.833571
18.889870
18.947312
19.004540
19.061181
19.118505
19.176101
19.234970
19.293585
19.352229
19.409473
19.467755
19.526385
19.584861
19.644353
19.703380
19.762320
19.821980
19.882051
19.940260
19.999594
20.059880
20.119005
20.178327
20.239308
20.300134
20.361120
20.421628
20.482611
20.543400
20.604986
20.668289
20.730183
20.792653
20.854602
20.915983
20.978213
21.040920
21.104296
21.168505
21.231508
21.295800
21.359013
21.422786
21.485916
21.549325
21.613131
21.676985
21.741894
21.806996
21.872006
21.936236
22.001054
22.066562
22.133693
22.199097
22.265951
22.332137
22.397597
22.463293
22.529360
22.595871
22.663092
22.731208
22.798446
22.866415
22.933999
23.001014
23.068408
23.137026
23.205057
23.272234
23.340437
23.409212
23.478542
23.548525
23.618235
23.687358
23.757037
23.828447
23.898148
23.968105
24.038397
24.110327
24.182054
24.252556
24.323846
24.396215
24.468117
24.540636
24.611769
24.684884
24.757337
24.829413
24.902434
24.975698
25.047587
25.122131
25.194904
25.267921
25.342853
25.416899
25.490639
25.564949
25.641291
25.716744
25.790748
25.866356
25.941496
26.017166
26.093029
26.167723
26.244023
26.319894
26.396509
26.473120
26.551000
26.629425
26.705949
26.783868
26.861496
26.940305
27.018608
27.097526
27.176350
27.253841
27.332582
27.413882
27.493631
27.571555
27.651440
27.730552
27.811348
27.891443
27.973171
28.054389
28.134843
28.216034
28.297332
28.377967
28.459972
28.542405
28.623372
28.704448
28.787613
28.870103
28.952111
29.034450
29.118738
29.203240
29.286184
29.368989
29.453047
29.536814
29.620258
29.706612
29.791329
29.876202
29.961113
30.046575
30.131879
30.219202
30.306727
30.394368
30.480997
30.569066
30.656184
30.742842
30.830538
30.919310
31.007790
31.095797
31.185435
31.274657
31.363751
31.452587
31.540890
31.631129
31.721519
31.811600
31.903925
31.995692
32.085728
32.176847
32.267404
32.357711
32.447402
32.538353
32.629454
32.720375
32.812520
32.903936
32.996939
33.088084
33.181498
33.275778
33.369268
33.462353
33.555648
33.649093
33.744899
33.838932
33.933337
34.029080
34.125786
34.220199
34.315481
34.412182
34.507818
34.604359
34.700960
34.799040
34.896508
34.991704
35.088837
35.186064
35.286426
35.384299
35.483503
35.582876
35.682633
35.782306
35.880231
35.979040
36.079488
36.179681
36.279088
36.377179
36.478661
36.582703
36.684928
36.785936
36.886899
36.985997
37.087584
37.189805
37.292914
37.394924
37.498429
37.600133
37.702701
37.806014
37.908531
38.013896
38.117965
38.223144
38.328728
38.434800
38.540915
38.645772
38.750447
38.854943
38.960574
39.066360
39.170621
39.278217
39.383724
39.489447
39.596639
39.704467
39.811307
39.918237
40.026406
40.134115
40.242057
40.352451
40.460682
40.572122
40.682752
40.793592
40.905636
41.019718
41.130675
41.240941
41.353929
41.467368
41.577317
41.687184
41.799608
41.910153
42.022475
42.135590
42.248993
42.361193
42.474691
42.587682
42.702216
42.817708
42.930981
43.044639
43.160703
43.274064
43.388971
43.505928
43.622200
43.737869
43.855189
43.972746
44.089869
44.204234
44.322431
44.441572
44.558263
44.676233
44.794475
44.913038
45.031292
45.150696
45.269165
45.387153
45.507981
45.628019
45.748856
45.870188
45.991489
46.113521
46.236950
46.359339
46.482822
46.606270
46.732219
46.855678
46.978613
47.102138
47.225143
47.349556
47.472921
47.595462
47.720765
47.845297
47.972251
48.097857
48.224636
48.348886
48.474845
48.601414
48.729558
48.854284
48.981314
49.110393
49.238965
49.369438
49.496711
49.625024
49.753074
49.882674
50.010985
50.139895
50.270591
50.401813
50.532023
50.661457
50.793063
50.925895
51.058957
51.191321
51.325413
51.457812
51.590128
51.723023
51.854940
51.987976
52.120569
52.253425
52.384724
52.517767
52.652328
52.787162
52.922714
53.059842
53.194978
53.330285
53.466001
53.602880
53.739849
53.876982
54.012354
54.151202
54.289342
54.426517
54.567500
54.707458
54.847781
54.986428
55.123587
55.261815
55.402818
55.543625
55.684143
55.823919
55.965836
56.106937
56.246553
56.388267
56.530365
56.674342
56.819179
56.960933
57.104238
57.244772
57.389929
57.534397
57.677890
57.823468
57.968056
58.112597
58.259318
58.405364
58.551433
58.698282
58.844702
58.991398
59.136819
59.281664
59.429724
59.578412
59.727219
59.877013
60.026682
60.173399
60.322709
60.471949
60.622229
60.774364
60.926454
61.076847
61.227670
61.379130
61.532840
61.685640
61.840696
61.989996
62.143278
62.293083
62.446452
62.599207
62.757503
62.909602
63.064554
63.219844
63.376374
63.530752
63.685467
63.841064
63.997155
64.154777
64.311291
64.468682
64.627038
64.782953
64.939727
65.097576
65.254590
65.412534
65.574413
65.735790
65.895705
66.057427
66.218470
66.379993
66.542717
66.705862
66.865499
67.025138
67.186803
67.350918
67.515545
67.676165
67.834388
67.994433
68.160178
68.321051
68.487106
68.654588
68.818034
68.983132
69.146564
69.310365
69.473274
69.639478
69.808431
69.974034
70.140039
70.308745
70.477425
70.644436
70.811711
70.981410
71.152684
71.322267
71.489534
71.660259
71.831108
71.999719
72.170032
72.340839
72.510635
72.684453
72.854721
73.025076
73.197386
73.367736
73.538139
73.712580
73.884410
74.056073
74.231177
74.405692
74.579354
74.752935
74.927924
75.102258
75.277688
75.452204
75.628996
75.806000
75.984167
76.160442
76.338527
76.517865
76.694843
76.873370
77.052596
77.231416
77.413350
77.595874
77.777883
77.955876
78.134337
78.312723
78.496499
78.679493
78.862638
79.047446
79.228643
79.410345
79.592901
79.777210
79.958737
80.144193
80.332324
80.515818
80.703403
80.890051
81.080476
81.266791
81.452337
81.637146
81.822421
82.007308
82.193487
82.380585
82.570386
82.760010
82.945571
83.134076
83.324894
83.517765
83.708793
83.899610
84.086060
84.279025
84.472128
84.665040
84.854264
85.049044
85.242373
85.435250
85.626897
85.822282
86.018009
86.208940
86.406934
86.601215
86.798401
86.994793
87.193649
87.388656
87.582373
87.778637
87.972153
88.165476
88.362739
88.561353
88.758498
88.951350
89.148993
89.347413
89.548343
89.748739
89.948745
90.151670
90.352913
90.554178
90.755642
90.959848
91.155863
91.358388
91.558900
91.760789
91.960180
92.167205
92.369728
92.570976
92.777063
92.980737
93.182379
93.385571
93.591634
93.795341
94.002929
94.210022
94.417308
94.623434
94.829475
95.035473
95.243829
95.453216
95.661518
95.870858
96.080073
96.290326
96.500707
96.714044
96.923385
97.134976
97.345041
97.557518
97.770861
97.985467
98.194319
98.405645
98.618192
98.828808
99.043909
99.257039
99.472691
99.685689
99.902431
100.12001
100.33677
100.55547
100.77162
100.98799
101.20659
101.42446
101.64251
101.86433
102.08440
102.30173
102.51664
102.73840
102.95501
103.17971
103.39471
103.61687
103.84002
104.06099
104.28600
104.51354
104.73833
104.96066
105.18268
105.40796
105.63126
105.85704
106.08653
106.31205
106.53602
106.76185
106.98747
107.21384
107.44354
107.66911
107.89867
108.12827
108.35967
108.58500
108.81288
109.04291
109.27389
109.50699
109.74146
109.97434
110.20573
110.43607
110.66843
110.89994
111.13432
111.36376
111.59438
111.82929
112.06072
112.29168
112.52499
112.75496
112.99381
113.22874
113.46670
113.70069
113.93978
114.17794
114.41668
114.65534
114.89379
115.13282
115.37009
115.60938
115.85027
116.09077
116.33106
116.57096
116.81183
117.05137
117.29600
117.53808
117.78126
118.02386
118.26528
118.50759
118.75494
118.99878
119.24213
119.48532
119.72801
119.97283
120.21652
120.46202
120.70440
120.95219
121.19741
121.44120
121.68783
121.93719
122.18592
122.43972
122.69021
122.94131
123.19414
123.45078
123.69954
123.94950
124.20073
124.45014
124.69983
124.95633
125.20598
125.46437
125.72456
125.97719
126.23349
126.49056
126.74404
127.00219
127.25864
127.51640
127.77523
128.03190
128.28236
128.54048
128.80028
129.06340
129.31837
129.57718
129.83232
130.09165
130.34734
130.60518
130.86399
131.12587
131.38675
131.64829
131.91524
132.17819
132.44780
132.71450
132.97305
133.24054
133.50688
133.76995
134.03317
134.29401
134.56180
134.83229
135.09804
135.36701
135.63359
135.90228
136.17077
136.44207
136.71104
136.97622
137.24623
137.51905
137.79056
138.05770
138.32716
138.60057
138.87722
139.14825
139.41951
139.69631
139.96588
140.24097
140.51386
140.78709
141.06639
141.34419
141.62219
141.90235
142.18196
142.46321
142.73790
143.01409
143.29178
143.57612
143.85877
144.13761
144.41532
144.69584
144.97622
145.25932
145.54437
145.82481
146.10373
146.38393
146.66487
146.95280
147.23754
147.52104
147.81048
148.09496
148.38246
148.66638
148.95979
149.24509
149.52965
149.81491
150.09857
150.38227
150.67233
150.96098
151.24916
151.53858
151.82428
152.11305
152.40716
152.69578
152.98735
153.28055
153.57648
153.86706
154.16194
154.45179
154.74467
155.04000
155.33132
155.62106
155.91853
156.21410
156.51272
156.80900
157.10523
157.40024
157.69774
157.99884
158.29798
158.59805
158.89505
159.18833
159.48533
159.78109
160.08081
160.37760
160.68009
160.98080
161.28314
161.58142
161.88124
162.18053
162.48464
162.79231
163.09897
163.40433
163.71176
164.01687
164.32096
164.62842
164.93475
165.23665
165.54238
165.84621
166.15361
166.46041
166.76800
167.08467
167.39545
167.70438
168.01728
168.32643
168.63503
168.94359
169.25461
169.56327
169.87687
170.19358
170.51081
170.82613
171.13907
171.45086
171.76450
172.07902
172.39547
172.70910
173.02932
173.34998
173.67038
173.98639
174.30477
174.62288
174.94281
175.26535
175.58899
175.90927
176.22332
176.54290
176.86206
177.18278
177.50645
177.82982
178.15447
178.47961
178.80528
179.12582
179.44889
179.77645
180.10296
180.42979
180.76117
181.09003
181.42025
181.74909
182.07065
182.40099
182.73198
183.06241
183.39232
183.72493
184.05461
184.38477
184.72150
185.06045
185.39220
185.72122
186.05443
186.38936
186.72605
187.06019
187.39568
187.73540
188.07033
188.40281
188.73404
189.07684
189.41633
189.75858
190.09960
190.43860
190.77719
191.11210
191.45145
191.79740
192.13583
192.48554
192.83228
193.17816
193.52087
193.86078
194.21277
194.54758
194.88939
195.23369
195.58261
195.92946
196.27813
196.61951
196.97132
197.31861
197.65944
198.00243
198.35494
198.70396
199.05004
199.40566
199.76426
200.12212
200.47466
200.83038
201.18495
201.52645
201.87500
202.23259
202.59111
202.94465
203.30113
203.65987
204.01724
204.37239
204.73133
205.08664
205.44413
205.80924
206.16814
206.52595
206.88168
207.24928
207.60805
207.97368
208.33853
208.71364
209.07956
209.43906
209.80581
210.17715
210.54887
210.92089
211.28774
211.64979
212.01627
212.38497
212.75463
213.12585
213.49480
213.86252
214.22411
214.59985
214.97545
215.34207
215.71825
216.08323
216.45260
216.83311
217.20770
217.57948
217.95372
218.31880
218.69285
219.07077
219.44254
219.81880
220.19326
220.57202
220.94709
221.33145
221.71058
222.08258
222.46562
222.84957
223.23005
223.60505
223.98551
224.36549
224.74478
225.13266
225.51706
225.90513
226.29680
226.68138
227.06599
227.44885
227.83311
228.21793
228.60641
228.99440
229.39053
229.77849
230.16306
230.55124
230.94227
231.32709
231.72191
232.11978
232.51278
232.90050
233.29647
233.68885
234.08302
234.47111
234.86141
235.25704
235.65119
236.05217
236.44362
236.84631
237.24731
237.64341
238.04751
238.45142
238.84862
239.24749
239.65035
240.05251
240.44807
240.85056
241.24802
241.64956
242.04574
242.45320
242.84899
243.25056
243.65987
244.07337
244.47543
244.88399
245.29504
245.70911
246.11309
246.52122
246.92837
247.33812
247.74663
248.16129
248.57464
248.98950
249.40495
249.82028
250.22930
250.65256
251.07139
251.49176
251.90372
252.32525
252.73998
253.15611
253.57199
253.98540
254.40581
254.83068
255.25288
255.66949
256.09516
256.51415
256.93672
257.35905
257.77571
258.19261
258.62352
259.04474
259.46305
259.88374
260.31700
260.74299
261.17593
261.60394
262.02273
262.45155
262.87816
263.30392
263.73416
264.16325
264.58917
265.02130
265.45111
265.88300
266.31563
266.74997
267.18920
267.63421
268.07089
268.50628
268.94908
269.38945
269.82829
270.27040
270.70909
271.14912
271.58819
272.02562
272.46968
272.91814
273.36052
273.79304
274.24099
274.68713
275.13201
275.56990
276.01283
276.46242
276.91463
277.35901
277.80139
278.25145
278.70157
279.14868
279.59107
280.04282
280.49527
280.94947
281.40385
281.86037
282.30702
282.75868
283.21621
283.66982
284.11980
284.56631
285.02816
285.48230
285.93931
286.40093
286.86304
287.32461
287.78666
288.24818
288.71202
289.16832
289.63471
290.09401
290.55781
291.01639
291.48625
291.94833
292.41089
292.87925
293.33590
293.80473
294.27249
294.74584
295.21971
295.68480
296.15380
296.62368
297.09798
297.57365
298.04571
298.51816
298.99396
299.46708
299.93777
300.40791
300.87237
301.34104
301.81363
302.29275
302.77266
303.24435
303.72342
304.19610
304.68001
305.15785
305.64060
306.13030
306.61761
307.09237
307.57861
308.06669
308.54895
309.03644
309.53497
310.01883
310.50036
310.98245
311.47025
311.96892
312.45639
312.95029
313.44400
313.92789
314.41082
314.90517
315.39742
315.89587
316.39041
316.88337
317.37473
317.87129
318.37595
318.88081
319.37526
319.87511
320.36519
320.86065
321.36164
321.85958
322.35715
322.85446
323.35995
323.85629
324.36502
324.86580
325.36931
325.87850
326.38764
326.89188
327.40144
327.91220
328.42004
328.93125
329.44437
329.95048
330.46178
330.96694
331.48366
332.00014
332.51723
333.03922
333.54875
334.05885
334.57940
335.09047
335.61208
336.13404
336.65323
337.17141
337.69389
338.21011
338.73458
339.25551
339.78936
340.31228
340.83366
341.35253
341.88116
342.40648
342.93568
343.45962
343.99042
344.51597
345.04412
345.57126
346.09996
346.63018
347.16433
347.69990
348.22860
348.77186
349.30402
349.83710
350.37466
350.90781
351.44596
351.99078
352.53853
353.07721
353.62057
354.16743
354.70839
355.24373
355.78277
356.33642
356.87762
357.42496
357.96078
358.50901
359.06855
359.62583
360.17231
360.71457
361.27333
361.81851
362.36413
362.92088
363.47324
364.02141
364.56538
365.12390
365.67365
366.22027
366.78496
367.34233
367.90699
368.46394
369.03152
369.60198
370.16500
370.72680
371.29302
371.85948
372.42085
372.99214
373.56009
374.12769
374.69975
375.25634
375.83049
376.40133
376.96292
377.54311
378.10898
378.68357
379.25130
379.82452
380.39615
380.97404
381.55896
382.13729
382.71448
383.28855
383.86751
384.45327
385.03391
385.61244
386.20643
386.79333
387.38253
387.96747
388.55787
389.14119
389.73531
390.32898
390.92042
391.51136
392.10347
392.68588
393.28528
393.88716
394.47866
395.08134
395.67213
396.26638
396.85102
397.44752
398.05260
398.66068
399.26413
399.86824
400.47419
401.07169
401.67461
402.27400
402.88204
403.48451
404.09852
404.71616
405.32805
405.94587
406.55983
407.17489
407.79599
408.41000
409.02569
409.63603
410.25739
410.87561
411.48386
412.11066
412.73399
413.34747
413.97140
414.60371
415.23126
415.85936
416.49094
417.11369
417.73202
418.36425
418.99119
419.63526
420.26515
420.90527
421.53398
422.16191
422.80074
423.43672
424.08310
424.72854
425.37176
426.01404
426.64216
427.28438
427.94334
428.59340
429.24574
429.89038
430.53709
431.18582
431.84016
432.49669
433.14849
433.80957
434.46902
435.12348
435.77999
436.43975
437.10071
437.77509
438.42900
439.09502
439.76318
440.42856
441.10641
441.76601
442.44194
443.11185
443.77998
444.45132
445.12686
445.79245
446.46627
447.14122
447.82384
448.50101
449.17865
449.86777
450.54172
451.21646
451.91002
452.59526
453.27677
453.96598
454.64931
455.34007
456.03406
456.71762
457.40977
458.09601
458.79505
459.48695
460.17803
460.87186
461.57590
462.28469
462.99290
463.69631
464.40013
465.10262
465.80860
466.51774
467.23548
467.94265
468.66008
469.36450
470.08983
470.79080
471.50102
472.23442
472.94378
473.66209
474.39155
475.11734
475.84691
476.58609
477.30193
478.02987
478.75499
479.49015
480.23116
480.97530
481.71446
482.44906
483.18398
483.92395
484.65505
485.40155
486.14593
486.89459
487.64390
488.38775
489.14253
489.90272
490.66077
491.42000
492.17215
492.93002
493.68950
494.45113
495.20846
495.97462
496.75055
497.51419
498.28723
499.06141
499.83638
500.60417
501.38076
502.16127
502.93101
503.70868
504.49648
505.28372
506.05940
506.84772
507.63913
508.43196
509.22354
510.01438
510.81148
511.60138
512.37405
513.17125
513.97698
514.78288
515.59098
516.38965
517.20094
518.00984
518.81996
519.63632
520.44618
521.27332
522.07877
522.89959
523.72698
524.54450
525.37346
526.20529
527.04059
527.87360
528.71968
529.56154
530.40403
531.25591
532.09785
532.94762
533.78120
534.63926
535.50102
536.35091
537.20680
538.06438
538.91987
539.78397
540.64633
541.50380
542.36204
543.23830
544.11288
545.00003
545.87614
546.74876
547.62795
548.51485
549.41555
550.30160
551.18141
552.08882
552.97779
553.89151
554.79900
555.70007
556.60981
557.52383
558.43213
559.36218
560.28317
561.20347
562.11609
563.03083
563.95334
564.89098
565.83765
566.76591
567.71769
568.66408
569.61014
570.56395
571.51702
572.46487
573.42454
574.37902
575.34227
576.31081
577.27335
578.25462
579.23104
580.19809
581.17554
582.15812
583.14451
584.13039
585.13352
586.12616
587.12114
588.11442
589.11091
590.15081
591.17401
592.20288
593.22865
594.26636
595.29763
596.33690
597.38796
598.44145
599.49030
600.54669
601.61398
602.65229
603.71553
604.80313
605.89527
606.96290
608.05395
609.13044
610.22671
611.31048
612.39937
613.50113
614.60617
615.72339
616.81497
617.93490
619.06184
620.18484
621.30838
622.44285
623.57675
624.72877
625.90608
627.06008
628.23613
629.40973
630.57875
631.76749
632.96097
634.14164
635.34790
636.54997
637.74961
638.97444
640.20850
641.43119
642.65431
643.89850
645.13102
646.38584
647.64912
648.89919
650.17547
651.44831
652.73255
654.01356
655.30517
656.59025
657.88583
659.20504
660.50780
661.81905
663.16383
664.52407
665.87733
667.24158
668.61840
669.98399
671.36449
672.76332
674.21062
675.62845
677.05428
678.46270
679.89956
681.35097
682.82494
684.29419
685.75014
687.23994
688.73852
690.24955
691.76052
693.27574
694.79675
696.35504
697.90852
699.46302
701.01898
702.60083
704.20435
705.83205
707.45476
709.08818
710.73902
712.40073
714.04518
715.75940
717.49931
719.23728
720.96912
722.70002
724.49445
726.27260
728.08646
729.89891
731.73387
733.62168
735.47222
737.38131
739.28991
741.22103
743.12401
745.11101
747.07786
749.05788
751.07016
753.09047
755.12460
757.15774
759.26463
761.35850
763.51719
765.70211
767.87534
770.05535
772.25397
774.54198
776.81692
779.11873
781.47138
783.81397
786.17384
788.61392
791.07837
793.56968
796.06084
798.59892
801.13992
803.74327
806.38357
809.03906
811.73056
814.44819
817.23742
820.04684
822.89598
825.79557
828.73312
831.69320
834.73193
837.83289
840.95825
844.13680
847.34907
850.65965
853.95050
857.33520
860.77368
864.23117
867.76939
871.45691
875.14209
878.93121
882.88199
886.86471
890.93437
895.06675
899.18449
903.47494
907.82599
912.32094
916.87764
921.60995
926.55086
931.50861
936.63486
941.90403
947.33651
952.90062
958.59804
964.61643
970.83618
977.22021
983.81055
990.71349
997.88098
1005.3906
1013.4842
1021.7745
1030.2984
1039.5081
1049.2500
1059.5901
1070.4631
1082.4411
1095.1053
1108.7038
1123.7943
1140.7943
1159.4919
1180.6297
1205.5385
1235.3719
1272.6771
1321.9292
1395.6457
1541.2979
