2.5760168
2.7999658
2.9365161
3.0399284
3.1245873
3.1963369
3.2610780
3.3181117
3.3709756
3.4192834
3.4642425
3.5087448
3.5493946
3.5881374
3.6254942
3.6615172
3.6958199
3.7292287
3.7619784
3.7936881
3.8247890
3.8543761
3.8841470
3.9126672
3.9405816
3.9683384
3.9945948
4.0211458
4.0471936
4.0730178
4.0985376
4.1238047
4.1483509
4.1729133
4.1974350
4.2209031
4.2449336
4.2680437
4.2912839
4.3138629
4.3364906
4.3590764
4.3812320
4.4027754
4.4247850
4.4464389
4.4680384
4.4893890
4.5108458
4.5322750
4.5535435
4.5742427
4.5951384
4.6161631
4.6370574
4.6579000
4.6785346
4.6988715
4.7195618
4.7400858
4.7602918
4.7807730
4.8008998
4.8213910
4.8416179
4.8615236
4.8818150
4.9015397
4.9216478
4.9415835
4.9616889
4.9816029
5.0013103
5.0210318
5.0408269
5.0605236
5.0804461
5.1002955
5.1199050
5.1393892
5.1589824
5.1786395
5.1982442
5.2177927
5.2377753
5.2575185
5.2770438
5.2970577
5.3165463
5.3363219
5.3557619
5.3755277
5.3952052
5.4148967
5.4348443
5.4546515
5.4743448
5.4942795
5.5139848
5.5337707
5.5532280
5.5728105
5.5924553
5.6122786
5.6319922
5.6514749
5.6712455
5.6913791
5.7113824
5.7312921
5.7518768
5.7721585
5.7920637
5.8120474
5.8324836
5.8524846
5.8728562
5.8930845
5.9129793
5.9332540
5.9534293
5.9740370
5.9942864
6.0147133
6.0353924
6.0563145
6.0768091
6.0974043
6.1179031
6.1389556
6.1597382
6.1806174
6.2014191
6.2224929
6.2432640
6.2639989
6.2852654
6.3064120
6.3276410
6.3487445
6.3697532
6.3909808
6.4120961
6.4333596
6.4550532
6.4767885
6.4981835
6.5198655
6.5411175
6.5629525
6.5847370
6.6067229
6.6286836
6.6507079
6.6728800
6.6950483
6.7173742
6.7395958
6.7618968
6.7845688
6.8073768
6.8299688
6.8526369
6.8750274
6.8976331
6.9205397
6.9433310
6.9663526
6.9891579
7.0118176
7.0347971
7.0581864
7.0818694
7.1050891
7.1285863
7.1524431
7.1757940
7.1995385
7.2232448
7.2471524
7.2705334
7.2945403
7.3190807
7.3428391
7.3667147
7.3912252
7.4153384
7.4398015
7.4642387
7.4887427
7.5133485
7.5379270
7.5628252
7.5877888
7.6125665
7.6382129
7.6639245
7.6889899
7.7141740
7.7399525
7.7656884
7.7911956
7.8168649
7.8428618
7.8688498
7.8950819
7.9217789
7.9480259
7.9746360
8.0011667
8.0279332
8.0549693
8.0822930
8.1094643
8.1368519
8.1638966
8.1911650
8.2188555
8.2467435
8.2744249
8.3020500
8.3293571
8.3573181
8.3856685
8.4137223
8.4418827
8.4701394
8.4988338
8.5281861
8.5566725
8.5858152
8.6145169
8.6436938
8.6731669
8.7024365
8.7321711
8.7616519
8.7911417
8.8215331
8.8520185
8.8821879
8.9126589
8.9425683
8.9735929
9.0044947
9.0359721
9.0671716
9.0988678
9.1301171
9.1619243
9.1940228
9.2253575
9.2569449
9.2891278
9.3221205
9.3545634
9.3870624
9.4196154
9.4525476
9.4857650
9.5183418
9.5515613
9.5853389
9.6189984
9.6525855
9.6865998
9.7211243
9.7556009
9.7903821
9.8250932
9.8606455
9.8956218
9.9304573
9.9656573
10.001704
10.036679
10.072572
10.108404
10.143869
10.180351
10.216260
10.252616
10.289732
10.326167
10.363629
10.400779
10.438877
10.476386
10.514425
10.551717
10.589810
10.628248
10.666521
10.706047
10.745852
10.784962
10.823925
10.863516
10.903177
10.943559
10.983838
11.024229
11.065801
11.106261
11.146928
11.187986
11.229350
11.270493
11.312614
11.355850
11.398773
11.442466
11.485869
11.528788
11.573222
11.616623
11.660109
11.705126
11.749627
11.793955
11.839236
11.883230
11.928667
11.974579
12.020301
12.066054
12.112148
12.158198
12.205008
12.251766
12.298392
12.345772
12.393269
12.441112
12.489153
12.537316
12.586169
12.635681
12.685179
12.735672
12.786390
12.836808
12.886635
12.937382
12.988496
13.040155
13.091668
13.143803
13.195624
13.248045
13.301176
13.354652
13.407714
13.462000
13.515843
13.569704
13.624370
13.679727
13.735232
13.790539
13.846629
13.903549
13.960935
14.017971
14.075887
14.133489
14.192427
14.251233
14.308947
14.369204
14.428698
14.489286
14.549666
14.610503
14.671496
14.732949
14.794525
14.857162
14.920335
14.982485
15.045309
15.109368
15.172515
15.236887
15.301345
15.366100
15.432695
15.499724
15.565016
15.633249
15.699610
15.767113
15.836624
15.904274
15.973506
16.043124
16.112822
16.182750
16.254139
16.325328
16.396573
16.470358
16.542566
16.615055
16.688571
16.763314
16.836158
16.910206
16.986413
17.061961
17.138172
17.214166
17.292099
17.368684
17.445940
17.524773
17.603900
17.683399
17.762926
17.842243
17.923286
18.004714
18.086565
18.168786
18.252518
18.335741
18.420866
18.504737
18.590432
18.677042
18.762376
18.849098
18.936257
19.026134
19.116241
19.206640
19.298336
19.390568
19.482969
19.573534
19.665083
19.756933
19.850123
19.944430
20.040550
20.135817
20.233287
20.329497
20.427376
20.525066
20.623900
20.723989
20.821850
20.924234
21.026109
21.128317
21.231844
21.335663
21.438928
21.544231
21.651273
21.758849
21.866250
21.975673
22.085728
22.195396
22.305611
22.417318
22.526776
22.641646
22.753837
22.868142
22.985332
23.101528
23.216541
23.334677
23.454421
23.573835
23.693242
23.812233
23.931222
24.053313
24.174932
24.300587
24.425173
24.551630
24.679309
24.805709
24.934653
25.067324
25.197492
25.331074
25.462730
25.594735
25.730052
25.862416
25.999366
26.134303
26.271832
26.408458
26.547989
26.690007
26.831804
26.973749
27.118669
27.263926
27.408836
27.555654
27.704536
27.855188
28.006680
28.158485
28.311535
28.465031
28.619993
28.774362
28.930790
29.087072
29.242162
29.400605
29.564612
29.726377
29.887837
30.054802
30.221643
30.390706
30.559138
30.728723
30.898799
31.068553
31.239176
31.412400
31.587665
31.762311
31.942454
32.122640
32.302380
32.486299
32.668475
32.852879
33.038777
33.227391
33.417930
33.608833
33.799064
33.991385
34.186430
34.383748
34.581524
34.778636
34.975249
35.175444
35.378138
35.579050
35.784434
35.993531
36.203692
36.411608
36.625200
36.840514
37.054681
37.270095
37.492485
37.713440
37.936465
38.160354
38.382658
38.608870
38.837754
39.068561
39.298511
39.533411
39.769799
40.005417
40.245453
40.484500
40.727501
40.971547
41.211682
41.460151
41.709818
41.961454
42.213439
42.466536
42.718736
42.979683
43.238563
43.498817
43.760641
44.026212
44.294552
44.562781
44.839152
45.111863
45.385915
45.660851
45.936721
46.219637
46.503211
46.789732
47.080724
47.371329
47.658718
47.956536
48.248058
48.546995
48.844016
49.147693
49.454095
49.760735
50.069759
50.379777
50.696333
51.012461
51.328506
51.648177
51.974833
52.295155
52.621541
52.954787
53.287953
53.623093
53.962147
54.297026
54.637970
54.974093
55.321291
55.668127
56.021883
56.381867
56.731969
57.091042
57.451293
57.816062
58.181090
58.553886
58.923975
59.298476
59.676069
60.055744
60.436993
60.817347
61.202587
61.597580
61.991806
62.388144
62.787041
63.190119
63.589609
64.000423
64.416510
64.829955
65.242620
65.659233
66.085752
66.510431
66.928942
67.359669
67.791316
68.226978
68.660352
69.094785
69.540577
69.990995
70.438887
70.891708
71.343607
71.799924
72.259782
72.727346
73.198910
73.676475
74.156387
74.636328
75.118908
75.602062
76.089008
76.580097
77.072756
77.564171
78.070398
78.581622
79.088801
79.603804
80.123209
80.636771
81.164516
81.694806
82.221770
82.754918
83.299262
83.837760
84.382086
84.931091
85.484679
86.040699
86.595628
87.159980
87.726881
88.300036
88.876128
89.455183
90.036964
90.622015
91.207263
91.801408
92.392925
92.995456
93.603645
94.211132
94.822033
95.438306
96.071739
96.704139
97.342661
97.958682
98.593724
99.227010
99.878514
100.53290
101.18906
101.84302
102.50152
103.17148
103.84362
104.51853
105.19958
105.88538
106.57647
107.27262
107.96947
108.67701
109.38499
110.08796
110.80122
111.52979
112.27560
112.99411
113.72039
114.45812
115.20198
115.94366
116.69371
117.44349
118.21252
118.97922
119.75459
120.53281
121.32381
122.09863
122.90399
123.69989
124.49628
125.31606
126.13022
126.95491
127.79000
128.61383
129.44810
130.27517
131.10984
131.95248
132.80820
133.67588
134.53426
135.40915
136.28931
137.17202
138.05807
138.94846
139.85647
140.75714
141.66466
142.57679
143.48871
144.42025
145.34273
146.28672
147.22703
148.16340
149.11712
150.07611
151.02216
151.99975
152.97973
153.98138
154.97130
155.99662
156.99682
157.99843
159.01156
160.04197
161.07387
162.11268
163.18829
164.23586
165.30614
166.35539
167.44929
168.52384
169.62062
170.71948
171.80707
172.89390
173.98770
175.09746
176.22904
177.35119
178.49881
179.66815
180.82859
181.97986
183.12105
184.28730
185.48496
186.67682
187.87260
189.08802
190.28642
191.50825
192.72311
193.94553
195.18227
196.42595
197.70468
198.96298
200.25309
201.53813
202.83722
204.13864
205.44659
206.77270
208.11373
209.42988
210.78967
212.15871
213.52637
214.91633
216.29656
217.66918
219.05998
220.46330
221.87845
223.31453
224.74040
226.21207
227.66481
229.13312
230.59082
232.07997
233.57336
235.07954
236.59017
238.16491
239.70733
241.22928
242.80113
244.35617
245.93917
247.55542
249.14170
250.75432
252.37586
254.02054
255.70731
257.36162
259.02931
260.73808
262.44467
264.14860
265.85567
267.56230
269.32829
271.06835
272.84244
274.61447
276.39231
278.22966
280.07750
281.92309
283.78016
285.63795
287.50597
289.39889
291.32656
293.25025
295.19637
297.11309
299.09889
301.06744
303.02195
305.00545
307.04165
309.08503
311.15524
313.23597
315.37021
317.47642
319.62334
321.76759
323.93250
326.09688
328.29426
330.49855
332.73276
334.99987
337.30812
339.62023
341.95669
344.29524
346.62484
348.99889
351.34656
353.75958
356.19068
358.62168
361.10149
363.58302
366.10514
368.63905
371.17422
373.75922
376.35167
378.96923
381.61733
384.27643
386.93520
389.63467
392.35415
395.10757
397.90560
400.76393
403.64443
406.53997
409.52326
412.50468
415.44114
418.50627
421.55990
424.71999
427.83573
430.98757
434.22477
437.47121
440.79780
444.12386
447.49788
450.92257
454.35238
457.91640
461.51978
465.11025
468.72032
472.38230
476.09044
479.85212
483.60694
487.41580
491.25559
495.30714
499.37846
503.52634
507.66024
511.94090
516.25014
520.61736
525.20989
529.75198
534.36991
539.09691
543.90002
548.73166
553.62845
558.53453
563.59933
568.65189
573.90673
579.26101
584.69700
590.22797
595.89372
601.73986
607.89402
614.17409
620.55916
627.24389
634.21607
641.50502
649.05827
656.95856
664.88425
673.51504
682.29192
691.70001
701.68698
712.02829
724.17679
737.24137
752.95658
776.37875
