1.3805720
1.7496149
2.0019008
2.1980407
2.3639567
2.5087572
2.6406832
2.7620943
2.8738266
2.9802326
3.0773164
3.1721423
3.2612900
3.3443924
3.4250418
3.5042303
3.5805403
3.6539196
3.7256867
3.7953741
3.8634533
3.9297588
3.9946251
4.0584352
4.1205419
4.1819414
4.2412904
4.3002633
4.3571992
4.4125174
4.4676848
4.5229942
4.5766668
4.6297081
4.6810196
4.7334980
4.7840525
4.8332681
4.8834854
4.9320900
4.9810046
5.0294737
5.0770609
5.1237779
5.1701847
5.2160375
5.2613200
5.3069593
5.3511094
5.3955516
5.4390793
5.4822588
5.5248896
5.5679345
5.6104501
5.6521615
5.6939873
5.7352637
5.7762380
5.8168771
5.8581931
5.8978832
5.9377889
5.9769643
6.0158416
6.0548777
6.0943110
6.1324399
6.1708839
6.2092290
6.2470472
6.2855487
6.3224631
6.3598518
6.3967890
6.4340577
6.4704637
6.5073140
6.5442160
6.5796537
6.6156210
6.6527376
6.6886748
6.7241100
6.7592798
6.7946828
6.8298192
6.8645305
6.8994037
6.9337273
6.9672940
7.0019760
7.0360565
7.0705245
7.1047951
7.1384961
7.1717944
7.2052778
7.2389772
7.2715368
7.3045121
7.3376356
7.3708716
7.4039537
7.4361711
7.4685657
7.5008143
7.5334050
7.5649635
7.5966199
7.6289338
7.6609749
7.6925167
7.7246580
7.7564605
7.7882200
7.8195449
7.8514127
7.8820799
7.9135099
7.9447421
7.9757583
8.0071468
8.0383914
8.0691438
8.0998438
8.1306370
8.1614058
8.1920216
8.2219597
8.2522297
8.2821312
8.3120210
8.3421545
8.3724485
8.4030298
8.4333250
8.4633854
8.4932865
8.5230535
8.5524813
8.5822937
8.6116690
8.6407606
8.6691539
8.6984713
8.7275827
8.7566250
8.7859107
8.8148623
8.8435386
8.8719558
8.9003455
8.9285832
8.9573105
8.9861939
9.0149153
9.0432823
9.0712294
9.0992079
9.1274871
9.1560898
9.1845720
9.2122301
9.2400891
9.2677700
9.2954941
9.3234963
9.3509848
9.3784302
9.4067478
9.4343147
9.4616582
9.4892716
9.5165530
9.5437931
9.5716116
9.5991690
9.6271279
9.6545372
9.6819203
9.7094238
9.7363512
9.7639863
9.7915833
9.8182099
9.8452436
9.8723168
9.8992698
9.9267217
9.9537636
9.9803132
10.007719
10.034195
10.060457
10.087442
10.113694
10.140085
10.167106
10.193873
10.220604
10.247247
10.273776
10.300271
10.326319
10.352612
10.379086
10.405333
10.431955
10.457956
10.484470
10.510384
10.536201
10.562604
10.588839
10.614850
10.640668
10.666721
10.692708
10.718407
10.744195
10.770174
10.795886
10.821810
10.847628
10.873492
10.898841
10.924970
10.950840
10.976699
11.002391
11.028155
11.053781
11.079052
11.104952
11.130247
11.155569
11.180671
11.205554
11.230614
11.255926
11.281607
11.307453
11.333146
11.358338
11.383283
11.408126
11.433252
11.458171
11.483212
11.508727
11.533844
11.559107
11.584466
11.609665
11.634865
11.659631
11.684442
11.709190
11.733804
11.758876
11.783366
11.808044
11.833200
11.857996
11.882957
11.907802
11.932512
11.957040
11.981753
12.007059
12.031886
12.056400
12.081190
12.105609
12.130547
12.155103
12.179798
12.204356
12.229037
12.253487
12.277988
12.302619
12.327054
12.351874
12.376326
12.401054
12.425076
12.449797
12.474238
12.498186
12.522127
12.547168
12.571155
12.595309
12.619360
12.642998
12.667339
12.691393
12.715943
12.740009
12.763607
12.787741
12.812341
12.836596
12.860567
12.884680
12.908884
12.932859
12.956754
12.980525
13.004186
13.028180
13.052123
13.076156
13.100143
13.123890
13.147768
13.171594
13.195470
13.219342
13.243007
13.266800
13.290774
13.314604
13.338587
13.362828
13.386898
13.410573
13.434707
13.458762
13.482550
13.506468
13.530040
13.553520
13.576924
13.600573
13.624237
13.648142
13.671948
13.695690
13.719184
13.742663
13.766519
13.789930
13.813237
13.836921
13.860406
13.884181
13.907925
13.931560
13.955154
13.978793
14.002529
14.025987
14.049579
14.073418
14.096857
14.120450
14.144033
14.167613
14.191328
14.214530
14.237507
14.261159
14.284557
14.308094
14.331526
14.354972
14.378562
14.401627
14.425215
14.448673
14.471700
14.494615
14.517556
14.540925
14.564388
14.587512
14.610658
14.633941
14.657719
14.680717
14.703819
14.727017
14.750108
14.773159
14.796800
14.820203
14.843211
14.866348
14.889902
14.913448
14.936671
14.959854
14.983171
15.006660
15.029517
15.052233
15.075636
15.098510
15.122018
15.144804
15.168263
15.191279
15.214187
15.237450
15.260795
15.283869
15.307363
15.330742
15.353862
15.377069
15.399971
15.422916
15.445597
15.468814
15.491743
15.514770
15.537196
15.559804
15.583396
15.606406
15.629233
15.652040
15.675156
15.698249
15.720754
15.743925
15.766897
15.789722
15.812307
15.835009
15.857886
15.880605
15.903537
15.926209
15.949232
15.972692
15.995493
16.018588
16.041218
16.064107
16.086554
16.109521
16.132350
16.155629
16.178317
16.201097
16.223846
16.246553
16.269191
16.291958
16.314586
16.337238
16.359937
16.382599
16.405470
16.428259
16.450569
16.473691
16.496265
16.518990
16.542116
16.564750
16.587739
16.610561
16.633625
16.656044
16.678900
16.701550
16.724483
16.747244
16.769992
16.792512
16.815019
16.837372
16.860001
16.882480
16.905303
16.927809
16.950432
16.973285
16.995767
17.018420
17.041106
17.063478
17.086337
17.109072
17.131482
17.154506
17.176839
17.199163
17.221650
17.244513
17.266786
17.289261
17.311908
17.334193
17.356674
17.379651
17.402591
17.425068
17.447604
17.470303
17.492834
17.515279
17.537943
17.560679
17.583029
17.605874
17.628471
17.650876
17.673398
17.696331
17.718666
17.740850
17.763864
17.786483
17.808802
17.831373
17.853589
17.876186
17.898431
17.921080
17.943396
17.966002
17.988518
18.010941
18.033127
18.055577
18.078300
18.100424
18.123196
18.145594
18.167917
18.190628
18.213001
18.235402
18.258276
18.280744
18.303225
18.325779
18.348565
18.371049
18.393263
18.415691
18.437838
18.460077
18.482548
18.505087
18.527349
18.549824
18.572348
18.594667
18.616759
18.639258
18.661766
18.684325
18.706590
18.728971
18.751097
18.773739
18.796168
18.818722
18.841293
18.863646
18.886040
18.908438
18.930597
18.952473
18.975075
18.997059
19.019507
19.042255
19.064792
19.087188
19.109406
19.131734
19.154161
19.176602
19.199165
19.221542
19.244205
19.266416
19.289043
19.311734
19.333880
19.356480
19.378558
19.401553
19.423842
19.445980
19.468723
19.491251
19.513627
19.536012
19.558564
19.580917
19.603008
19.625374
19.647850
19.670508
19.692877
19.715622
19.737830
19.760121
19.782930
19.805493
19.828237
19.850426
19.872755
19.894856
19.917217
19.939294
19.961547
19.983788
20.006242
20.028717
20.051337
20.073652
20.095734
20.118195
20.140521
20.162968
20.185341
20.207216
20.229750
20.252389
20.274545
20.297229
20.319609
20.341850
20.363583
20.386032
20.408632
20.430804
20.453636
20.475909
20.498298
20.521175
20.543571
20.566098
20.588319
20.611013
20.633290
20.655846
20.678050
20.700845
20.723102
20.745386
20.768089
20.790832
20.813635
20.836078
20.858200
20.880288
20.902475
20.924881
20.947360
20.969976
20.992152
21.014391
21.036477
21.058871
21.081465
21.103932
21.126290
21.148711
21.171271
21.193376
21.215577
21.238028
21.260223
21.282765
21.305142
21.327529
21.350118
21.372713
21.394930
21.417090
21.439621
21.462052
21.484754
21.507191
21.529517
21.551550
21.573814
21.596292
21.618535
21.640979
21.663451
21.685963
21.708240
21.730359
21.752547
21.774892
21.797295
21.819638
21.841872
21.864230
21.886857
21.909380
21.932257
21.954661
21.977101
21.999560
22.021460
22.043414
22.065873
22.088200
22.110763
22.133102
22.155265
22.177420
22.199636
22.222016
22.244419
22.267218
22.289431
22.312083
22.334049
22.356698
22.379409
22.401661
22.424415
22.447103
22.469562
22.491783
22.514401
22.536795
22.559265
22.581710
22.604335
22.626655
22.649053
22.671823
22.694051
22.716479
22.739002
22.761629
22.784309
22.806410
22.828658
22.850930
22.873444
22.895734
22.918315
22.941029
22.963490
22.985959
23.008679
23.031491
23.053720
23.076286
23.098713
23.120974
23.143234
23.165791
23.188388
23.210974
23.233310
23.255757
23.278380
23.300475
23.322722
23.345322
23.367928
23.390221
23.412885
23.435059
23.457692
23.479977
23.502544
23.524907
23.547416
23.570314
23.592437
23.615052
23.637416
23.660192
23.682560
23.705376
23.727974
23.749988
23.772804
23.794674
23.817299
23.839903
23.862630
23.884816
23.907156
23.929839
23.952660
23.974811
23.997627
24.020518
24.043003
24.066079
24.088550
24.110823
24.133064
24.155847
24.178400
24.201103
24.224033
24.246674
24.269604
24.292342
24.315042
24.337762
24.360464
24.383086
24.405508
24.427913
24.450148
24.472639
24.494982
24.517853
24.540015
24.562701
24.585106
24.607667
24.630201
24.652988
24.675535
24.697824
24.719819
24.742513
24.765033
24.787850
24.810334
24.833167
24.855878
24.878475
24.901403
24.924208
24.946555
24.968664
24.990883
25.013711
25.036017
25.058397
25.080685
25.103388
25.125898
25.148483
25.171439
25.194222
25.216771
25.239274
25.262274
25.284880
25.307684
25.330004
25.352573
25.375840
25.398451
25.421058
25.443758
25.466701
25.489391
25.512128
25.535094
25.557746
25.580691
25.603298
25.625975
25.648780
25.671491
25.694414
25.717181
25.740141
25.762521
25.785063
25.807743
25.830460
25.853197
25.876126
25.898979
25.921795
25.944429
25.966750
25.989400
26.012166
26.035330
26.058047
26.080822
26.103467
26.126613
26.149809
26.172783
26.195364
26.218556
26.241445
26.264134
26.286939
26.309705
26.332992
26.355787
26.378500
26.401540
26.424381
26.446953
26.469570
26.492517
26.515222
26.538173
26.561225
26.583798
26.606174
26.629221
26.652265
26.675229
26.698309
26.721084
26.744037
26.767251
26.790440
26.813435
26.835983
26.859156
26.882321
26.905559
26.928117
26.950784
26.973186
26.996252
27.019261
27.042367
27.065090
27.088248
27.111019
27.133714
27.156536
27.179427
27.202309
27.224938
27.247829
27.270401
27.293210
27.316166
27.339300
27.362111
27.385311
27.408269
27.431215
27.454474
27.477195
27.500247
27.523256
27.546210
27.569097
27.591632
27.614721
27.637470
27.660201
27.683742
27.706818
27.730247
27.752979
27.775933
27.799037
27.822174
27.844771
27.867923
27.890978
27.913880
27.937186
27.960289
27.983536
28.006867
28.030097
28.053594
28.077317
28.099998
28.123114
28.146096
28.169303
28.192325
28.215358
28.238828
28.262005
28.285358
28.308406
28.331753
28.354925
28.377872
28.400711
28.424217
28.447270
28.470551
28.494209
28.517397
28.540431
28.564172
28.587217
28.610204
28.633249
28.656813
28.680081
28.703141
28.726698
28.749714
28.772997
28.796042
28.819557
28.842647
28.865899
28.888975
28.912359
28.935306
28.959116
28.981978
29.005549
29.028591
29.051393
29.074948
29.098357
29.121407
29.144758
29.167497
29.190460
29.213406
29.236602
29.259837
29.283433
29.306818
29.330196
29.353925
29.377153
29.400660
29.423650
29.446741
29.470321
29.493551
29.516829
29.540354
29.563577
29.586575
29.610122
29.633567
29.657326
29.680507
29.704193
29.727096
29.750706
29.774163
29.797491
29.821040
29.844711
29.868099
29.891387
29.914841
29.938178
29.961470
29.984648
30.008210
30.031143
30.054771
30.078627
30.102043
30.125355
30.148764
30.172178
30.195553
30.219011
30.242633
30.266263
30.289809
30.313156
30.335910
30.359832
30.383657
30.407087
30.430589
30.453954
30.477870
30.501291
30.524529
30.548293
30.571866
30.595857
30.619442
30.643039
30.666162
30.689756
30.713098
30.736536
30.760052
30.783369
30.806519
30.829852
30.853352
30.877073
30.900581
30.924259
30.947955
30.971372
30.995256
31.019023
31.042541
31.066064
31.089607
31.113287
31.136973
31.160565
31.184495
31.208794
31.232756
31.256572
31.280690
31.304687
31.328624
31.352195
31.375699
31.399095
31.422845
31.446578
31.469983
31.493728
31.517586
31.541319
31.565288
31.588920
31.613077
31.636698
31.660658
31.683953
31.707887
31.731646
31.755785
31.779413
31.803285
31.826755
31.850633
31.874448
31.898732
31.922308
31.946140
31.969698
31.993813
32.017673
32.041708
32.065571
32.089471
32.113517
32.137358
32.161683
32.185877
32.210089
32.233705
32.257544
32.281496
32.305471
32.329070
32.352927
32.376240
32.399588
32.423191
32.447302
32.471723
32.495669
32.519817
32.544018
32.567934
32.592469
32.616428
32.640077
32.664391
32.688633
32.712332
32.736522
32.760454
32.784905
32.809073
32.832919
32.857025
32.881241
32.905226
32.929108
32.952938
32.977082
33.001117
33.025347
33.048948
33.073269
33.097229
33.121415
33.145470
33.169681
33.193488
33.217447
33.241426
33.265943
33.290043
33.314220
33.338680
33.363284
33.387893
33.412206
33.436163
33.460515
33.484350
33.508891
33.533234
33.557810
33.581890
33.606385
33.630901
33.655250
33.679154
33.703134
33.727258
33.751651
33.776106
33.800389
33.824583
33.849379
33.873778
33.898366
33.922954
33.947604
33.971623
33.995443
34.019924
34.044117
34.068468
34.093143
34.117459
34.142059
34.166350
34.191072
34.215336
34.239884
34.264134
34.288313
34.312495
34.337110
34.361471
34.385752
34.410184
34.434742
34.459280
34.483422
34.508064
34.532400
34.556696
34.581291
34.605752
34.630245
34.654559
34.678465
34.702859
34.727411
34.751636
34.776189
34.800181
34.824585
34.848809
34.873148
34.897485
34.921534
34.945913
34.970751
34.994774
35.019498
35.044045
35.068940
35.093412
35.118027
35.142614
35.167377
35.192027
35.217025
35.241586
35.266288
35.290862
35.315263
35.339491
35.363908
35.388282
35.413450
35.437640
35.461636
35.486538
35.511333
35.536044
35.561038
35.585714
35.609989
35.634843
35.659073
35.683686
35.708682
35.733286
35.757891
35.782698
35.808181
35.833099
35.858060
35.882564
35.907127
35.931433
35.956448
35.980983
36.005964
36.030813
36.055562
36.080351
36.104854
36.129415
36.154561
36.179478
36.204199
36.228860
36.254224
36.278919
36.303580
36.328393
36.353082
36.378232
36.403287
36.427770
36.452326
36.477190
36.502161
36.527267
36.552769
36.577278
36.602448
36.627263
36.652154
36.676541
36.701478
36.726584
36.751822
36.776259
36.801179
36.826348
36.850925
36.875955
36.900737
36.925935
36.950625
36.975441
36.999946
37.024864
37.049681
37.074448
37.099159
37.124369
37.149031
37.174469
37.199472
37.224673
37.250184
37.275332
37.300147
37.325085
37.350523
37.375701
37.400813
37.426000
37.451169
37.476526
37.501589
37.526167
37.551476
37.576879
37.601616
37.626955
37.651865
37.677200
37.702153
37.727251
37.752482
37.777986
37.803353
37.828437
37.853615
37.878859
37.904217
37.929844
37.955092
37.980372
38.005393
38.030916
38.056004
38.081038
38.106706
38.132018
38.157620
38.182962
38.208478
38.233621
38.259109
38.284146
38.309440
38.334433
38.360025
38.385596
38.411476
38.436903
38.462317
38.487335
38.512663
38.538233
38.563817
38.589694
38.614875
38.640187
38.665916
38.691199
38.716638
38.741696
38.767612
38.793082
38.818702
38.843947
38.869772
38.895461
38.920796
38.946876
38.972627
38.998294
39.024034
39.049181
39.074621
39.100093
39.126062
39.151824
39.177183
39.202329
39.227753
39.253721
39.279769
39.305266
39.330679
39.356572
39.382196
39.408016
39.433708
39.459338
39.485011
39.510708
39.536480
39.562057
39.587613
39.613118
39.638816
39.664705
39.690474
39.716495
39.742019
39.768052
39.794135
39.820606
39.846214
39.872116
39.898068
39.923468
39.949811
39.975591
40.001999
40.027729
40.053997
40.079726
40.105549
40.131567
40.157403
40.182785
40.208856
40.234923
40.260630
40.286477
40.312290
40.338603
40.364377
40.390416
40.416410
40.442648
40.468457
40.494679
40.520758
40.546816
40.572722
40.598504
40.624714
40.650647
40.676538
40.702429
40.728088
40.754075
40.780306
40.805916
40.831701
40.858087
40.884196
40.909912
40.935942
40.961908
40.987681
41.013721
41.039880
41.065814
41.092033
41.117977
41.143954
41.169548
41.195502
41.222065
41.247835
41.273781
41.300328
41.326601
41.353072
41.379206
41.405150
41.431373
41.457578
41.484038
41.510448
41.536427
41.562922
41.589126
41.614983
41.640735
41.667144
41.693303
41.719648
41.746721
41.772933
41.799544
41.825813
41.852275
41.878597
41.905408
41.931741
41.958214
41.984616
42.011065
42.037171
42.063445
42.089748
42.116139
42.142022
42.168166
42.194444
42.220757
42.247475
42.273871
42.300198
42.326416
42.353284
42.380201
42.406417
42.432749
42.459853
42.486317
42.512921
42.539674
42.566099
42.592483
42.619493
42.646010
42.672408
42.699163
42.725722
42.752275
42.779003
42.805387
42.832371
42.858747
42.884879
42.911491
42.938386
42.964980
42.992047
43.018617
43.045100
43.071815
43.099051
43.125817
43.152380
43.179291
43.206024
43.232485
43.259184
43.285865
43.312487
43.339381
43.366081
43.392971
43.419977
43.446540
43.472943
43.499920
43.526656
43.553682
43.580553
43.607091
43.633955
43.661246
43.688272
43.715034
43.741632
43.768640
43.795549
43.822300
43.849027
43.875986
43.902806
43.929853
43.956814
43.983170
44.010277
44.036841
44.063519
44.090260
44.117354
44.144784
44.171530
44.198350
44.225446
44.252576
44.279965
44.307092
44.333945
44.360733
44.387444
44.414368
44.441118
44.467799
44.494697
44.521847
44.549000
44.575982
44.602985
44.629743
44.656972
44.684243
44.710915
44.737953
44.765578
44.792401
44.819494
44.846505
44.874308
44.901762
44.929495
44.957062
44.984288
45.011367
45.038706
45.065970
45.093305
45.120412
45.147690
45.175500
45.203272
45.230883
45.258085
45.285327
45.312941
45.340100
45.367134
45.394627
45.421941
45.449525
45.477213
45.504170
45.531757
45.559351
45.586848
45.614314
45.641941
45.669188
45.696841
45.724116
45.751306
45.778793
45.806355
45.834244
45.861734
45.889165
45.916408
45.944131
45.971723
45.999960
46.027434
46.055018
46.082544
46.110244
46.137601
46.165600
46.192651
46.220041
46.247820
46.275454
46.302927
46.330344
46.357974
46.385522
46.413417
46.441166
46.469158
46.496798
46.524636
46.552253
46.580347
46.607963
46.635559
46.663207
46.690928
46.718578
46.746443
46.774076
46.801769
46.829600
46.857426
46.885370
46.912934
46.940472
46.967978
46.996187
47.024241
47.051988
47.079643
47.107576
47.135404
47.163622
47.191634
47.219367
47.247176
47.275311
47.303611
47.331603
47.359719
47.387950
47.416190
47.443937
47.472124
47.500125
47.528000
47.555827
47.583543
47.611234
47.639245
47.667795
47.696132
47.724436
47.752552
47.781124
47.809349
47.838184
47.865887
47.893524
47.921898
47.949919
47.977874
48.006019
48.033975
48.061874
48.089991
48.117912
48.146129
48.174825
48.203680
48.232276
48.260536
48.288860
48.316944
48.345551
48.373804
48.402158
48.430386
48.458288
48.486327
48.514532
48.542949
48.571095
48.599626
48.627842
48.656154
48.684683
48.713594
48.742001
48.770432
48.798862
48.827512
48.855571
48.884026
48.912673
48.940909
48.969584
48.997986
49.026275
49.054870
49.083698
49.111968
49.140774
49.169429
49.197459
49.225834
49.254085
49.283044
49.311585
49.339878
49.368411
49.396723
49.425163
49.453774
49.482583
49.511236
49.540046
49.568027
49.596369
49.625203
49.653609
49.682639
49.710886
49.739635
49.768394
49.797157
49.826031
49.854701
49.883180
49.911512
49.940131
49.969459
49.997925
50.026266
50.054548
50.083593
50.112372
50.141639
50.170769
50.199933
50.228680
50.257680
50.286449
50.315385
50.344288
50.373140
50.401918
50.430568
50.459607
50.488914
50.517396
50.546122
50.574934
50.604038
50.632803
50.662095
50.690907
50.720685
50.749910
50.779461
50.808421
50.837620
50.866727
50.895692
50.924867
50.954436
50.983752
51.013467
51.042102
51.071437
51.100609
51.129788
51.159314
51.188064
51.217265
51.246227
51.275441
51.305036
51.334164
51.363620
51.392556
51.421345
51.450667
51.479869
51.509218
51.538408
51.567369
51.597067
51.625807
51.655137
51.684316
51.713716
51.742943
51.772316
51.801443
51.831044
51.860040
51.889390
51.918693
51.948023
51.977374
52.007137
52.036553
52.065813
52.095132
52.124025
52.153712
52.183743
52.213742
52.243177
52.273039
52.302441
52.332255
52.362120
52.391946
52.421356
52.450664
52.480579
52.510562
52.540408
52.570227
52.599730
52.629381
52.659192
52.688750
52.718687
52.748556
52.777683
52.807096
52.836589
52.866175
52.896011
52.925861
52.956321
52.986138
53.015864
53.046021
53.075445
53.105253
53.135250
53.165227
53.195134
53.224733
53.254672
53.284697
53.314843
53.344725
53.374530
53.404545
53.434173
53.464442
53.494279
53.524524
53.554113
53.584480
53.614980
53.644437
53.673910
53.704030
53.733400
53.763559
53.793587
53.823778
53.853806
53.884048
53.914229
53.944576
53.975025
54.005143
54.035134
54.065939
54.095501
54.125767
54.156197
54.186136
54.216315
54.246655
54.276982
54.306972
54.337568
54.368157
54.398944
54.429246
54.459577
54.490286
54.520486
54.550783
54.581634
54.611930
54.642523
54.672842
54.703393
54.734089
54.765004
54.795295
54.825757
54.855885
54.885938
54.916656
54.946940
54.977390
55.007894
55.038839
55.069566
55.099884
55.130536
55.161854
55.192738
55.223240
55.253558
55.284451
55.315262
55.345676
55.376113
55.406217
55.437531
55.468544
55.499359
55.530290
55.561004
55.591829
55.622187
55.652342
55.683468
55.714158
55.745588
55.776543
55.807375
55.838207
55.869571
55.900702
55.931804
55.962344
55.992848
56.023807
56.054491
56.085956
56.117015
56.147913
56.178414
56.209672
56.240994
56.271845
56.302689
56.333787
56.364739
56.395222
56.425881
56.457545
56.489322
56.520394
56.551777
56.582854
56.614242
56.645463
56.676940
56.707941
56.739745
56.771620
56.802655
56.834068
56.865366
56.896168
56.927537
56.958334
56.988992
57.019856
57.051434
57.082944
57.114348
57.146001
57.177310
57.208255
57.239496
57.270758
57.302325
57.333416
57.364795
57.395566
57.427021
57.458326
57.489881
57.520854
57.551521
57.583280
57.614833
57.646027
57.677816
57.708793
57.740694
57.772672
57.803716
57.835012
57.866472
57.898723
57.930694
57.962320
57.993527
58.025371
58.056967
58.088274
58.119602
58.151119
58.182836
58.214269
58.246145
58.277490
58.309254
58.340450
58.372385
58.403832
58.435397
58.466891
58.498447
58.529955
58.561437
58.593483
58.626012
58.658029
58.690030
58.721703
58.753743
58.784857
58.816826
58.848760
58.880739
58.912619
58.944802
58.976253
59.008196
59.040052
59.072033
59.103843
59.135545
59.167596
59.199588
59.232537
59.264497
59.296303
59.328039
59.360000
59.392909
59.425353
59.457295
59.489728
59.521909
59.554500
59.586377
59.618751
59.651162
59.683018
59.715307
59.747910
59.780621
59.812942
59.845676
59.878360
59.911010
59.943120
59.975248
60.007802
60.039808
60.072679
60.105309
60.137659
60.170106
60.202321
60.234585
60.267059
60.299461
60.332185
60.364536
60.396978
60.429812
60.461987
60.493863
60.526370
60.559068
60.591926
60.624343
60.657021
60.689936
60.722389
60.755452
60.788260
60.820371
60.852880
60.885289
60.918379
60.951342
60.984685
61.017075
61.049968
61.082436
61.115318
61.147395
61.179766
61.213086
61.245224
61.277637
61.310562
61.343423
61.376243
61.409225
61.441956
61.474781
61.507847
61.540952
61.574423
61.607344
61.640138
61.673566
61.706174
61.739001
61.771973
61.804880
61.837934
61.871269
61.904409
61.937161
61.971091
62.004565
62.037686
62.071189
62.104591
62.137734
62.170623
62.203577
62.237045
62.269973
62.303436
62.336910
62.370997
62.403726
62.436472
62.469111
62.502665
62.535812
62.569274
62.602771
62.636160
62.668944
62.702325
62.735366
62.769085
62.802814
62.836172
62.869786
62.903579
62.937345
62.971298
63.004431
63.038328
63.071973
63.106099
63.139864
63.173867
63.207489
63.240642
63.274330
63.307807
63.341185
63.374600
63.407881
63.441374
63.475306
63.509215
63.543419
63.576658
63.610853
63.644329
63.678025
63.711298
63.744795
63.779216
63.812796
63.846903
63.880562
63.914791
63.948455
63.982203
64.016150
64.049732
64.083689
64.117564
64.151424
64.185601
64.219487
64.253579
64.287892
64.322146
64.356535
64.390138
64.423953
64.458349
64.491962
64.525832
64.560126
64.594470
64.628652
64.662951
64.697104
64.731371
64.765294
64.798953
64.833602
64.867294
64.901075
64.934953
64.969710
65.004240
65.038921
65.073120
65.107561
65.141888
65.176056
65.210265
65.244876
65.279032
65.313439
65.347891
65.383186
65.417312
65.451053
65.485733
65.520009
65.554238
65.588755
65.623274
65.657726
65.693145
65.727430
65.761677
65.796256
65.830861
65.865684
65.899993
65.934800
65.968941
66.003881
66.038388
66.073749
66.108270
66.142799
66.177442
66.212211
66.246663
66.281508
66.315830
66.350503
66.385281
66.419761
66.454692
66.488884
66.523496
66.558752
66.593916
66.628584
66.664250
66.698729
66.733105
66.768054
66.802950
66.837824
66.872587
66.907623
66.942516
66.977699
67.012392
67.046835
67.082630
67.117997
67.152832
67.188411
67.224331
67.259365
67.294260
67.329392
67.364632
67.399850
67.435248
67.470434
67.505762
67.541415
67.576909
67.612516
67.647626
67.683255
67.718701
67.754284
67.789632
67.824907
67.860282
67.896358
67.931518
67.967498
68.003321
68.039027
68.073960
68.108221
68.143632
68.179525
68.214934
68.249617
68.284839
68.320488
68.356197
68.391071
68.426399
68.461954
68.497834
68.533661
68.568990
68.605222
68.641023
68.676603
68.712778
68.748670
68.784913
68.820859
68.857181
68.893619
68.929839
68.965300
69.000821
69.036964
69.073344
69.108569
69.144409
69.180907
69.216766
69.252773
69.289022
69.324557
69.361246
69.397778
69.433635
69.470372
69.506708
69.542905
69.579025
69.615296
69.651254
69.686323
69.722297
69.758608
69.794666
69.831403
69.868065
69.904274
69.940661
69.975990
70.012355
70.048579
70.085146
70.121518
70.158358
70.194735
70.231388
70.267510
70.302971
70.339315
70.375570
70.412176
70.448815
70.485449
70.522179
70.558645
70.594828
70.632173
70.668522
70.705642
70.741974
70.778772
70.816001
70.852954
70.889625
70.926803
70.963812
71.000528
71.037639
71.074506
71.110986
71.147156
71.184597
71.221174
71.258102
71.295162
71.332779
71.369531
71.406009
71.442978
71.479601
71.516188
71.553546
71.590970
71.628339
71.664687
71.701396
71.739403
71.776311
71.813883
71.850840
71.887763
71.924856
71.961806
71.999587
72.036798
72.073891
72.111052
72.148469
72.185703
72.223002
72.259514
72.296902
72.334122
72.371895
72.409223
72.446292
72.484391
72.521933
72.559638
72.596906
72.633885
72.671680
72.709376
72.746337
72.783606
72.820513
72.858553
72.895933
72.933859
72.971231
73.008790
73.046297
73.084124
73.121438
73.159153
73.196112
73.233740
73.270632
73.308426
73.345755
73.382681
73.421171
73.458883
73.496424
73.533820
73.571462
73.609746
73.647384
73.685042
73.723156
73.760848
73.798528
73.836015
73.874348
73.912114
73.950407
73.988560
74.026366
74.064452
74.102396
74.140897
74.179331
74.216764
74.254834
74.293147
74.331631
74.369627
74.407495
74.445314
74.483715
74.522450
74.559974
74.597716
74.635810
74.674396
74.713437
74.751447
74.790299
74.828772
74.867211
74.905636
74.944175
74.982335
75.020508
75.059026
75.097278
75.135604
75.174020
75.212604
75.251469
75.289802
75.328013
75.366219
75.404249
75.442655
75.480908
75.518989
75.557141
75.595176
75.633861
75.672229
75.711475
75.749467
75.789248
75.828178
75.867675
75.906589
75.945746
75.984302
76.023162
76.062121
76.100689
76.140769
76.179471
76.219188
76.257645
76.296093
76.334891
76.373587
76.412919
76.451992
76.491299
76.530113
76.569402
76.608684
76.648168
76.687342
76.726703
76.766696
76.805085
76.844513
76.883110
76.922959
76.962272
77.001448
77.041012
77.079898
77.118584
77.158454
77.198632
77.238192
77.278270
77.317770
77.357377
77.397155
77.436503
77.476148
77.515744
77.554896
77.594824
77.634691
77.675017
77.714683
77.754865
77.794385
77.834394
77.874299
77.913246
77.953159
77.992743
78.032383
78.072500
78.112317
78.152057
78.191406
78.231339
78.271441
78.310886
78.350587
78.390227
78.430095
78.469825
78.509399
78.549025
78.588861
78.629005
78.668569
78.708497
78.747793
78.788366
78.828643
78.869225
78.909252
78.949957
78.989616
79.030070
79.071111
79.110933
79.151623
79.191605
79.231869
79.272683
79.313455
79.353241
79.394122
79.434490
79.474477
79.514990
79.555634
79.595082
79.635327
79.675929
79.716887
79.757069
79.797547
79.838262
79.878304
79.919142
79.960957
80.001869
80.042180
80.083210
80.124248
80.165065
80.205245
80.245757
80.286844
80.327860
80.368625
80.409505
80.450516
80.490763
80.531607
80.572985
80.613092
80.653322
80.693962
80.734139
80.774903
80.815911
80.857162
80.898392
80.938785
80.978900
81.020188
81.061407
81.102054
81.144088
81.184676
81.225584
81.267274
81.309198
81.350016
81.391864
81.434575
81.475981
81.517579
81.558238
81.600050
81.641627
81.682774
81.724268
81.766111
81.808079
81.849978
81.891418
81.932855
81.974138
82.015882
82.057820
82.099971
82.141856
82.183141
82.225971
82.266688
82.307960
82.349940
82.391740
82.433663
82.475712
82.517544
82.559455
82.601270
82.643564
82.685730
82.727215
82.769033
82.810645
82.852654
82.894909
82.935956
82.977417
83.019521
83.062070
83.104259
83.146634
83.188985
83.230046
83.271527
83.313745
83.355611
83.398044
83.440366
83.482225
83.524619
83.567289
83.609183
83.650830
83.693872
83.735387
83.778011
83.819657
83.863056
83.904768
83.947064
83.988899
84.031148
84.074206
84.116456
84.159957
84.201905
84.244756
84.287229
84.330044
84.372897
84.415612
84.458350
84.500466
84.543670
84.585921
84.628840
84.671330
84.714042
84.757194
84.799887
84.842442
84.885980
84.929667
84.972910
85.015563
85.058737
85.102155
85.145322
85.188503
85.231396
85.274250
85.317648
85.360028
85.402958
85.446421
85.489343
85.532098
85.575199
85.618633
85.662728
85.705966
85.749344
85.792190
85.835844
85.879375
85.922958
85.966201
86.009976
86.053372
86.097476
86.141144
86.184238
86.227947
86.272288
86.316473
86.360091
86.403572
86.447267
86.490983
86.534445
86.578607
86.623634
86.666695
86.710751
86.754490
86.798253
86.842066
86.886416
86.930941
86.974593
87.018724
87.062526
87.107284
87.151669
87.196506
87.240235
87.284993
87.329556
87.372804
87.417338
87.461475
87.505192
87.548920
87.592796
87.636864
87.680905
87.725268
87.768768
87.813990
87.857816
87.901481
87.946759
87.991173
88.036010
88.080400
88.125651
88.170789
88.215102
88.259612
88.304472
88.348765
88.393910
88.438375
88.483532
88.528459
88.572852
88.617870
88.663259
88.708057
88.753155
88.797468
88.842652
88.887571
88.932982
88.977865
89.022522
89.067693
89.112570
89.157962
89.202950
89.248654
89.293427
89.338922
89.384104
89.428768
89.474245
89.519517
89.564988
89.610370
89.656109
89.701227
89.746458
89.791731
89.836636
89.882205
89.927083
89.973040
90.017773
90.063551
90.108821
90.155333
90.200956
90.246530
90.292357
90.337345
90.383052
90.428912
90.474415
90.520319
90.566247
90.612957
90.658946
90.705780
90.751634
90.796981
90.843006
90.888853
90.934582
90.980156
91.025642
91.071677
91.117522
91.163827
91.209828
91.256244
91.302855
91.349261
91.394794
91.441095
91.487928
91.534118
91.579774
91.625912
91.672094
91.718480
91.764783
91.811855
91.858014
91.903487
91.949784
91.995717
92.043113
92.090134
92.135922
92.182073
92.228310
92.275488
92.322257
92.367788
92.414623
92.460859
92.507350
92.553879
92.600673
92.648019
92.695259
92.741627
92.788617
92.835409
92.882672
92.929050
92.975757
93.022232
93.068765
93.114553
93.161860
93.209286
93.256201
93.303791
93.351225
93.399231
93.445317
93.493236
93.540280
93.587378
93.635144
93.683253
93.731062
93.777761
93.825274
93.873281
93.921153
93.968420
94.016178
94.063883
94.111798
94.158627
94.205998
94.254525
94.302414
94.350288
94.397573
94.445209
94.493441
94.540963
94.588635
94.636897
94.684457
94.732672
94.779483
94.827254
94.875319
94.923271
94.971002
95.018575
95.067644
95.116245
95.163911
95.211538
95.259535
95.307710
95.355592
95.403625
95.452475
95.500034
95.547994
95.596551
95.644951
95.693252
95.741234
95.790734
95.838958
95.887466
95.936213
95.985096
96.033333
96.081894
96.130011
96.178506
96.227858
96.277862
96.327435
96.375698
96.425004
96.473794
96.523044
96.572426
96.621902
96.670334
96.719839
96.769139
96.818862
96.868225
96.917233
96.966100
97.014813
97.063463
97.113652
97.164229
97.212780
97.261980
97.311078
97.360363
97.409793
97.458944
97.509137
97.559107
97.608459
97.658362
97.708900
97.758039
97.807415
97.857422
97.907048
97.956615
98.005573
98.055749
98.105291
98.155553
98.205215
98.254390
98.304395
98.353893
98.404602
98.454465
98.504808
98.554658
98.604546
98.654786
98.704800
98.754983
98.804976
98.854899
98.905350
98.956135
99.006342
99.056399
99.107537
99.157926
99.207943
99.258845
99.309296
99.359655
99.409339
99.459279
99.510506
99.561334
99.612074
99.662655
99.713033
99.763665
99.814670
99.865883
99.917208
99.968421
100.01919
100.07006
100.12108
100.17225
100.22325
100.27338
100.32442
100.37468
100.42603
100.47681
100.52849
100.58016
100.63059
100.68123
100.73177
100.78326
100.83497
100.88595
100.93738
100.98949
101.04194
101.09310
101.14438
101.19590
101.24758
101.29934
101.35096
101.40268
101.45395
101.50574
101.55790
101.61026
101.66147
101.71299
101.76419
101.81602
101.86754
101.92011
101.97283
102.02434
102.07695
102.12876
102.18053
102.23279
102.28491
102.33748
102.39027
102.44204
102.49425
102.54575
102.59742
102.64945
102.70081
102.75244
102.80454
102.85611
102.90882
102.96111
103.01425
103.06639
103.11867
103.17140
103.22461
103.27681
103.32911
103.38172
103.43482
103.48794
103.54065
103.59330
103.64664
103.70001
103.75364
103.80618
103.85968
103.91251
103.96596
104.01889
104.07232
104.12524
104.17875
104.23098
104.28468
104.33940
104.39250
104.44663
104.49974
104.55288
104.60552
104.66082
104.71458
104.76807
104.82122
104.87416
104.92829
104.98176
105.03471
105.08857
105.14307
105.19713
105.25103
105.30454
105.35884
105.41315
105.46637
105.51985
105.57320
105.62738
105.68123
105.73549
105.78998
105.84439
105.89910
105.95435
106.00853
106.06231
106.11636
106.17160
106.22578
106.28029
106.33510
106.38946
106.44370
106.49774
106.55233
106.60675
106.66107
106.71656
106.77212
106.82763
106.88245
106.93781
106.99273
107.04806
107.10322
107.15809
107.21315
107.26809
107.32374
107.37928
107.43439
107.48924
107.54478
107.59957
107.65400
107.70879
107.76400
107.81917
107.87460
107.93098
107.98657
108.04192
108.09657
108.15177
108.20846
108.26361
108.31994
108.37527
108.43042
108.48698
108.54125
108.59746
108.65380
108.71020
108.76691
108.82290
108.87981
108.93505
108.99155
109.04767
109.10327
109.15994
109.21677
109.27228
109.32757
109.38284
109.43828
109.49405
109.55098
109.60680
109.66288
109.72028
109.77686
109.83478
109.89174
109.94830
110.00500
110.06310
110.11991
110.17684
110.23330
110.29031
110.34680
110.40392
110.46160
110.51852
110.57462
110.63169
110.68884
110.74661
110.80360
110.86056
110.91877
110.97720
111.03338
111.09132
111.14995
111.20800
111.26481
111.32251
111.38047
111.43755
111.49536
111.55382
111.61125
111.66941
111.72678
111.78462
111.84208
111.89907
111.95691
112.01392
112.07229
112.13108
112.19017
112.24792
112.30527
112.36291
112.42072
112.47814
112.53587
112.59376
112.65101
112.70906
112.76724
112.82609
112.88459
112.94352
113.00191
113.06192
113.12194
113.17968
113.23858
113.29727
113.35656
113.41476
113.47323
113.53268
113.59066
113.64991
113.70915
113.76788
113.82687
113.88570
113.94437
114.00415
114.06285
114.12162
114.18095
114.24028
114.29949
114.35952
114.42010
114.47907
114.53851
114.59880
114.65839
114.71849
114.77856
114.83834
114.89760
114.95725
115.01686
115.07791
115.13767
115.19685
115.25637
115.31688
115.37738
115.43783
115.49676
115.55735
115.61818
115.67928
115.74061
115.80002
115.85995
115.92030
115.98029
116.04077
116.10072
116.16122
116.22227
116.28395
116.34473
116.40566
116.46687
116.52772
116.58818
116.64948
116.70973
116.77053
116.83242
116.89332
116.95366
117.01409
117.07597
117.13692
117.19921
117.26092
117.32163
117.38319
117.44432
117.50716
117.56837
117.62961
117.69231
117.75511
117.81637
117.87847
117.94143
118.00324
118.06570
118.12807
118.19000
118.25238
118.31415
118.37751
118.43954
118.50170
118.56340
118.62700
118.68999
118.75259
118.81575
118.87797
118.94169
119.00483
119.06710
119.12997
119.19287
119.25633
119.31846
119.38076
119.44293
119.50590
119.56865
119.63190
119.69519
119.75823
119.82134
119.88372
119.94663
120.00999
120.07308
120.13651
120.20048
120.26421
120.32594
120.38943
120.45290
120.51687
120.58096
120.64577
120.70882
120.77224
120.83591
120.89854
120.96115
121.02537
121.08967
121.15387
121.21772
121.28170
121.34642
121.41033
121.47406
121.53793
121.60352
121.66837
121.73282
121.79608
121.86076
121.92501
121.98918
122.05450
122.11863
122.18250
122.24726
122.31190
122.37630
122.44101
122.50673
122.57100
122.63590
122.70115
122.76591
122.83152
122.89724
122.96091
123.02524
123.08987
123.15645
123.22176
123.28778
123.35273
123.41733
123.48247
123.54752
123.61230
123.67897
123.74504
123.81049
123.87685
123.94176
124.00762
124.07436
124.14054
124.20769
124.27536
124.34043
124.40752
124.47433
124.53961
124.60505
124.67132
124.73818
124.80518
124.87272
124.94019
125.00640
125.07376
125.14122
125.20719
125.27486
125.34312
125.40926
125.47601
125.54201
125.60911
125.67655
125.74453
125.81205
125.87897
125.94738
126.01364
126.08015
126.14725
126.21533
126.28278
126.35016
126.41739
126.48425
126.55219
126.61945
126.68795
126.75536
126.82285
126.89121
126.95950
127.02651
127.09464
127.16279
127.23186
127.30001
127.36990
127.43820
127.50686
127.57481
127.64371
127.71265
127.78086
127.85037
127.91941
127.98774
128.05711
128.12704
128.19677
128.26603
128.33510
128.40397
128.47454
128.54436
128.61445
128.68496
128.75407
128.82376
128.89222
128.96244
129.03147
129.10131
129.17036
129.23808
129.30844
129.37640
129.44585
129.51556
129.58481
129.65449
129.72605
129.79564
129.86541
129.93480
130.00507
130.07557
130.14637
130.21763
130.28856
130.35988
130.43224
130.50416
130.57427
130.64472
130.71541
130.78676
130.85846
130.93031
131.00160
131.07336
131.14489
131.21585
131.28691
131.35877
131.43068
131.50045
131.57144
131.64280
131.71487
131.78627
131.85861
131.93143
132.00219
132.07336
132.14436
132.21715
132.29027
132.36237
132.43378
132.50715
132.57967
132.65192
132.72433
132.79642
132.86914
132.94250
133.01586
133.08861
133.16176
133.23436
133.30798
133.38024
133.45259
133.52539
133.59821
133.67172
133.74652
133.81941
133.89174
133.96449
134.03739
134.11078
134.18441
134.25710
134.33046
134.40371
134.47731
134.55160
134.62681
134.70193
134.77551
134.84976
134.92361
134.99655
135.07164
135.14730
135.22167
135.29472
135.36841
135.44405
135.51919
135.59282
135.66794
135.74300
135.81650
135.89110
135.96449
136.03992
136.11445
136.18946
136.26425
136.34003
136.41545
136.49144
136.56745
136.64258
136.71873
136.79341
136.86973
136.94490
137.02059
137.09604
137.17275
137.24908
137.32584
137.40257
137.47776
137.55454
137.63058
137.70673
137.78243
137.85839
137.93452
138.01065
138.08770
138.16417
138.24077
138.31774
138.39418
138.47253
138.54958
138.62627
138.70443
138.78217
138.85923
138.93503
139.01246
139.09049
139.16859
139.24643
139.32344
139.40164
139.47993
139.55922
139.63580
139.71288
139.79233
139.87127
139.94978
140.02739
140.10420
140.18184
140.26001
140.33823
140.41646
140.49590
140.57490
140.65316
140.73174
140.81116
140.88996
140.96798
141.04584
141.12400
141.20156
141.28087
141.36250
141.44189
141.52050
141.59944
141.67866
141.75750
141.83626
141.91687
141.99690
142.07708
142.15836
142.23781
142.31717
142.39657
142.47569
142.55721
142.63749
142.71498
142.79680
142.87764
142.95677
143.03784
143.11791
143.19884
143.28063
143.36136
143.44337
143.52424
143.60507
143.68574
143.76771
143.84907
143.93011
144.01127
144.09323
144.17461
144.25722
144.33865
144.41960
144.50168
144.58458
144.66703
144.75027
144.83445
144.91744
145.00097
145.08339
145.16426
145.24780
145.33119
145.41529
145.49826
145.58160
145.66324
145.74771
145.83002
145.91274
145.99669
146.07825
146.16061
146.24320
146.32570
146.40836
146.49234
146.57634
146.66030
146.74466
146.82829
146.91133
146.99551
147.07848
147.16098
147.24517
147.32961
147.41482
147.49897
147.58255
147.66715
147.75224
147.83558
147.91950
148.00433
148.09024
148.17749
148.26162
148.34730
148.43223
148.51720
148.60202
148.68700
148.77306
148.85872
148.94421
149.02882
149.11496
149.20087
149.28647
149.37421
149.45988
149.54619
149.63218
149.72001
149.80814
149.89516
149.98123
150.06871
150.15599
150.24183
150.32955
150.41592
150.50402
150.59126
150.67904
150.76625
150.85415
150.94375
151.02933
151.11683
151.20573
151.29226
151.38101
151.46917
151.55620
151.64555
151.73394
151.82284
151.90947
151.99745
152.08585
152.17452
152.26277
152.35299
152.44115
152.53033
152.62005
152.70929
152.79943
152.88933
152.97970
153.07032
153.16060
153.25087
153.34069
153.42973
153.52045
153.61300
153.70151
153.79169
153.88189
153.97259
154.06329
154.15472
154.24332
154.33206
154.42054
154.51314
154.60467
154.69580
154.78728
154.87834
154.96949
155.06081
155.15218
155.24428
155.33533
155.42750
155.51980
155.61232
155.70389
155.79602
155.88897
155.98150
156.07439
156.16726
156.26170
156.35256
156.44530
156.53836
156.63189
156.72450
156.81890
156.91128
157.00507
157.09998
157.19538
157.28882
157.38344
157.47715
157.57022
157.66499
157.75964
157.85299
157.94849
158.04194
158.13641
158.23113
158.32592
158.41920
158.51462
158.60860
158.70404
158.79899
158.89403
158.98891
159.08383
159.18003
159.27554
159.37137
159.46759
159.56191
159.65896
159.75448
159.85228
159.95040
160.04639
160.14336
160.23889
160.33587
160.43132
160.52856
160.62564
160.72346
160.81917
160.91582
161.01368
161.10997
161.20797
161.30518
161.40285
161.49975
161.59757
161.69725
161.79471
161.89489
161.99388
162.09214
162.18877
162.28700
162.38324
162.48279
162.58112
162.67982
162.77726
162.87654
162.97517
163.07526
163.17416
163.27429
163.37397
163.47516
163.57446
163.67518
163.77602
163.87542
163.97499
164.07692
164.17600
164.27824
164.37899
164.47966
164.58006
164.68061
164.78145
164.88253
164.98226
165.08138
165.18306
165.28506
165.38618
165.49004
165.59122
165.69352
165.79563
165.89727
165.99895
166.10228
166.20572
166.30782
166.40977
166.51386
166.61629
166.71894
166.82370
166.92658
167.03061
167.13317
167.23558
167.34039
167.44440
167.54895
167.65105
167.75495
167.85955
167.96623
168.07153
168.17653
168.28258
168.38677
168.49269
168.59936
168.70531
168.81182
168.91890
169.02162
169.12742
169.23374
169.34132
169.44696
169.55158
169.65744
169.76309
169.86838
169.97468
170.08130
170.18755
170.29423
170.40238
170.50995
170.61618
170.72353
170.83283
170.93988
171.04801
171.15660
171.26500
171.37264
171.48166
171.58831
171.69706
171.80510
171.91197
172.02152
172.13150
172.24001
172.34829
172.45688
172.56859
172.67869
172.78905
172.89988
173.01008
173.12036
173.23178
173.34201
173.45171
173.56152
173.67279
173.78263
173.89355
174.00362
174.11534
174.22602
174.33741
174.44868
174.55954
174.67119
174.78458
174.89629
175.00933
175.12227
175.23363
175.34801
175.46132
175.57336
175.68652
175.79970
175.91182
176.02552
176.14057
176.25478
176.37116
176.48446
176.59901
176.71379
176.82943
176.94412
177.05860
177.17314
177.28911
177.40482
177.51930
177.63340
177.74853
177.86376
177.97839
178.09383
178.20953
178.32673
178.44450
178.56057
178.67802
178.79509
178.91251
179.03023
179.14717
179.26631
179.38403
179.50191
179.62045
179.74111
179.85940
179.97477
180.09116
180.20837
180.32438
180.44174
180.55842
180.67731
180.79701
180.91453
181.03441
181.15380
181.27324
181.39431
181.51560
181.63333
181.75255
181.87378
181.99343
182.11449
182.23625
182.35895
182.48058
182.60107
182.72288
182.84521
182.96720
183.08966
183.20984
183.33000
183.45208
183.57675
183.69777
183.81918
183.94283
184.06485
184.18915
184.31310
184.43658
184.56104
184.68536
184.81009
184.93547
185.06022
185.18559
185.31071
185.43506
185.56151
185.68678
185.81293
185.93839
186.06532
186.19182
186.31602
186.44205
186.56781
186.69490
186.82054
186.95000
187.07915
187.20561
187.33157
187.46012
187.58735
187.71462
187.84354
187.96859
188.09666
188.22512
188.35497
188.48496
188.61449
188.74343
188.87309
189.00245
189.13155
189.26235
189.39202
189.52227
189.65456
189.78486
189.91732
190.04803
190.17998
190.31192
190.44383
190.57607
190.70975
190.84374
190.97552
191.10528
191.23901
191.37307
191.50788
191.63970
191.77221
191.90544
192.03894
192.17289
192.30783
192.44190
192.57795
192.71311
192.85011
192.98599
193.12027
193.25826
193.39452
193.52973
193.66555
193.80447
193.94237
194.07815
194.21448
194.35088
194.48747
194.62952
194.76882
194.90679
195.04470
195.18220
195.32004
195.45797
195.59511
195.73377
195.87205
196.01246
196.15224
196.29224
196.42920
196.57008
196.70983
196.85138
196.99247
197.13384
197.27415
197.41531
197.55807
197.70177
197.84462
197.98409
198.12804
198.27019
198.41523
198.55937
198.70498
198.84944
198.99419
199.13705
199.28212
199.42810
199.57154
199.71443
199.86058
200.00447
200.14945
200.29629
200.44097
200.58735
200.73528
200.88351
201.02909
201.17648
201.32478
201.47213
201.61814
201.76684
201.91554
202.06512
202.21074
202.36113
202.51174
202.65920
202.80669
202.95645
203.10604
203.25706
203.40852
203.56126
203.70982
203.86065
204.01639
204.16955
204.32149
204.47303
204.62673
204.78016
204.93284
205.08664
205.23903
205.39325
205.54614
205.70101
205.85452
206.00745
206.16476
206.31970
206.47675
206.63176
206.78859
206.94002
207.09539
207.25105
207.40696
207.56464
207.72103
207.87959
208.03723
208.19477
208.35268
208.51078
208.67065
208.82830
208.98996
209.15117
209.30795
209.46722
209.62812
209.78955
209.95046
210.11222
210.27227
210.43511
210.59636
210.75869
210.92090
211.08237
211.24403
211.40708
211.57127
211.73930
211.90177
212.06806
212.23317
212.39737
212.56380
212.73109
212.89524
213.05908
213.22524
213.39251
213.56015
213.72683
213.89692
214.06579
214.23733
214.40440
214.57526
214.74310
214.91191
215.08104
215.24937
215.42349
215.59352
215.76296
215.93422
216.10427
216.27780
216.45161
216.62355
216.79583
216.96680
217.14061
217.31084
217.48469
217.65420
217.82853
218.00158
218.17819
218.35322
218.52748
218.70328
218.88020
219.05739
219.23401
219.40944
219.58573
219.76406
219.94482
220.12391
220.30543
220.48396
220.66551
220.84515
221.02611
221.20561
221.38911
221.56942
221.75007
221.92979
222.11102
222.29433
222.47550
222.66289
222.84627
223.03072
223.21609
223.40082
223.58060
223.76499
223.94920
224.13407
224.32296
224.50959
224.69826
224.88762
225.07293
225.26123
225.45316
225.63791
225.82759
226.01946
226.21106
226.40225
226.59131
226.78060
226.97542
227.16940
227.36357
227.55736
227.75359
227.94551
228.13997
228.33451
228.52789
228.72663
228.92785
229.12618
229.32018
229.51638
229.71280
229.91103
230.10684
230.30402
230.50179
230.69781
230.89795
231.09921
231.29898
231.49857
231.70103
231.90545
232.11000
232.31454
232.51998
232.72143
232.92651
233.13141
233.33473
233.53721
233.74392
233.94744
234.15558
234.36173
234.57115
234.77673
234.98512
235.19347
235.39974
235.61078
235.81854
236.02651
236.23613
236.44878
236.66136
236.86990
237.08373
237.29510
237.50808
237.71991
237.93693
238.15303
238.36975
238.58596
238.80211
239.01772
239.23745
239.45244
239.67552
239.89426
240.11384
240.33076
240.55054
240.77126
240.99564
241.21563
241.43885
241.66046
241.88273
242.10241
242.32862
242.55477
242.78489
243.00875
243.23473
243.46055
243.69125
243.91860
244.14408
244.36960
244.60075
244.83515
245.06409
245.29835
245.52839
245.76032
245.99337
246.23030
246.46770
246.69963
246.93473
247.16958
247.40732
247.64277
247.88212
248.12376
248.36446
248.61023
248.84823
249.09165
249.33443
249.57808
249.82258
250.06825
250.31069
250.55530
250.79987
251.04241
251.28707
251.52863
251.77692
252.02759
252.27801
252.52819
252.77869
253.02831
253.27750
253.52818
253.78085
254.03585
254.29138
254.54309
254.80147
255.05671
255.31742
255.57296
255.83335
256.08592
256.34742
256.60987
256.86946
257.13246
257.39546
257.65891
257.92784
258.18961
258.46038
258.72460
258.99184
259.25835
259.52537
259.79480
260.06949
260.33582
260.61125
260.88183
261.15382
261.42880
261.70019
261.97638
262.25477
262.53562
262.81089
263.09557
263.37386
263.65578
263.93842
264.22275
264.50858
264.79273
265.07818
265.36704
265.65277
265.94508
266.23181
266.52006
266.80941
267.10255
267.38840
267.68477
267.97865
268.27060
268.55961
268.85674
269.15420
269.45028
269.75101
270.04721
270.35146
270.65469
270.95871
271.25783
271.55974
271.86326
272.16953
272.47545
272.78676
273.09431
273.41008
273.72399
274.03501
274.34897
274.66628
274.98220
275.30387
275.62622
275.94189
276.26141
276.58092
276.90460
277.22685
277.55663
277.88093
278.21262
278.54821
278.87428
279.20698
279.54440
279.87445
280.20378
280.53165
280.86905
281.19976
281.53366
281.87765
282.22008
282.56615
282.91103
283.26037
283.60674
283.95891
284.30758
284.65448
285.00847
285.36102
285.70872
286.05983
286.41605
286.77062
287.12920
287.49060
287.85256
288.21518
288.58440
288.95009
289.31541
289.68511
290.06218
290.43593
290.80299
291.17972
291.56071
291.93800
292.32640
292.70744
293.08828
293.47162
293.85726
294.24629
294.63547
295.02623
295.42271
295.81645
296.20565
296.60674
297.00877
297.41331
297.82184
298.22863
298.63480
299.04506
299.45779
299.87149
300.28726
300.70454
301.11754
301.54333
301.95836
302.38007
302.80223
303.23037
303.65462
304.08857
304.52166
304.96081
305.40185
305.83888
306.27859
306.72467
307.16956
307.62230
308.07895
308.53410
308.98011
309.43971
309.88790
310.35720
310.81713
311.28014
311.74339
312.21558
312.68394
313.15761
313.63592
314.11547
314.59357
315.07659
315.56471
316.05353
316.55012
317.04442
317.53948
318.03451
318.54201
319.05118
319.56223
320.07837
320.59440
321.10699
321.63123
322.15020
322.67200
323.20032
323.73720
324.26535
324.81093
325.35053
325.88370
326.43132
326.97856
327.53799
328.09537
328.66065
329.22588
329.78937
330.35893
330.93257
331.50695
332.09613
332.68616
333.27465
333.87633
334.46574
335.06680
335.68301
336.29088
336.90870
337.52780
338.14731
338.77699
339.41109
340.05202
340.70371
341.34190
341.99948
342.65762
343.32068
343.98847
344.65711
345.32220
345.98918
346.67069
347.37285
348.07287
348.78769
349.49381
350.19263
350.93241
351.66177
352.39071
353.11617
353.86011
354.61592
355.38064
356.14072
356.90863
357.67857
358.45404
359.24108
360.02853
360.82655
361.63709
362.45503
363.28550
364.13958
364.98535
365.84666
366.69792
367.55587
368.43017
369.32084
370.20820
371.10081
372.00984
372.92487
373.84738
374.78479
375.72595
376.68488
377.64731
378.61908
379.61966
380.62484
381.64833
382.68932
383.74030
384.80635
385.86673
386.96205
388.05476
389.15887
390.27905
391.41718
392.59323
393.74644
394.95980
396.13965
397.34645
398.59835
399.83503
401.08632
402.36835
403.66023
404.97762
406.35596
407.72727
409.12618
410.54345
411.97338
413.44659
414.94347
416.48287
418.06527
419.61429
421.24475
422.89908
424.57641
426.28209
428.02477
429.81770
431.67175
433.54411
435.42702
437.38004
439.38839
441.42162
443.51925
445.65779
447.87622
450.15847
452.48278
454.89730
457.42169
459.98701
462.64970
465.41849
468.23120
471.17664
474.22428
477.36767
480.61450
484.05755
487.64652
491.41704
495.29180
499.41056
503.74917
508.41868
513.32344
518.61942
524.28576
530.43164
537.09872
544.44411
552.53468
561.49690
571.66092
583.66609
597.69159
615.19682
638.49438
672.32432
738.25320
