30.133267
32.164190
33.366125
34.252318
34.982819
35.599768
36.134635
36.620074
37.063395
37.477903
37.862920
38.223784
38.562817
38.884304
39.194416
39.490504
39.772760
40.048751
40.313864
40.572587
40.820908
41.064710
41.296174
41.526789
41.749144
41.967590
42.184522
42.389990
42.596471
42.798431
42.994948
43.189814
43.381615
43.567785
43.749729
43.931708
44.110417
44.286451
44.456852
44.626331
44.794027
44.960937
45.126360
45.289347
45.451794
45.609802
45.767176
45.921409
46.074559
46.229474
46.379936
46.527941
46.679201
46.825106
46.969520
47.112764
47.256091
47.399017
47.540104
47.683304
47.821522
47.958870
48.095498
48.231821
48.369475
48.502892
48.636337
48.769879
48.901637
49.032981
49.163730
49.294166
49.421028
49.550790
49.677460
49.803675
49.929048
50.054976
50.179277
50.301954
50.425266
50.549316
50.672125
50.793334
50.914122
51.033787
51.154121
51.272828
51.390508
51.509112
51.628137
51.745303
51.862352
51.979340
52.092220
52.206989
52.322246
52.437360
52.549327
52.662629
52.776057
52.888662
53.001885
53.115634
53.227757
53.338771
53.450212
53.559441
53.671149
53.782101
53.894474
54.003375
54.110111
54.218987
54.327346
54.433285
54.540493
54.648987
54.756579
54.863706
54.970688
55.076929
55.181884
55.287712
55.393139
55.500163
55.604262
55.709160
55.814196
55.916299
56.018815
56.122221
56.226232
56.328996
56.429687
56.532341
56.632919
56.734628
56.836717
56.937657
57.039162
57.141608
57.244411
57.346110
57.447645
57.549017
57.651591
57.752567
57.853720
57.952418
58.053663
58.155765
58.256283
58.355193
58.455841
58.553028
58.652561
58.752449
58.850608
58.949480
59.048151
59.145036
59.243925
59.343008
59.440973
59.539743
59.637755
59.735026
59.831982
59.930726
60.026526
60.123439
60.219696
60.316926
60.414674
60.511408
60.607273
60.704249
60.800249
60.896478
60.991872
61.088671
61.184659
61.280310
61.378912
61.475902
61.574354
61.669525
61.765260
61.861180
61.956455
62.052529
62.146392
62.240563
62.335948
62.431215
62.525655
62.618992
62.712835
62.807972
62.903013
62.998728
63.093810
63.187639
63.281526
63.375232
63.468750
63.563094
63.656015
63.749739
63.844519
63.938827
64.033593
64.126486
64.219807
64.313579
64.406819
64.498507
64.593244
64.687906
64.781547
64.873990
64.967800
65.061495
65.153915
65.247612
65.340316
65.433078
65.526723
65.618662
65.712638
65.805508
65.899545
65.991643
66.083122
66.177452
66.268979
66.361823
66.455296
66.548588
66.642221
66.734191
66.828140
66.922146
67.013936
67.106380
67.198032
67.290895
67.383185
67.474436
67.568109
67.660929
67.752993
67.845863
67.937041
68.030101
68.123803
68.214500
68.308140
68.401315
68.493606
68.586155
68.679786
68.772154
68.864346
68.956198
69.048850
69.141074
69.234077
69.326328
69.418730
69.509121
69.601653
69.692655
69.783812
69.876540
69.970018
70.061735
70.155144
70.246820
70.338822
70.431140
70.523303
70.616065
70.708275
70.801255
70.893670
70.986757
71.079243
71.170857
71.262543
71.355584
71.448741
71.539784
71.631971
71.724486
71.816999
71.909169
72.002828
72.096706
72.188845
72.281517
72.372935
72.464366
72.557159
72.650721
72.741159
72.832582
72.926832
73.019486
73.111936
73.204778
73.297829
73.391906
73.483887
73.576927
73.670228
73.764240
73.856296
73.949182
74.041751
74.134008
74.227780
74.320531
74.414040
74.507600
74.601888
74.697422
74.790489
74.886246
74.979111
75.072494
75.165029
75.258863
75.351819
75.446176
75.541342
75.636952
75.730488
75.823416
75.917494
76.012841
76.106713
76.201792
76.296895
76.391935
76.485285
76.578871
76.670953
76.764885
76.859356
76.953511
77.048205
77.143137
77.237410
77.333290
77.427182
77.521670
77.616795
77.710353
77.805909
77.899445
77.996079
78.091471
78.186739
78.280972
78.378235
78.472280
78.568311
78.664906
78.758523
78.854616
78.950629
79.045025
79.140506
79.236276
79.332114
79.426265
79.523885
79.619913
79.717744
79.814694
79.909160
80.003981
80.100230
80.195979
80.291872
80.388422
80.485412
80.583378
80.678714
80.776006
80.874246
80.970362
81.067666
81.163430
81.261089
81.358656
81.457576
81.554450
81.652640
81.751780
81.850116
81.948630
82.046162
82.146169
82.240995
82.338564
82.436558
82.532808
82.631198
82.728782
82.825190
82.921485
83.019036
83.119150
83.217664
83.315769
83.414699
83.512513
83.611914
83.712207
83.811841
83.909893
84.009833
84.109934
84.209431
84.306051
84.404035
84.503953
84.602191
84.702645
84.802806
84.903857
85.005222
85.105284
85.205476
85.305440
85.405905
85.504837
85.604192
85.705761
85.806585
85.907445
86.006629
86.108598
86.209463
86.312195
86.413244
86.513245
86.614176
86.714570
86.817523
86.917359
87.019227
87.119996
87.221979
87.323734
87.424866
87.528126
87.629879
87.734107
87.836605
87.939634
88.042284
88.145968
88.248370
88.352433
88.456683
88.560153
88.663756
88.764664
88.869740
88.975237
89.080581
89.184906
89.289936
89.394818
89.499953
89.605691
89.711337
89.815217
89.921578
90.026032
90.132609
90.238255
90.343039
90.448384
90.555299
90.660585
90.766578
90.872886
90.979244
91.085218
91.189957
91.295649
91.401973
91.508579
91.616459
91.722900
91.830153
91.937598
92.046365
92.153117
92.260173
92.369483
92.477454
92.584488
92.693995
92.802537
92.913446
93.021763
93.130507
93.241108
93.350878
93.462986
93.571996
93.681061
93.789598
93.901727
94.012334
94.121912
94.233363
94.342915
94.451537
94.562353
94.673879
94.783687
94.896027
95.007412
95.119269
95.230713
95.340044
95.452897
95.566667
95.677825
95.790386
95.904928
96.017746
96.131606
96.243894
96.356057
96.471326
96.585069
96.698745
96.813733
96.927910
97.041468
97.154619
97.270290
97.385403
97.499643
97.612817
97.726381
97.841356
97.956821
98.072083
98.189284
98.305418
98.420555
98.537760
98.653567
98.771353
98.887181
99.005639
99.122748
99.239847
99.356876
99.471950
99.589666
99.710287
99.828883
99.945702
100.06659
100.18661
100.30857
100.42810
100.54838
100.66656
100.78850
100.90741
101.02691
101.14699
101.26710
101.38800
101.50911
101.63085
101.75402
101.87582
101.99618
102.11672
102.23948
102.36192
102.48424
102.60678
102.72862
102.85202
102.97570
103.09837
103.22114
103.34613
103.47201
103.59773
103.72096
103.84620
103.96984
104.09744
104.22261
104.34870
104.47565
104.60377
104.72973
104.85819
104.98574
105.11364
105.24131
105.36904
105.49763
105.62650
105.75472
105.88245
106.00986
106.13896
106.26660
106.39566
106.52192
106.65201
106.78261
106.91137
107.04344
107.17302
107.30310
107.43522
107.56652
107.69759
107.82883
107.96115
108.09466
108.22681
108.36074
108.49458
108.62834
108.76072
108.89419
109.03107
109.16717
109.30345
109.44038
109.57476
109.70963
109.84658
109.98383
110.12190
110.25987
110.39562
110.53436
110.67096
110.81108
110.94736
111.08679
111.22605
111.36448
111.50561
111.64553
111.78481
111.92397
112.06315
112.20356
112.34226
112.48209
112.62228
112.76624
112.90991
113.05222
113.19413
113.33567
113.47852
113.62140
113.76515
113.90982
114.05381
114.19949
114.34378
114.49219
114.63920
114.78658
114.93208
115.07924
115.22767
115.37417
115.52306
115.67323
115.82581
115.97111
116.12430
116.27548
116.42567
116.57808
116.73044
116.88238
117.03514
117.18823
117.34245
117.49765
117.64998
117.80306
117.95810
118.11430
118.26527
118.42086
118.57596
118.73068
118.88699
119.04542
119.20087
119.36037
119.51868
119.67529
119.83522
119.99305
120.15503
120.31728
120.47483
120.63904
120.79984
120.96429
121.12662
121.28794
121.45174
121.61633
121.78128
121.94337
122.10513
122.27201
122.43557
122.60136
122.76563
122.93274
123.09905
123.26978
123.43705
123.60473
123.77452
123.94444
124.11740
124.29035
124.46131
124.63278
124.80893
124.98130
125.15563
125.33144
125.50530
125.68359
125.85915
126.03585
126.21238
126.38739
126.56001
126.73921
126.91945
127.09970
127.27748
127.45650
127.63613
127.81844
127.99817
128.17894
128.36219
128.54413
128.72870
128.91185
129.09504
129.28001
129.46533
129.65027
129.83573
130.02605
130.21188
130.40221
130.59478
130.78848
130.97859
131.16921
131.36250
131.55604
131.75424
131.94817
132.14745
132.34480
132.54359
132.74001
132.94225
133.14082
133.34436
133.54453
133.74517
133.95151
134.15496
134.36026
134.56465
134.77022
134.97667
135.18393
135.39116
135.60181
135.81059
136.01739
136.22685
136.43886
136.64808
136.86284
137.07607
137.29242
137.50970
137.72789
137.94383
138.16031
138.37424
138.59413
138.81273
139.03089
139.25282
139.47269
139.69918
139.92379
140.14924
140.37953
140.60765
140.83320
141.06475
141.29793
141.52704
141.76295
141.99841
142.23128
142.46602
142.70512
142.94471
143.18711
143.42615
143.66871
143.91178
144.16004
144.40281
144.64945
144.89640
145.14326
145.39339
145.64758
145.90047
146.15042
146.40329
146.66005
146.91587
147.17925
147.43787
147.69602
147.95803
148.21382
148.47617
148.74282
149.01149
149.28417
149.55395
149.82498
150.09682
150.37079
150.65069
150.93094
151.21407
151.49800
151.77824
152.06829
152.35182
152.63755
152.92940
153.22611
153.51891
153.81413
154.11145
154.40837
154.71544
155.01244
155.31102
155.61702
155.92380
156.24123
156.55402
156.87034
157.18527
157.49959
157.82433
158.14994
158.47617
158.80354
159.13118
159.46356
159.79284
160.12928
160.46637
160.81080
161.15285
161.48989
161.83652
162.19892
162.55615
162.91235
163.27227
163.64280
164.00410
164.36974
164.74185
165.11414
165.49621
165.87885
166.26648
166.65135
167.04085
167.43018
167.82605
168.22873
168.63830
169.04913
169.45973
169.87642
170.29868
170.72230
171.15450
171.59273
172.03100
172.47198
172.92077
173.37304
173.82785
174.28771
174.76024
175.23858
175.72856
176.20899
176.69568
177.20007
177.70854
178.22019
178.73891
179.25845
179.79499
180.32370
180.87145
181.42545
181.98579
182.54940
183.12712
183.70942
184.30787
184.90576
185.52535
186.15236
186.77362
187.42032
188.07896
188.73430
189.43522
190.13999
190.85824
191.56878
192.30770
193.05973
193.83818
194.63215
195.44118
196.27449
197.12110
197.98657
198.89174
199.82673
200.77098
201.75642
202.77644
203.84576
204.92448
206.04949
207.20462
208.42833
209.70641
211.04780
212.47736
213.98191
215.54133
217.20068
219.01688
220.93165
223.10049
225.44263
228.15103
231.18946
234.76694
239.27413
245.52165
256.61605
