0.00048202360
0.00096996654
0.0014590476
0.0019476022
0.0024380802
0.0029258628
0.0034174532
0.0039101905
0.0044016899
0.0048980292
0.0053927962
0.0058865847
0.0063680891
0.0068583628
0.0073452420
0.0078382917
0.0083329959
0.0088285644
0.0093241404
0.0098206125
0.010317980
0.010811291
0.011314104
0.011818652
0.012328356
0.012827509
0.013334608
0.013839716
0.014340390
0.014854911
0.015363888
0.015865863
0.016371941
0.016883297
0.017389685
0.017899666
0.018408155
0.018922378
0.019430204
0.019946573
0.020462790
0.020971299
0.021495751
0.022017164
0.022528859
0.023040753
0.023563330
0.024090574
0.024612968
0.025129362
0.025655922
0.026177569
0.026703378
0.027232797
0.027755886
0.028285698
0.028817123
0.029346019
0.029870961
0.030399847
0.030933127
0.031459527
0.031990526
0.032515616
0.033053893
0.033588328
0.034115645
0.034652277
0.035193703
0.035727217
0.036263251
0.036802525
0.037340508
0.037892812
0.038427772
0.038968907
0.039529816
0.040078856
0.040626061
0.041165349
0.041704774
0.042243536
0.042793299
0.043349594
0.043903048
0.044461670
0.045010528
0.045573617
0.046122864
0.046677411
0.047242088
0.047796852
0.048348536
0.048909586
0.049470833
0.050034623
0.050593045
0.051150892
0.051709336
0.052278128
0.052845405
0.053409998
0.053981230
0.054539644
0.055121353
0.055697744
0.056263608
0.056830215
0.057397943
0.057968009
0.058544493
0.059123429
0.059714419
0.060291102
0.060866297
0.061437723
0.062011072
0.062582861
0.063168732
0.063754778
0.064349106
0.064937007
0.065519012
0.066101952
0.066692041
0.067286086
0.067871230
0.068455774
0.069054314
0.069648376
0.070233810
0.070827470
0.071426688
0.072014891
0.072612347
0.073202294
0.073796066
0.074403111
0.075019186
0.075622705
0.076227346
0.076836451
0.077448534
0.078050630
0.078659158
0.079259799
0.079864676
0.080475734
0.081084176
0.081707513
0.082323644
0.082945971
0.083561414
0.084188662
0.084815633
0.085427420
0.086043546
0.086669560
0.087291745
0.087917646
0.088549235
0.089185137
0.089811792
0.090446226
0.091081103
0.091719681
0.092352687
0.092995171
0.093630891
0.094270209
0.094903712
0.095550482
0.096198089
0.096837347
0.097469856
0.098124942
0.098776044
0.099440061
0.10010024
0.10076391
0.10142529
0.10207971
0.10273749
0.10339779
0.10404832
0.10471922
0.10537547
0.10603058
0.10669294
0.10735842
0.10803566
0.10870934
0.10938811
0.11005712
0.11072939
0.11140782
0.11208230
0.11275104
0.11342454
0.11409922
0.11476730
0.11543605
0.11612456
0.11681719
0.11750433
0.11819442
0.11887502
0.11955194
0.12024079
0.12092932
0.12163342
0.12233391
0.12303715
0.12372581
0.12443548
0.12514324
0.12583500
0.12654422
0.12723068
0.12793967
0.12864430
0.12936249
0.13007954
0.13079198
0.13149860
0.13221057
0.13292326
0.13364440
0.13437374
0.13509962
0.13581767
0.13655109
0.13728610
0.13801641
0.13874719
0.13947840
0.14021466
0.14094314
0.14167347
0.14242338
0.14315526
0.14389139
0.14463211
0.14536645
0.14611873
0.14685971
0.14761437
0.14836339
0.14911575
0.14986061
0.15061265
0.15135807
0.15211199
0.15286208
0.15362281
0.15437448
0.15514062
0.15589153
0.15665706
0.15743116
0.15819845
0.15898646
0.15976666
0.16054518
0.16131636
0.16209982
0.16289457
0.16368142
0.16446368
0.16525788
0.16604500
0.16683903
0.16764338
0.16843138
0.16922942
0.17003307
0.17081456
0.17161016
0.17240071
0.17321541
0.17403648
0.17485172
0.17566330
0.17647373
0.17729137
0.17810766
0.17892615
0.17974847
0.18057707
0.18140980
0.18224863
0.18307604
0.18391381
0.18473489
0.18555743
0.18639598
0.18723267
0.18807382
0.18891267
0.18975325
0.19059583
0.19146364
0.19230923
0.19315963
0.19402348
0.19488941
0.19575302
0.19662681
0.19748938
0.19835792
0.19922893
0.20010741
0.20098275
0.20185674
0.20273434
0.20361245
0.20449560
0.20538202
0.20626892
0.20715263
0.20803530
0.20893760
0.20985079
0.21077662
0.21168901
0.21260796
0.21351075
0.21443278
0.21534033
0.21626372
0.21718326
0.21810758
0.21904042
0.21995972
0.22088719
0.22182531
0.22276318
0.22369509
0.22463711
0.22556397
0.22650641
0.22744994
0.22839272
0.22935866
0.23032637
0.23127891
0.23222736
0.23318514
0.23416749
0.23513220
0.23609318
0.23706747
0.23802246
0.23899095
0.23996409
0.24093229
0.24192492
0.24292639
0.24391277
0.24492740
0.24592088
0.24691871
0.24792863
0.24895708
0.24996987
0.25095970
0.25198915
0.25301327
0.25404998
0.25509843
0.25613244
0.25716587
0.25818992
0.25923002
0.26028542
0.26133979
0.26238802
0.26342816
0.26447491
0.26552846
0.26658391
0.26762226
0.26868574
0.26974029
0.27082135
0.27190289
0.27299824
0.27408044
0.27516187
0.27624607
0.27734886
0.27844188
0.27954779
0.28066173
0.28178821
0.28291089
0.28401684
0.28512473
0.28623860
0.28737150
0.28850807
0.28963618
0.29077289
0.29193050
0.29307288
0.29423837
0.29540464
0.29658709
0.29775010
0.29894089
0.30010224
0.30128705
0.30248907
0.30366028
0.30486072
0.30605699
0.30725362
0.30845052
0.30966343
0.31088951
0.31209176
0.31333116
0.31455957
0.31577406
0.31701131
0.31824084
0.31948242
0.32073399
0.32198079
0.32322187
0.32447574
0.32573030
0.32701226
0.32829152
0.32957813
0.33085797
0.33215308
0.33344374
0.33473190
0.33602946
0.33733991
0.33865305
0.33998136
0.34131002
0.34264152
0.34397984
0.34533633
0.34667697
0.34802333
0.34938477
0.35074631
0.35212513
0.35349838
0.35487573
0.35626122
0.35765666
0.35904323
0.36044180
0.36185620
0.36326580
0.36468341
0.36613039
0.36753728
0.36898011
0.37040424
0.37182805
0.37328366
0.37474242
0.37619864
0.37768317
0.37916383
0.38066576
0.38217804
0.38368299
0.38521688
0.38670844
0.38822517
0.38975215
0.39129483
0.39283917
0.39438611
0.39593123
0.39751392
0.39908210
0.40065893
0.40223223
0.40382120
0.40542894
0.40704769
0.40867105
0.41027739
0.41193352
0.41353845
0.41514278
0.41679422
0.41846253
0.42013029
0.42183302
0.42351099
0.42521084
0.42690812
0.42861494
0.43037548
0.43210640
0.43384946
0.43557661
0.43731041
0.43907439
0.44088152
0.44269334
0.44451182
0.44632333
0.44817668
0.44999727
0.45180379
0.45363586
0.45549549
0.45735749
0.45924027
0.46113725
0.46304681
0.46494113
0.46686041
0.46880226
0.47074020
0.47270552
0.47469121
0.47670336
0.47869659
0.48068021
0.48265425
0.48471606
0.48676231
0.48878642
0.49087282
0.49292754
0.49502425
0.49714534
0.49930048
0.50140614
0.50348633
0.50569118
0.50789231
0.51009650
0.51237213
0.51458174
0.51686511
0.51911423
0.52139640
0.52371990
0.52604423
0.52833286
0.53068623
0.53305416
0.53542631
0.53786207
0.54024901
0.54269157
0.54513311
0.54759896
0.55012655
0.55266760
0.55519391
0.55774952
0.56031593
0.56291400
0.56547764
0.56806267
0.57077032
0.57347396
0.57612847
0.57887669
0.58163564
0.58443266
0.58726602
0.59011251
0.59297578
0.59590976
0.59878232
0.60174144
0.60470115
0.60775568
0.61075677
0.61382170
0.61691552
0.62004772
0.62321016
0.62631667
0.62956767
0.63281415
0.63618609
0.63951617
0.64293406
0.64642049
0.64991596
0.65333620
0.65679364
0.66039574
0.66406047
0.66767742
0.67137545
0.67514972
0.67904237
0.68300735
0.68699538
0.69088059
0.69480340
0.69875288
0.70286814
0.70709542
0.71139254
0.71568706
0.72006478
0.72461075
0.72918525
0.73367566
0.73825777
0.74303903
0.74769255
0.75243930
0.75726726
0.76236263
0.76743501
0.77267932
0.77798250
0.78342864
0.78886848
0.79434164
0.80007614
0.80583228
0.81174341
0.81789856
0.82427736
0.83018200
0.83685119
0.84321980
0.84993345
0.85675587
0.86341312
0.87024175
0.87711588
0.88448035
0.89176168
0.89909784
0.90687087
0.91448222
0.92244692
0.93067186
0.93916714
0.94789287
0.95662476
0.96560207
0.97454167
0.98411818
0.99360652
1.0035250
1.0133186
1.0237892
1.0341687
1.0451905
1.0566364
1.0678344
1.0794853
1.0914745
1.1038561
1.1160117
1.1289418
1.1423285
1.1560607
1.1702087
1.1846814
1.1992651
1.2143189
1.2303788
1.2461318
1.2624150
1.2784990
1.2958473
1.3141094
1.3326457
1.3518021
1.3700205
1.3896225
1.4105484
1.4317846
1.4530843
1.4749457
1.4988484
1.5221635
1.5455810
1.5692087
1.5941251
1.6211600
1.6476964
1.6745827
1.7029575
1.7320495
1.7621466
1.7935457
1.8249739
1.8578685
1.8924887
1.9258664
1.9627031
1.9988127
2.0376075
2.0759660
2.1143218
2.1566320
2.2004526
2.2450541
2.2914403
2.3370919
2.3861189
2.4350894
2.4856391
2.5376063
2.5914112
2.6480450
2.7054461
2.7654397
2.8263024
2.8898623
2.9567564
3.0236472
3.0928427
3.1643622
3.2368482
3.3145863
3.3942453
3.4773731
3.5603136
3.6458641
3.7373336
3.8313535
3.9245286
4.0215198
4.1194044
4.2219383
4.3280215
4.4371849
4.5473846
4.6620421
4.7784606
4.9051232
5.0364378
5.1717356
5.3061797
5.4453836
5.5874967
5.7389023
5.8954771
6.0492580
6.2195638
6.3961160
6.5709649
6.7582140
6.9459578
7.1415243
7.3436841
7.5503981
7.7586357
7.9754842
8.1968770
8.4296121
8.6657426
8.9130424
9.1655560
9.4354330
9.7044842
9.9956915
10.283973
10.582010
10.893224
11.214061
11.540536
11.876597
12.233476
12.598183
12.967111
13.342403
13.744669
14.167127
14.589498
15.017060
15.477102
15.936800
16.428915
16.934013
17.456380
17.995442
18.548741
19.111871
19.697960
20.299152
20.926613
21.584970
22.252940
22.948580
23.645821
24.393001
25.153347
25.944406
26.743014
27.572817
28.434250
29.338612
30.240507
31.192616
32.165927
33.189185
34.242448
35.336279
36.466552
37.622035
38.822717
40.044004
41.313604
42.649619
44.011944
45.432001
46.876189
48.390147
49.940916
51.556509
53.252045
54.998825
56.744182
58.541287
60.430075
62.365871
64.323767
66.357308
68.418834
70.518264
72.725768
75.027325
77.424468
79.884434
82.372049
85.016654
87.725528
90.391953
93.158750
95.976166
98.768161
101.71136
104.69005
107.77019
110.90034
114.18442
117.56533
120.97474
124.32223
127.75099
131.42790
135.25348
139.13305
142.97640
146.79313
150.71939
154.80313
158.92280
163.16026
167.27224
171.40157
175.77518
180.18735
184.63153
189.10692
193.69782
198.40170
203.17325
208.11872
213.09561
218.07908
223.11289
228.18678
233.40722
238.66089
244.14064
249.43908
254.68327
260.16384
265.50488
271.06874
276.61458
282.26632
287.74828
293.33630
299.27006
305.32769
311.42152
317.54001
323.51649
329.54974
335.69839
342.17982
348.56810
355.39995
362.13900
369.28815
376.45670
383.35913
390.53371
397.41875
404.46811
411.78136
419.11826
426.47527
433.80808
440.76074
447.61795
454.98754
462.38245
469.52948
477.30145
484.85114
492.09460
499.37117
506.79115
514.69335
522.93975
531.12790
539.01598
547.01720
554.68516
562.63216
570.52310
578.37538
586.39518
594.37270
602.79846
611.18161
619.85883
628.38535
636.87201
645.46790
654.60601
663.43637
672.83802
682.51836
692.35426
701.86404
711.39746
721.39324
731.53996
741.26742
750.91542
761.88376
772.70396
783.32834
794.19773
804.51899
814.94226
825.55299
836.60019
847.75403
858.98297
869.75236
880.44016
891.55484
902.27892
914.07451
926.65179
938.72996
950.83308
962.22923
974.57297
986.56425
1000.3357
1013.5857
1027.0932
1041.0377
1055.2449
1069.9227
1085.8441
1101.3426
1118.4530
1136.5502
1155.4284
1175.0045
1195.2134
1215.4327
1236.8380
1258.6614
1282.9530
1308.0256
1335.3685
1366.3527
1399.7124
1434.7201
1475.7059
1524.8198
1577.5122
1636.0555
1720.1416
1816.5838
1960.7844
2269.7592
