0.0026039387
0.0051190288
0.0076298387
0.010194742
0.012757850
0.015344104
0.017895994
0.020502888
0.023109241
0.025722442
0.028296442
0.030909023
0.033555669
0.036189743
0.038846207
0.041527058
0.044190721
0.046800497
0.049481779
0.052185041
0.054933654
0.057632634
0.060376057
0.063090364
0.065845347
0.068631319
0.071395334
0.074167672
0.076914280
0.079692578
0.082556541
0.085421182
0.088255213
0.091135595
0.094006181
0.096855383
0.099713997
0.10260618
0.10551448
0.10841616
0.11126316
0.11423069
0.11713803
0.12008012
0.12302374
0.12594233
0.12893352
0.13189493
0.13488994
0.13787992
0.14087883
0.14386863
0.14697211
0.14999961
0.15309343
0.15615102
0.15923711
0.16233279
0.16541509
0.16857865
0.17167377
0.17478049
0.17791213
0.18111575
0.18423637
0.18746245
0.19067667
0.19392481
0.19719985
0.20041560
0.20371301
0.20696270
0.21022999
0.21351351
0.21681748
0.22021168
0.22350440
0.22686506
0.23022855
0.23358254
0.23700262
0.24042685
0.24386119
0.24724757
0.25068962
0.25408137
0.25758523
0.26103542
0.26456293
0.26807449
0.27161367
0.27513695
0.27870297
0.28225812
0.28583570
0.28943892
0.29304291
0.29658503
0.30024678
0.30396383
0.30767247
0.31140756
0.31510720
0.31887932
0.32264452
0.32639533
0.33021849
0.33401815
0.33786568
0.34173345
0.34557391
0.34945129
0.35339351
0.35731430
0.36124792
0.36519001
0.36925187
0.37321883
0.37724848
0.38125164
0.38523436
0.38923792
0.39330065
0.39735603
0.40149483
0.40570686
0.40987576
0.41405779
0.41820328
0.42244206
0.42674525
0.43096391
0.43517131
0.43950095
0.44382072
0.44816170
0.45257148
0.45700501
0.46147732
0.46588409
0.47038225
0.47487991
0.47937159
0.48388300
0.48845947
0.49304441
0.49767744
0.50230236
0.50698013
0.51167744
0.51639811
0.52116298
0.52591248
0.53065064
0.53545725
0.54033787
0.54519757
0.55005385
0.55505025
0.56004418
0.56498734
0.56999211
0.57498708
0.58002252
0.58504507
0.59011879
0.59521523
0.60040046
0.60560764
0.61086520
0.61611959
0.62149808
0.62677156
0.63210025
0.63744907
0.64285691
0.64830245
0.65376662
0.65934004
0.66503688
0.67063069
0.67629797
0.68193589
0.68764681
0.69337833
0.69913790
0.70491169
0.71082832
0.71669977
0.72266675
0.72850054
0.73440470
0.74053265
0.74650737
0.75264315
0.75888645
0.76508679
0.77128328
0.77748468
0.78375883
0.79011816
0.79646407
0.80283326
0.80925893
0.81591302
0.82240963
0.82911841
0.83588495
0.84260274
0.84934020
0.85610136
0.86304836
0.86991555
0.87703272
0.88413100
0.89124868
0.89840329
0.90548950
0.91276198
0.92012568
0.92751370
0.93499348
0.94242250
0.95007274
0.95763230
0.96537300
0.97309549
0.98096167
0.98896557
0.99691754
1.0048659
1.0129242
1.0210975
1.0290883
1.0372511
1.0455930
1.0540291
1.0623835
1.0709827
1.0795632
1.0883562
1.0970358
1.1059620
1.1148289
1.1237451
1.1326508
1.1418323
1.1510819
1.1602710
1.1695993
1.1790184
1.1883523
1.1979936
1.2077927
1.2174507
1.2271765
1.2369610
1.2467844
1.2568561
1.2670319
1.2770822
1.2871899
1.2974090
1.3076395
1.3182304
1.3287955
1.3394584
1.3501437
1.3611603
1.3720931
1.3830507
1.3938026
1.4050088
1.4163458
1.4276857
1.4391002
1.4507351
1.4622355
1.4739491
1.4857712
1.4976016
1.5096497
1.5218616
1.5341226
1.5461890
1.5586505
1.5712765
1.5839058
1.5964687
1.6091687
1.6220045
1.6349939
1.6480718
1.6611446
1.6741466
1.6875667
1.7008956
1.7144410
1.7279854
1.7417292
1.7558117
1.7695785
1.7837158
1.7980804
1.8123021
1.8267000
1.8415540
1.8563662
1.8712885
1.8862365
1.9012322
1.9162613
1.9314897
1.9466847
1.9622322
1.9779919
1.9937338
2.0095355
2.0255323
2.0414802
2.0573472
2.0738178
2.0902008
2.1066334
2.1234370
2.1404295
2.1571660
2.1742989
2.1912631
2.2088000
2.2261407
2.2435507
2.2614621
2.2791569
2.2974908
2.3153928
2.3337068
2.3520884
2.3704478
2.3893416
2.4081259
2.4271509
2.4464009
2.4658685
2.4854249
2.5047271
2.5243372
2.5444980
2.5644600
2.5848763
2.6050586
2.6260928
2.6465719
2.6677567
2.6889914
2.7101370
2.7313450
2.7533244
2.7750189
2.7968639
2.8186048
2.8407853
2.8632111
2.8857268
2.9084730
2.9314883
2.9546105
2.9778797
3.0012862
3.0246773
3.0487234
3.0728215
3.0970811
3.1212377
3.1457459
3.1699449
3.1948393
3.2197529
3.2451946
3.2705752
3.2957546
3.3210663
3.3467092
3.3730416
3.3993690
3.4262713
3.4524755
3.4794944
3.5064789
3.5335012
3.5610554
3.5884397
3.6160826
3.6439310
3.6722367
3.7008840
3.7303662
3.7595572
3.7888521
3.8179110
3.8477519
3.8776206
3.9076933
3.9384215
3.9689622
3.9998903
4.0309708
4.0620017
4.0936251
4.1252887
4.1574726
4.1895328
4.2220842
4.2548098
4.2875223
4.3213682
4.3549957
4.3891073
4.4228707
4.4572466
4.4920216
4.5270924
4.5620664
4.5975915
4.6333093
4.6685091
4.7050563
4.7408242
4.7775965
4.8141191
4.8517386
4.8894046
4.9273197
4.9651746
5.0033401
5.0425728
5.0811143
5.1207442
5.1605954
5.2002823
5.2403887
5.2815536
5.3223062
5.3635070
5.4053837
5.4469568
5.4887503
5.5311594
5.5736450
5.6168207
5.6600735
5.7040021
5.7485954
5.7939146
5.8386657
5.8839631
5.9293015
5.9750785
6.0213699
6.0687247
6.1165810
6.1633928
6.2111713
6.2588224
6.3074983
6.3553478
6.4054020
6.4557381
6.5049477
6.5551484
6.6067299
6.6580755
6.7098144
6.7615075
6.8134517
6.8662526
6.9189340
6.9722861
7.0268716
7.0807571
7.1356213
7.1905696
7.2467712
7.3027610
7.3596793
7.4165738
7.4735711
7.5317497
7.5901288
7.6480122
7.7074782
7.7674020
7.8279774
7.8877799
7.9494668
8.0117140
8.0745071
8.1378597
8.2011007
8.2649152
8.3294027
8.3942900
8.4594310
8.5256387
8.5918943
8.6591382
8.7262238
8.7938857
8.8620476
8.9309837
8.9994159
9.0692164
9.1403186
9.2111681
9.2831913
9.3557639
9.4288378
9.5019271
9.5761461
9.6515337
9.7265384
9.8016825
9.8769321
9.9520391
10.029318
10.106447
10.184835
10.262904
10.341575
10.421906
10.503813
10.585557
10.667458
10.749130
10.833925
10.919363
11.004217
11.090237
11.175329
11.261811
11.349836
11.437051
11.526471
11.615253
11.704951
11.795607
11.886949
11.980398
12.072513
12.167587
12.263280
12.359656
12.456304
12.553765
12.651652
12.752280
12.853801
12.954983
13.055177
13.157282
13.259637
13.364710
13.468024
13.573866
13.680981
13.789005
13.898078
14.007402
14.118260
14.229370
14.340051
14.452509
14.567562
14.681303
14.797161
14.913767
15.030699
15.151414
15.270330
15.392329
15.515647
15.635898
15.760232
15.886095
16.010440
16.136173
16.263986
16.392359
16.522723
16.654206
16.786063
16.920436
17.054237
17.189345
17.324933
17.461961
17.600771
17.740666
17.880584
18.024287
18.168790
18.313853
18.457053
18.601367
18.748932
18.896301
19.046782
19.196435
19.350139
19.499054
19.654831
19.813258
19.971371
20.130967
20.288991
20.452381
20.614893
20.779202
20.944026
21.110967
21.280298
21.448870
21.619292
21.794802
21.973107
22.145923
22.323260
22.502240
22.680516
22.861158
23.046479
23.231153
23.417602
23.607359
23.797337
23.988432
24.179015
24.372406
24.569762
24.766860
24.969103
25.169548
25.369880
25.572705
25.780159
25.985235
26.195682
26.406879
26.619885
26.836133
27.054945
27.274547
27.495794
27.719820
27.945623
28.169682
28.400563
28.631867
28.863647
29.099665
29.335946
29.572384
29.814163
30.061923
30.309901
30.558910
30.808920
31.060759
31.312620
31.570451
31.825507
32.085338
32.346014
32.610577
32.878741
33.148334
33.420657
33.697521
33.978874
34.259605
34.543047
34.830186
35.120607
35.414531
35.707486
36.002973
36.297106
36.601242
36.901069
37.203975
37.510875
37.821986
38.139346
38.452933
38.774633
39.097482
39.425184
39.757184
40.092719
40.426751
40.760892
41.102296
41.447355
41.790188
42.143460
42.501795
42.855007
43.212330
43.577950
43.941868
44.311498
44.687304
45.055880
45.436637
45.820304
46.204229
46.590689
46.986976
47.374977
47.777896
48.177157
48.581990
48.997960
49.411017
49.833484
50.258766
50.688036
51.118963
51.548112
51.985176
52.428057
52.874733
53.323579
53.779161
54.241073
54.701668
55.177220
55.652286
56.131386
56.620487
57.111371
57.599003
58.096715
58.595653
59.107748
59.620176
60.142378
60.671363
61.213953
61.749005
62.293308
62.835965
63.386015
63.942372
64.498125
65.060417
65.641203
66.210708
66.802588
67.383588
67.979166
68.574887
69.186808
69.797289
70.421789
71.058662
71.691799
72.336684
72.985510
73.658617
74.294695
74.964020
75.633879
76.321350
76.999730
77.697809
78.401391
79.096886
79.814036
80.537353
81.262753
82.002602
82.744829
83.500188
84.257841
85.016485
85.798538
86.571770
87.369479
88.159036
88.961212
89.775286
90.608120
91.451863
92.297439
93.138446
93.998811
94.876997
95.778600
96.680632
97.599010
98.510184
99.436283
100.35466
101.28687
102.22407
103.18588
104.15187
105.14213
106.11817
107.11411
108.13943
109.15753
110.19248
111.22394
112.28480
113.36238
114.45353
115.54781
116.66378
117.78470
118.92050
120.06268
121.21201
122.39979
123.57909
124.77828
126.00184
127.23327
128.45558
129.73020
131.02154
132.31133
133.60488
134.92378
136.28579
137.63318
139.01853
140.41155
141.78793
143.22271
144.66717
146.11071
147.61478
149.10650
150.61555
152.16602
153.71300
155.28359
156.86766
158.44135
160.06991
161.71675
163.38087
165.05617
166.78855
168.51741
170.28574
172.06931
173.88748
175.74591
177.64125
179.49307
181.39837
183.33394
185.27029
187.24076
189.22644
191.26464
193.35718
195.44811
197.53683
199.70130
201.86500
204.08961
206.33664
208.61209
210.91139
213.28033
215.67764
218.09899
220.59102
223.09218
225.58893
228.14387
230.69909
233.30652
235.97559
238.68578
241.42313
244.20821
247.00995
249.89964
252.82669
255.78352
258.77572
261.82790
264.93352
268.13862
271.34658
274.60729
277.95241
281.32426
284.74189
288.22971
291.80561
295.36028
299.08049
302.80551
306.52912
310.32336
314.29145
318.25854
322.29057
326.35727
330.60057
334.85634
339.27570
343.74202
348.21998
352.88626
357.61275
362.35457
367.28969
372.23275
377.36940
382.60528
387.91500
393.31038
398.76840
404.26391
409.93487
415.76835
421.62852
427.75478
434.03815
440.54348
447.03812
453.69410
460.45424
467.40084
474.51461
481.86876
489.18770
496.83235
504.71232
512.75157
520.93486
529.33991
537.85459
546.86157
556.03344
565.24583
574.87325
584.76763
594.83805
605.43764
616.10638
627.20581
638.68348
650.55876
662.74594
675.13664
688.03934
701.48955
715.63172
730.24897
745.15161
760.95007
777.05653
794.06911
811.53637
829.67797
848.54725
868.57974
889.42826
910.67579
933.10890
956.73805
982.03631
1008.9723
1037.5150
1067.7915
1100.2745
1134.7237
1171.1237
1211.0248
1253.4576
1299.6396
1348.8216
1403.2100
1465.3927
1535.9909
1615.6537
1708.7230
1819.5233
1959.4234
2149.6914
2440.3043
3016.4924
