13.668999
14.832115
15.531543
16.050226
16.467709
16.828094
17.141089
17.425309
17.681562
17.916139
18.131147
18.333560
18.524074
18.706007
18.874943
19.036977
19.192992
19.344220
19.488086
19.626066
19.759895
19.889097
20.014679
20.135845
20.254255
20.369174
20.481369
20.588533
20.693013
20.796118
20.897560
20.994826
21.092254
21.188864
21.282131
21.374364
21.465172
21.552234
21.637823
21.721364
21.806025
21.888521
21.970244
22.049465
22.128001
22.204890
22.281813
22.359123
22.433714
22.505421
22.578347
22.650765
22.721964
22.792106
22.861515
22.929705
22.996607
23.063305
23.129315
23.195659
23.260192
23.323697
23.386717
23.450147
23.512239
23.574282
23.635179
23.697147
23.758112
23.819112
23.878242
23.937138
23.994934
24.052411
24.109067
24.165570
24.222979
24.278153
24.334643
24.390255
24.445829
24.500003
24.556006
24.609721
24.662518
24.714406
24.766866
24.819990
24.872051
24.924048
24.975692
25.026410
25.076345
25.125865
25.175509
25.225046
25.274888
25.323699
25.373879
25.423253
25.472717
25.521601
25.568869
25.617064
25.664966
25.712707
25.760024
25.807066
25.854213
25.901669
25.949363
25.996094
26.042502
26.088235
26.134433
26.179634
26.225943
26.271817
26.316840
26.361611
26.407098
26.451585
26.495877
26.540551
26.584717
26.628936
26.672480
26.715688
26.759158
26.802159
26.844413
26.887319
26.930731
26.973398
27.015595
27.057937
27.100518
27.142427
27.185177
27.227603
27.269465
27.310815
27.352319
27.393235
27.434691
27.475907
27.517326
27.558949
27.600360
27.641726
27.682667
27.723348
27.763971
27.803555
27.844764
27.885263
27.925396
27.965621
28.005842
28.046206
28.085829
28.126319
28.166475
28.206325
28.246102
28.285902
28.324995
28.364469
28.403401
28.443098
28.482546
28.521208
28.560349
28.598990
28.638142
28.677230
28.715665
28.754400
28.792718
28.830854
28.869563
28.908291
28.947539
28.986078
29.024640
29.063267
29.101462
29.139389
29.178232
29.216010
29.254069
29.291748
29.329511
29.367801
29.405790
29.444239
29.482465
29.519878
29.557831
29.596041
29.633588
29.671126
29.709022
29.746920
29.783597
29.820921
29.858191
29.895742
29.933446
29.970625
30.008771
30.046175
30.084118
30.121121
30.158594
30.196534
30.233343
30.271095
30.307647
30.345065
30.382309
30.419663
30.456663
30.493677
30.530092
30.567610
30.604357
30.641251
30.678237
30.715539
30.752726
30.789496
30.826273
30.863267
30.900715
30.937016
30.973692
31.010349
31.047851
31.085142
31.122383
31.159554
31.196911
31.233816
31.271565
31.308667
31.345482
31.382250
31.419350
31.456033
31.493617
31.530879
31.567934
31.604871
31.642414
31.679794
31.716597
31.753621
31.791018
31.827968
31.864730
31.901265
31.937626
31.974334
32.011760
32.048077
32.085386
32.123073
32.159908
32.196750
32.233979
32.271311
32.308574
32.345587
32.382891
32.419608
32.457245
32.494321
32.531457
32.568602
32.605904
32.643075
32.680271
32.717436
32.754799
32.791894
32.829557
32.866679
32.903758
32.941104
32.978309
33.014891
33.052099
33.090148
33.128095
33.166516
33.204111
33.241355
33.278958
33.316850
33.355111
33.392738
33.430235
33.468215
33.505892
33.543632
33.582210
33.619914
33.658103
33.695923
33.734063
33.772530
33.809755
33.848786
33.887650
33.926351
33.965202
34.003947
34.042665
34.081681
34.119913
34.158127
34.195929
34.235093
34.273615
34.312426
34.351556
34.390196
34.428518
34.467758
34.507399
34.546783
34.586312
34.626055
34.666347
34.705884
34.745379
34.784812
34.825152
34.864682
34.904289
34.944169
34.983683
35.024462
35.065123
35.105210
35.145761
35.185347
35.225731
35.265921
35.305883
35.346125
35.386965
35.427837
35.468929
35.510153
35.550710
35.591550
35.633102
35.674939
35.715799
35.757891
35.799493
35.841166
35.883470
35.925036
35.966642
36.008724
36.050878
36.093108
36.135697
36.177187
36.219942
36.263085
36.304944
36.348081
36.390716
36.433742
36.476530
36.519456
36.561998
36.605280
36.648659
36.692451
36.736542
36.780382
36.823314
36.867047
36.910975
36.955526
36.999870
37.044367
37.088808
37.133145
37.178585
37.223966
37.268427
37.313399
37.358727
37.403772
37.450215
37.496387
37.542236
37.587804
37.633722
37.680405
37.726815
37.772989
37.820556
37.866583
37.913746
37.960659
38.008020
38.056192
38.103181
38.150570
38.198521
38.246400
38.294607
38.342096
38.390476
38.439656
38.488456
38.537316
38.586548
38.635585
38.685950
38.735189
38.784868
38.835104
38.885681
38.935633
38.985927
39.036502
39.086738
39.137042
39.188670
39.239643
39.291382
39.343772
39.396190
39.448173
39.499938
39.551668
39.604337
39.657879
39.711062
39.764140
39.818182
39.871683
39.925692
39.980974
40.036297
40.091421
40.146068
40.202479
40.258753
40.315094
40.370563
40.427228
40.483354
40.539898
40.597919
40.655324
40.713696
40.772285
40.831005
40.888810
40.946494
41.006686
41.066884
41.125997
41.186531
41.247891
41.308844
41.369071
41.430245
41.491651
41.553412
41.614844
41.676605
41.739516
41.802970
41.866828
41.928934
41.992494
42.056737
42.121339
42.186225
42.251285
42.317078
42.383713
42.450037
42.517934
42.584827
42.652265
42.720488
42.789308
42.858532
42.928007
42.997983
43.068979
43.139370
43.209796
43.282057
43.354045
43.426745
43.498814
43.571400
43.643534
43.717914
43.790734
43.865095
43.942065
44.019384
44.094619
44.173054
44.251292
44.329688
44.406514
44.484882
44.565638
44.646362
44.726651
44.807778
44.889475
44.971844
45.055610
45.139706
45.223604
45.309350
45.393838
45.480246
45.569624
45.657597
45.745728
45.834431
45.924704
46.015079
46.106296
46.198502
46.292145
46.385003
46.478446
46.573100
46.668088
46.764302
46.859921
46.957717
47.056993
47.156662
47.256751
47.358950
47.460607
47.563001
47.666342
47.770205
47.874856
47.982198
48.088341
48.197762
48.307198
48.417436
48.525281
48.636787
48.749668
48.864071
48.976981
49.092767
49.209169
49.327008
49.446547
49.566754
49.687028
49.808885
49.931933
50.057825
50.181221
50.309146
50.439439
50.568541
50.698883
50.830083
50.963734
51.096700
51.233601
51.367970
51.506542
51.644505
51.783550
51.925112
52.067819
52.210818
52.356604
52.506181
52.655958
52.807220
52.960200
53.112670
53.271271
53.430593
53.587642
53.748295
53.910662
54.072030
54.238009
54.405298
54.573461
54.748952
54.923191
55.096894
55.272697
55.448952
55.631866
55.817231
56.001270
56.189395
56.377484
56.570713
56.763090
56.955592
57.149015
57.347042
57.551642
57.751154
57.958386
58.170754
58.379001
58.588994
58.800407
59.019224
59.240660
59.461167
59.687819
59.912775
60.144594
60.380447
60.611435
60.851418
61.090706
61.332399
61.579207
61.830016
62.085501
62.343654
62.598791
62.860930
63.128043
63.393014
63.664780
63.944656
64.218594
64.496898
64.782680
65.067961
65.362733
65.657577
65.951396
66.251828
66.553011
66.866618
67.175298
67.487526
67.808506
68.128875
68.446102
68.777602
69.118970
69.455158
69.804197
70.158343
70.506965
70.860568
71.225918
71.590162
71.958240
72.327315
72.708194
73.088316
73.469545
73.865850
74.266388
74.665039
75.065519
75.475016
75.888010
76.303602
76.726725
77.163207
77.593693
78.021739
78.465425
78.913202
79.370110
79.836608
80.298730
80.776033
81.249929
81.728833
82.208591
82.705711
83.208163
83.705885
84.216362
84.727486
85.251407
85.789448
86.323752
86.852913
87.397833
87.949738
88.506623
89.068860
89.632700
90.205352
90.778326
91.359788
91.952053
92.544513
93.140553
93.743574
94.357291
94.969556
95.591064
96.225737
96.859930
97.507457
98.143453
98.794286
99.451857
100.10640
100.77054
101.44698
102.13815
102.82534
103.52943
104.22456
104.92494
105.62657
106.32423
107.03774
107.75836
108.47843
109.19695
109.94772
110.69327
111.45312
112.20775
112.96444
113.73309
114.48310
115.24385
116.02448
116.79842
117.57308
118.36606
119.16635
119.97400
120.77219
121.57681
122.37957
123.17074
123.98400
124.80697
125.63694
126.48238
127.31501
128.15655
128.99778
129.83905
130.68659
131.55125
132.42384
133.27047
134.12356
134.99902
135.87140
136.75036
137.63348
138.51265
139.39519
140.28726
141.18487
142.07801
142.99753
143.91658
144.84113
145.76334
146.68835
147.61662
148.53351
149.46895
150.40324
151.34935
152.30056
153.25324
154.21447
155.16637
156.13318
157.10239
158.05792
159.03856
160.01760
161.00629
161.99107
162.97507
163.95765
164.94925
165.94196
166.95841
167.96255
168.99525
170.02241
171.05336
172.07846
173.12146
174.17615
175.25102
176.28718
177.34684
178.40411
179.46054
180.49595
181.55333
182.63158
183.72776
184.83093
185.95552
187.05355
188.15161
189.26773
190.38926
191.48735
192.60076
193.70400
194.84550
195.99345
197.14563
198.27809
199.43749
200.59383
201.75143
202.93665
204.11240
205.30128
206.49971
207.70755
208.92781
210.14874
211.35748
212.57520
213.81344
215.04953
216.28916
217.54129
218.79520
220.03776
221.29892
222.58243
223.89223
225.18027
226.44924
227.75269
229.06155
230.37302
231.69363
233.02191
234.32563
235.65413
237.00775
238.34880
239.69792
241.06800
242.43191
243.83647
245.23591
246.65089
248.07307
249.49858
250.96557
252.43188
253.87318
255.31058
256.77040
258.26077
259.74563
261.21952
262.73182
264.25540
265.78526
267.32687
268.87607
270.41418
271.98583
273.56734
275.14116
276.71256
278.31022
279.88970
281.49707
283.14106
284.81015
286.49790
288.19298
289.89848
291.59525
293.28557
295.01543
296.78924
298.54126
300.29991
302.02952
303.80937
305.61583
307.44465
309.30785
311.16483
313.01187
314.84072
316.70909
318.60443
320.49190
322.41918
324.35787
326.32483
328.26422
330.29553
332.26531
334.28779
336.36300
338.40583
340.48492
342.57969
344.71202
346.82278
348.96403
351.15046
353.36849
355.58054
357.82445
360.04187
362.32280
364.65032
366.96318
369.39801
371.75975
374.21263
376.65750
379.19832
381.79457
384.41211
387.02936
389.65128
392.32448
395.08692
397.82466
400.52365
403.24345
406.05788
408.90553
411.82872
414.82280
417.85867
420.89589
423.89015
426.99918
430.23511
433.52162
436.83833
440.23350
443.67452
447.27050
450.86643
454.53243
458.20635
462.04412
466.01792
469.99613
474.07493
478.23004
482.53292
487.02854
491.71550
496.30390
501.29197
506.14703
511.17281
516.59410
522.24748
527.99501
533.96491
540.14870
547.09311
554.84834
562.64213
571.08237
580.57460
591.72539
606.21877
628.02233
