11.652252
14.064066
15.589632
16.762800
17.732425
18.586630
19.334900
20.010818
20.633068
21.209469
21.738624
22.248829
22.734560
23.195416
23.629183
24.043950
24.445566
24.829725
25.211215
25.578503
25.936011
26.279217
26.612080
26.930111
27.247721
27.558049
27.861169
28.156433
28.453752
28.740413
29.022474
29.296025
29.566916
29.833990
30.097502
30.355421
30.614350
30.863094
31.104564
31.343646
31.585399
31.824667
32.060048
32.293515
32.524201
32.746804
32.969294
33.185552
33.398096
33.617124
33.827882
34.040458
34.250157
34.456824
34.663380
34.866052
35.069685
35.266398
35.463719
35.662108
35.855729
36.047360
36.238401
36.430767
36.619990
36.808692
36.996117
37.182155
37.365763
37.547560
37.723787
37.905609
38.082948
38.259293
38.435792
38.611240
38.784050
38.955410
39.129525
39.303742
39.473639
39.643970
39.814295
39.976722
40.142927
40.306138
40.469664
40.631479
40.792604
40.954034
41.115458
41.275507
41.435175
41.595169
41.753302
41.909718
42.067733
42.224095
42.379459
42.535107
42.688342
42.840861
42.992387
43.144658
43.296270
43.447668
43.599005
43.747194
43.894465
44.046141
44.193997
44.340348
44.487011
44.631635
44.775940
44.920589
45.064455
45.208758
45.352050
45.494310
45.636208
45.777793
45.919251
46.059533
46.201933
46.341041
46.482141
46.623559
46.761617
46.901881
47.038669
47.174436
47.312977
47.452196
47.588846
47.725434
47.862370
48.001077
48.135701
48.270560
48.407115
48.542756
48.675655
48.810284
48.943992
49.076642
49.209593
49.341942
49.474483
49.605297
49.736817
49.869268
49.999342
50.130426
50.261948
50.392220
50.522581
50.651755
50.781439
50.911067
51.039266
51.166757
51.295707
51.422617
51.549881
51.678899
51.806544
51.935427
52.063439
52.190856
52.316963
52.444723
52.571279
52.696655
52.823435
52.948680
53.075183
53.197555
53.320381
53.445928
53.568842
53.693785
53.815410
53.938746
54.061473
54.187144
54.311927
54.434519
54.557310
54.678527
54.800476
54.921125
55.042340
55.162471
55.285049
55.408600
55.530559
55.651800
55.773267
55.893795
56.016195
56.136081
56.258263
56.379569
56.499411
56.618486
56.738872
56.856832
56.975397
57.097940
57.218004
57.338249
57.458577
57.577811
57.696813
57.817605
57.937805
58.054687
58.171267
58.288501
58.407377
58.525828
58.647341
58.766798
58.884629
59.002389
59.121949
59.240353
59.358935
59.476694
59.595279
59.712661
59.830214
59.947920
60.063035
60.180774
60.295874
60.413455
60.529666
60.645928
60.762228
60.880141
60.995359
61.112935
61.228113
61.342815
61.457735
61.574260
61.689027
61.803113
61.919189
62.035874
62.152871
62.270181
62.385764
62.500403
62.615706
62.731860
62.846983
62.962920
63.078371
63.193041
63.308163
63.425021
63.541023
63.656269
63.770275
63.884664
64.000640
64.113137
64.226918
64.341828
64.456532
64.572238
64.684405
64.798897
64.913498
65.028864
65.141964
65.256101
65.370779
65.484644
65.596089
65.708435
65.822850
65.938732
66.053471
66.168333
66.283075
66.398166
66.511933
66.624580
66.737889
66.852072
66.965133
67.079063
67.193216
67.307772
67.420439
67.533397
67.647145
67.760815
67.875306
67.989874
68.102047
68.216099
68.327324
68.441326
68.556431
68.670557
68.785071
68.897972
69.012023
69.126126
69.239709
69.353003
69.467622
69.579021
69.691706
69.805488
69.919444
70.031557
70.142221
70.254720
70.368926
70.481052
70.593587
70.706156
70.819649
70.931939
71.044155
71.157680
71.269898
71.382665
71.496222
71.610735
71.723820
71.838044
71.951862
72.065970
72.179308
72.293448
72.407176
72.520517
72.632821
72.746529
72.858344
72.972524
73.086224
73.201080
73.313001
73.426343
73.539385
73.653146
73.765375
73.879539
73.993483
74.106766
74.221452
74.335704
74.449801
74.565111
74.677834
74.790288
74.903282
75.017652
75.133857
75.247981
75.361112
75.475891
75.589747
75.703463
75.815087
75.929513
76.044461
76.157902
76.274005
76.387486
76.502029
76.615294
76.728343
76.842097
76.957454
77.071693
77.189099
77.303746
77.419636
77.533093
77.647334
77.760928
77.875699
77.988967
78.102522
78.217182
78.332401
78.449236
78.562365
78.677771
78.792264
78.906775
79.021133
79.135851
79.250321
79.367220
79.482462
79.597269
79.712064
79.828614
79.942900
80.058618
80.173751
80.289872
80.406200
80.521710
80.640142
80.755509
80.869373
80.985119
81.099469
81.216445
81.330615
81.446054
81.561948
81.677638
81.795928
81.911318
82.027645
82.145907
82.262829
82.379119
82.495047
82.611682
82.728712
82.846105
82.962804
83.080122
83.196428
83.313337
83.429850
83.547254
83.666489
83.782456
83.899939
84.018392
84.136150
84.252558
84.369440
84.487487
84.607374
84.725416
84.843268
84.964000
85.081010
85.198821
85.315866
85.433670
85.553031
85.669461
85.789210
85.910643
86.027411
86.146170
86.263700
86.381904
86.502753
86.623162
86.742296
86.863773
86.984111
87.101850
87.222553
87.346432
87.467856
87.588015
87.707136
87.828674
87.951130
88.070145
88.191376
88.311749
88.435255
88.556243
88.678752
88.798568
88.920826
89.041535
89.163270
89.286089
89.406472
89.529580
89.651205
89.775030
89.897544
90.022920
90.146359
90.269323
90.393047
90.517129
90.640304
90.764394
90.889343
91.011875
91.136192
91.259334
91.383926
91.509155
91.633719
91.759159
91.883076
92.007220
92.131095
92.255470
92.378878
92.502913
92.627587
92.754021
92.880083
93.004275
93.127436
93.254657
93.379531
93.506334
93.630207
93.758386
93.884721
94.010000
94.138856
94.265971
94.395339
94.522368
94.649808
94.777298
94.905772
95.031683
95.159554
95.282700
95.410097
95.539235
95.668387
95.796996
95.925947
96.053571
96.183166
96.313458
96.442037
96.572053
96.702201
96.830602
96.961001
97.090822
97.223337
97.354247
97.485657
97.617045
97.746829
97.876957
98.007841
98.138710
98.272681
98.404771
98.537868
98.669435
98.800708
98.931890
99.060481
99.195026
99.328494
99.461136
99.596118
99.729742
99.864200
99.998202
100.13305
100.26761
100.40182
100.53453
100.66850
100.80366
100.94007
101.07482
101.21203
101.34870
101.48524
101.62279
101.75845
101.89500
102.03488
102.17188
102.30858
102.44915
102.58844
102.72692
102.86432
103.00012
103.14052
103.27812
103.41778
103.55634
103.69753
103.83575
103.97414
104.11534
104.25766
104.39901
104.53731
104.67861
104.81945
104.96223
105.10133
105.24428
105.38465
105.52771
105.67043
105.81098
105.95224
106.09351
106.23859
106.38105
106.52601
106.67160
106.81702
106.96108
107.10464
107.24913
107.39365
107.53787
107.68366
107.82855
107.97743
108.12618
108.27409
108.42309
108.57123
108.71757
108.86642
109.01482
109.16530
109.31426
109.46071
109.60907
109.75811
109.90662
110.05781
110.20554
110.35657
110.50762
110.66048
110.81248
110.96145
111.11439
111.27042
111.42371
111.57944
111.73313
111.88754
112.04158
112.19735
112.35280
112.51140
112.66790
112.82577
112.98283
113.14088
113.29998
113.45569
113.61414
113.77278
113.93141
114.09242
114.25035
114.41251
114.57329
114.73276
114.89298
115.05275
115.21383
115.37721
115.53760
115.70161
115.86518
116.02846
116.19351
116.35614
116.52105
116.68426
116.84862
117.01216
117.17592
117.34410
117.50994
117.67635
117.84431
118.01101
118.17681
118.34694
118.51498
118.68225
118.85121
119.01948
119.19083
119.35947
119.53125
119.70284
119.87629
120.05001
120.22332
120.39706
120.57218
120.74677
120.92237
121.09765
121.27494
121.45358
121.62762
121.80424
121.98053
122.15994
122.33827
122.51449
122.69500
122.87731
123.05777
123.24150
123.42116
123.60202
123.78290
123.96779
124.15025
124.33224
124.51579
124.69793
124.88452
125.07070
125.26086
125.44826
125.63227
125.81836
126.00611
126.19371
126.38085
126.57120
126.75727
126.95202
127.14422
127.33642
127.53382
127.72767
127.92290
128.11891
128.31120
128.50863
128.70768
128.90810
129.10382
129.30268
129.50018
129.70382
129.90469
130.10496
130.30372
130.50532
130.70670
130.91242
131.11738
131.31984
131.52528
131.73154
131.93951
132.14662
132.35625
132.56413
132.77122
132.98116
133.19199
133.40547
133.61826
133.83317
134.04712
134.26168
134.47789
134.69187
134.90697
135.12605
135.34583
135.56657
135.78959
136.00970
136.23691
136.45747
136.67843
136.90299
137.12597
137.35148
137.57649
137.80516
138.03108
138.26197
138.49474
138.72960
138.96476
139.19877
139.42752
139.66563
139.90206
140.13950
140.37531
140.61084
140.85466
141.09575
141.34069
141.58339
141.82799
142.07051
142.31876
142.56709
142.81640
143.07318
143.32689
143.57500
143.83053
144.08834
144.34461
144.59935
144.85224
145.11298
145.37540
145.63438
145.89735
146.16862
146.43370
146.69771
146.96816
147.23802
147.51112
147.78187
148.05556
148.33295
148.61106
148.89275
149.17090
149.45137
149.73453
150.02190
150.31032
150.59559
150.88623
151.17591
151.47388
151.77091
152.06528
152.36351
152.66222
152.95461
153.25277
153.56060
153.86419
154.16744
154.48131
154.79499
155.10263
155.41834
155.73778
156.05559
156.37838
156.70819
157.03219
157.36012
157.68768
158.01455
158.34193
158.67562
159.01394
159.36255
159.71203
160.05175
160.40197
160.75220
161.10136
161.45791
161.81732
162.17114
162.53903
162.90312
163.26594
163.62799
164.00122
164.37994
164.75947
165.14256
165.52813
165.91264
166.30247
166.69435
167.08410
167.48844
167.89026
168.29352
168.69655
169.10481
169.51799
169.93563
170.35405
170.78564
171.21246
171.65316
172.09961
172.54217
172.98495
173.43640
173.88945
174.35200
174.81040
175.28091
175.75458
176.24388
176.71978
177.20316
177.69323
178.19328
178.69703
179.21241
179.72840
180.26513
180.78726
181.32785
181.86742
182.41733
182.97499
183.51908
184.08729
184.67089
185.24298
185.83815
186.42735
187.03007
187.64793
188.26953
188.90418
189.55535
190.20145
190.87019
191.54102
192.23104
192.91935
193.62423
194.34802
195.06795
195.81001
196.55490
197.32160
198.10358
198.90443
199.72030
200.55709
201.39958
202.25966
203.12897
204.02057
204.93713
205.86566
206.82984
207.81154
208.80128
209.82383
210.87576
211.95884
213.06189
214.21348
215.39742
216.61538
217.85632
219.15469
220.47109
221.84680
223.25035
224.71148
226.24802
227.82722
229.48109
231.18802
233.00645
234.91758
236.89562
239.02712
241.26782
243.63659
246.16709
248.85408
251.73635
254.90393
258.41629
262.29762
266.63746
271.39824
276.97600
283.57921
291.78921
302.77263
318.67310
349.63294
