0.25109204
0.33529975
0.39624838
0.44785419
0.49254544
0.53348309
0.57109556
0.60666157
0.64068678
0.67334317
0.70469851
0.73512412
0.76418531
0.79314808
0.82114199
0.84869929
0.87581466
0.90252831
0.92902395
0.95438516
0.97974119
1.0053908
1.0304998
1.0558665
1.0801737
1.1051015
1.1291889
1.1531410
1.1776780
1.2017418
1.2261852
1.2501767
1.2741698
1.2980375
1.3220627
1.3460120
1.3700195
1.3940846
1.4179882
1.4416921
1.4657044
1.4896099
1.5136579
1.5372275
1.5609755
1.5847373
1.6087545
1.6326178
1.6569046
1.6808326
1.7056373
1.7297324
1.7542672
1.7786342
1.8031204
1.8275240
1.8518025
1.8765539
1.9009672
1.9254760
1.9499230
1.9751291
2.0002071
2.0246270
2.0494817
2.0748625
2.1000129
2.1252251
2.1504917
2.1761303
2.2017779
2.2273846
2.2529946
2.2785583
2.3042595
2.3301554
2.3558334
2.3819502
2.4082916
2.4345563
2.4611075
2.4878583
2.5139282
2.5406167
2.5677586
2.5950427
2.6217447
2.6484477
2.6754198
2.7029456
2.7305211
2.7580875
2.7853601
2.8131507
2.8407478
2.8688466
2.8972456
2.9259452
2.9541563
2.9823149
3.0109548
3.0392789
3.0681333
3.0970616
3.1261956
3.1553047
3.1847949
3.2140466
3.2433814
3.2725153
3.3024108
3.3323941
3.3621438
3.3926136
3.4223905
3.4528686
3.4833161
3.5140662
3.5446020
3.5753229
3.6062046
3.6370721
3.6679380
3.6989621
3.7303372
3.7621102
3.7937364
3.8257249
3.8576474
3.8895202
3.9216852
3.9533856
3.9851488
4.0172679
4.0493669
4.0822366
4.1152114
4.1481800
4.1811466
4.2149358
4.2476855
4.2814295
4.3148212
4.3479744
4.3814433
4.4154861
4.4496090
4.4839207
4.5189478
4.5535599
4.5883935
4.6230348
4.6579032
4.6931583
4.7286389
4.7645745
4.8004658
4.8365294
4.8719957
4.9077335
4.9445578
4.9808942
5.0175068
5.0546569
5.0913558
5.1282315
5.1653935
5.2032088
5.2411179
5.2791387
5.3171032
5.3558671
5.3938190
5.4325903
5.4712270
5.5097651
5.5488508
5.5879984
5.6272310
5.6669961
5.7066629
5.7464838
5.7874379
5.8276703
5.8680373
5.9076349
5.9475376
5.9890332
6.0299503
6.0706229
6.1116415
6.1535937
6.1951631
6.2368053
6.2789283
6.3207947
6.3630280
6.4050830
6.4480839
6.4909974
6.5348893
6.5786833
6.6220592
6.6664911
6.7108930
6.7549123
6.7990627
6.8436470
6.8884390
6.9334744
6.9773170
7.0229149
7.0689231
7.1144141
7.1606626
7.2062727
7.2523389
7.2990360
7.3460910
7.3924698
7.4394202
7.4863130
7.5343303
7.5819108
7.6301127
7.6777188
7.7251797
7.7737442
7.8225830
7.8720631
7.9208585
7.9708059
8.0204351
8.0709044
8.1204161
8.1698338
8.2194833
8.2702867
8.3214213
8.3730492
8.4239699
8.4749611
8.5264044
8.5777830
8.6300641
8.6820243
8.7343980
8.7874953
8.8402602
8.8927685
8.9458127
8.9991672
9.0532383
9.1080024
9.1620358
9.2169059
9.2717022
9.3270486
9.3818732
9.4366725
9.4917460
9.5472552
9.6032564
9.6588646
9.7143534
9.7709232
9.8271351
9.8840450
9.9406941
9.9989239
10.055546
10.113814
10.172151
10.230870
10.290546
10.349390
10.408807
10.467515
10.527816
10.588561
10.649779
10.710347
10.771845
10.832435
10.893535
10.955842
11.018252
11.080380
11.142955
11.207311
11.270330
11.333833
11.396356
11.459070
11.522205
11.586655
11.650801
11.715706
11.780218
11.845389
11.911154
11.977461
12.043966
12.110293
12.177125
12.244400
12.310984
12.378276
12.446037
12.513783
12.582223
12.651953
12.720169
12.790056
12.860322
12.929316
12.999279
13.069240
13.138679
13.210164
13.281477
13.352620
13.425345
13.498094
13.570325
13.643812
13.718573
13.793153
13.866517
13.941662
14.016467
14.093146
14.168278
14.243074
14.318612
14.394143
14.470869
14.548440
14.624917
14.701719
14.780229
14.858505
14.936084
15.015271
15.094316
15.174132
15.255546
15.335183
15.416117
15.496734
15.577059
15.657750
15.740701
15.823081
15.906473
15.990036
16.074709
16.157778
16.241628
16.326340
16.410419
16.496673
16.580620
16.666647
16.752083
16.837906
16.924042
17.011027
17.097678
17.186302
17.275602
17.365383
17.454050
17.543440
17.633421
17.723068
17.813442
17.904581
17.997559
18.087915
18.179720
18.273531
18.367287
18.460153
18.554694
18.648737
18.743758
18.838768
18.934534
19.029613
19.125100
19.222219
19.319864
19.419190
19.517813
19.617088
19.716127
19.814637
19.913858
20.014145
20.114820
20.215850
20.314657
20.416679
20.518412
20.621198
20.725497
20.828919
20.932879
21.038099
21.142135
21.248174
21.353743
21.460342
21.569318
21.674931
21.783137
21.892807
22.000782
22.111041
22.219519
22.330841
22.442616
22.555189
22.670142
22.782761
22.895299
23.010169
23.124131
23.237114
23.353825
23.468689
23.584639
23.701127
23.818629
23.935921
24.053542
24.172413
24.291449
24.409111
24.528829
24.647753
24.768895
24.888738
25.012580
25.135725
25.258613
25.382416
25.506947
25.633472
25.758787
25.886798
26.014995
26.142524
26.270696
26.399183
26.527169
26.656358
26.784938
26.914149
27.046721
27.179597
27.311306
27.445182
27.579945
27.714977
27.849694
27.984746
28.118408
28.254556
28.392470
28.529991
28.668500
28.808918
28.948478
29.089217
29.231996
29.373732
29.516405
29.660618
29.805825
29.948491
30.092128
30.237642
30.383551
30.533108
30.681758
30.828066
30.978633
31.127934
31.278601
31.426167
31.576991
31.731129
31.882389
32.034230
32.188528
32.341917
32.498563
32.654785
32.811064
32.971716
33.132485
33.291026
33.450160
33.607710
33.768248
33.931690
34.096394
34.259538
34.427058
34.591001
34.756838
34.919272
35.086186
35.253594
35.421048
35.591148
35.761892
35.931073
36.104312
36.276134
36.449491
36.624305
36.799061
36.976857
37.156125
37.333990
37.513877
37.692943
37.871581
38.054316
38.236106
38.419945
38.603416
38.787836
38.972861
39.158831
39.344756
39.534530
39.718637
39.907900
40.100184
40.295290
40.489926
40.682249
40.876460
41.072783
41.267782
41.468321
41.669012
41.869660
42.070877
42.273729
42.477501
42.680497
42.887834
43.093319
43.300089
43.508574
43.717485
43.927123
44.135431
44.344077
44.555854
44.770006
44.985134
45.200713
45.417748
45.630657
45.848869
46.066094
46.280814
46.501617
46.725247
46.949879
47.176402
47.400170
47.624659
47.854260
48.081479
48.310103
48.544306
48.772946
49.006805
49.244974
49.478616
49.717977
49.957130
50.197771
50.440150
50.686257
50.926103
51.167654
51.410925
51.662723
51.909947
52.156687
52.407896
52.659422
52.913401
53.170410
53.424211
53.676683
53.939710
54.195235
54.454004
54.719741
54.983872
55.252030
55.517638
55.785020
56.051973
56.323029
56.593122
56.866380
57.142220
57.419088
57.695215
57.971772
58.254982
58.534083
58.819064
59.105010
59.391656
59.679405
59.965326
60.256481
60.549097
60.844542
61.140734
61.435933
61.734760
62.035436
62.335920
62.643896
62.946696
63.250818
63.561096
63.867496
64.179869
64.492324
64.811098
65.130378
65.447197
65.771904
66.093972
66.419023
66.744388
67.068258
67.400825
67.728971
68.055747
68.388573
68.726211
69.062219
69.401341
69.740941
70.082622
70.422655
70.759383
71.109537
71.460419
71.817307
72.171565
72.526668
72.880707
73.246702
73.602846
73.959087
74.328977
74.694872
75.068913
75.443056
75.810251
76.184348
76.560643
76.937244
77.322013
77.699884
78.089745
78.477323
78.871359
79.259781
79.668829
80.059996
80.462573
80.866050
81.270015
81.673031
82.078274
82.493206
82.906120
83.321347
83.739323
84.164869
84.587966
85.012487
85.440643
85.870299
86.304792
86.739072
87.182280
87.619000
88.059451
88.512362
88.969291
89.435755
89.894816
90.354842
90.820627
91.284554
91.757554
92.220341
92.695232
93.168194
93.644095
94.119666
94.592673
95.075072
95.573761
96.058015
96.564395
97.053963
97.557805
98.061971
98.570832
99.080870
99.592513
100.10851
100.63089
101.15625
101.68262
102.22125
102.75659
103.28644
103.83062
104.37286
104.92199
105.47327
106.02725
106.58567
107.15071
107.71875
108.28656
108.85478
109.42350
110.00690
110.59562
111.17379
111.76152
112.35719
112.95302
113.57244
114.16767
114.77505
115.38662
116.01884
116.64100
117.26185
117.89070
118.52306
119.15843
119.80272
120.45378
121.10134
121.75122
122.40706
123.07429
123.74840
124.41554
125.08973
125.76247
126.44869
127.13884
127.84360
128.53817
129.23973
129.95126
130.66643
131.38771
132.12158
132.85769
133.59833
134.34554
135.08620
135.83045
136.61097
137.37286
138.13931
138.91954
139.70904
140.48795
141.28948
142.09294
142.89642
143.70162
144.53701
145.36145
146.19657
147.04105
147.86537
148.71949
149.58330
150.45427
151.32786
152.21986
153.09985
153.98385
154.86781
155.77237
156.69317
157.60724
158.53204
159.44762
160.39733
161.34459
162.29774
163.26742
164.22868
165.20188
166.19176
167.18812
168.19135
169.19091
170.22779
171.25482
172.28394
173.34455
174.39062
175.48541
176.56206
177.64556
178.74391
179.84861
180.95220
182.06716
183.17721
184.31608
185.47023
186.62379
187.79822
188.97205
190.15470
191.33585
192.54160
193.76766
195.00541
196.24633
197.48258
198.75733
200.03367
201.32372
202.61715
203.93289
205.25684
206.60673
207.97164
209.31891
210.69649
212.08995
213.48841
214.90264
216.36392
217.82410
219.27768
220.74885
222.22717
223.72684
225.25428
226.78322
228.32516
229.90344
231.52040
233.13913
234.77095
236.41772
238.05884
239.73088
241.42181
243.15168
244.87102
246.59908
248.40994
250.21235
252.04732
253.88372
255.69989
257.54284
259.40933
261.31065
263.20668
265.16390
267.16316
269.18730
271.19347
273.25436
275.29269
277.36304
279.49476
281.65456
283.87057
286.08860
288.33632
290.59475
292.90383
295.24926
297.62574
299.96479
302.37242
304.80289
307.26183
309.79070
312.37432
314.97541
317.61128
320.25257
322.93549
325.67530
328.47493
331.29521
334.17876
337.10788
340.08548
343.07289
346.14703
349.28098
352.44370
355.62881
358.91641
362.19549
365.56428
368.99655
372.49248
376.06087
379.67972
383.30747
387.13011
390.94619
394.86492
398.78691
402.82546
406.93420
411.10314
415.42099
419.78198
424.17846
428.78394
433.38106
438.11950
443.00818
447.93322
453.09862
458.20182
463.44516
468.90558
474.59058
480.22925
486.09667
492.09843
498.30382
504.61059
511.16449
517.94790
524.73548
531.72291
539.06684
546.68929
554.43554
562.54438
570.80257
579.46499
588.26492
597.62304
607.33910
617.36834
627.89305
638.67161
650.16664
662.01266
674.56622
687.82728
702.00769
716.64830
732.47515
749.35250
767.07904
785.95041
806.84512
828.91910
853.33213
880.59783
911.40452
946.23745
985.94912
1033.9837
1091.8387
1168.0721
1280.2758
1494.8462
