100
15

-3.2854e-14
3.97376e-14
-1.58817e-14
-6.57551e-15
-3.79896e-15
2.6925e-14
-2.37819e-14
3.25136e-16
1.31711e-14
-1.26851e-14
5.7695e-15
5.28987e-15
-2.09949e-15
-2.63348e-14
4.43191e-14
-1.99449e-14
-1.97245e-14
3.4817e-14
-1.892e-14
-1.23448e-14
2.49627e-14
-3.55993e-15
1.56066e-17
-4.29173e-14
5.84124e-14
-1.03693e-14
-2.3171e-14
4.04592e-15
1.89893e-14
-1.19687e-14
-2.12771e-14
3.40964e-14
8.59179e-15
-3.18658e-14
-1.47483e-15
3.65455e-15
2.4975e-14
-3.33701e-14
4.56112e-14
-4.2427e-14
3.52666e-14
-4.99696e-14
2.23247e-14
-1.06071e-14
4.33398e-14
-2.54489e-14
-2.62749e-14
9.1637e-14
-6.01871e-14
-9.42845e-15
-1.77449e-14
-1.87123e-14
5.03343e-15
2.09333e-14
-6.53199e-14
6.17016e-14
-1.28574e-13
1.18406e-13
-4.86612e-14
3.38233e-14
-1.9849e-14
-5.8247e-15
-1.3783e-14
-4.65084e-16
3.06005e-14
3.93603e-14
-1.4805e-13
2.01288e-13
-4.7452e-13
1.59129e-12
-6.5827e-12
2.57392e-11
-9.7463e-11
3.60553e-10
-1.30567e-09
4.62228e-09
-1.59808e-08
5.39056e-08
-1.77213e-07
5.67128e-07
-1.76461e-06
5.33098e-06
-1.5614e-05
4.42653e-05
-0.000121248
0.000320242
-0.000813773
0.00198448
-0.00463077
0.0103053
-0.0217852
0.0435411
-0.0818014
0.143408
-0.232366
0.343411
-0.45389
0.519275
-0.481807
0.300856
