100
5

-2.29517e-07
4.67781e-07
-7.23868e-07
1.00751e-06
-1.32946e-06
1.70188e-06
-2.1388e-06
2.65661e-06
-3.27463e-06
4.01582e-06
-4.90761e-06
5.98277e-06
-7.28062e-06
8.84835e-06
-1.07426e-05
1.30312e-05
-1.57958e-05
1.9134e-05
-2.31629e-05
2.80226e-05
-3.38805e-05
4.09367e-05
-4.94296e-05
5.96435e-05
-7.19164e-05
8.66501e-05
-0.000104321
0.000125494
-0.000150836
0.000181135
-0.000217321
0.000260486
-0.000311915
0.000373111
-0.000445836
0.000532144
-0.000634429
0.000755471
-0.000898496
0.00106723
-0.00126598
0.00149969
-0.00177404
0.00209552
-0.00247154
0.00291049
-0.00342191
0.00401653
-0.00470644
0.00550515
-0.00642771
0.00749082
-0.0087129
0.0101142
-0.0117167
0.0135444
-0.0156229
0.0179799
-0.0206442
0.0236464
-0.027018
0.0307913
-0.0349986
0.039672
-0.0448423
0.0505379
-0.0567842
0.0636022
-0.0710068
0.0790054
-0.0875964
0.096767
-0.106491
0.116729
-0.127421
0.138491
-0.149841
0.161352
-0.172877
0.184251
-0.195278
0.205742
-0.215403
0.224002
-0.231262
0.236895
-0.240609
0.242113
-0.241129
0.237399
-0.230702
0.22086
-0.207754
0.191338
-0.171649
0.148822
-0.123096
0.0948245
-0.0644759
0.0326357
