100
10

5.66674e-15
6.22682e-14
2.47401e-14
-4.84178e-14
8.48783e-15
-1.40003e-14
-5.89789e-14
3.04941e-14
1.03996e-14
2.36359e-14
2.03736e-14
1.52327e-14
-5.20118e-14
-2.60194e-14
2.23885e-14
1.24645e-14
-3.91035e-15
1.74641e-14
1.36716e-14
-1.87496e-14
-4.11228e-14
2.27745e-14
-1.05872e-14
-1.63791e-14
8.92112e-14
-1.59607e-15
-4.55566e-14
-2.43423e-14
3.44181e-14
-8.79117e-14
2.47096e-14
6.06778e-14
2.26537e-14
-4.8209e-14
1.29048e-13
-9.13583e-14
-3.25308e-14
-7.37147e-14
1.20592e-13
-1.29382e-13
8.69088e-14
2.23578e-14
4.95053e-14
3.36424e-15
-2.22273e-13
6.56159e-13
-1.56845e-12
3.30178e-12
-7.20787e-12
1.56596e-11
-3.33875e-11
7.07161e-11
-1.48949e-10
3.12221e-10
-6.50329e-10
1.34498e-09
-2.76255e-09
5.63392e-09
-1.14057e-08
2.29153e-08
-4.56799e-08
9.03284e-08
-1.77139e-07
3.44419e-07
-6.63784e-07
1.26769e-06
-2.39841e-06
4.49393e-06
-8.33656e-06
1.5306e-05
-2.78034e-05
4.99505e-05
-8.87196e-05
0.000155725
-0.000270004
0.000462225
-0.000780896
0.00130125
-0.0021375
0.00345911
-0.00551118
0.0086383
-0.0133097
0.0201408
-0.0299038
0.0435145
-0.06198
0.0862882
-0.117221
0.155077
-0.199318
0.248157
-0.298179
0.344106
-0.378874
0.394193
-0.381749
0.33505
-0.251753
0.135997
