200
10

2.70252e-14
-4.47993e-14
4.05935e-14
-4.15318e-14
2.82329e-14
2.01922e-14
-4.93543e-14
2.95482e-14
2.79205e-14
-4.17981e-14
3.95428e-14
-1.57837e-14
1.86018e-14
-9.08343e-15
-9.27055e-16
-1.42792e-14
3.9437e-15
1.42453e-14
-2.23412e-14
5.30899e-15
4.71776e-15
2.37806e-14
-2.40434e-14
-1.68015e-14
3.33919e-14
-3.73891e-14
1.37969e-14
-1.16761e-14
-7.11869e-15
1.98054e-14
-2.33435e-14
-2.63221e-14
6.40622e-14
-5.91565e-14
6.71059e-14
-5.09346e-14
2.5341e-14
-9.8719e-15
1.3265e-14
-1.99815e-14
3.4157e-14
-4.06948e-14
5.77709e-14
-6.68274e-14
5.32865e-14
2.8329e-15
-1.36899e-14
9.59538e-15
2.44516e-14
-3.0594e-14
4.10453e-14
-4.72844e-14
1.25767e-14
-5.56464e-15
4.70348e-15
-2.21813e-14
4.30165e-14
-2.41479e-14
-1.93273e-15
-2.46379e-14
3.31799e-14
-1.35104e-14
-9.49636e-17
-1.07447e-14
1.71516e-15
-2.45845e-14
1.02623e-14
4.01763e-15
-5.01436e-14
8.44858e-14
-6.40359e-14
3.13508e-16
5.85416e-15
1.82622e-14
-1.36105e-14
6.62986e-15
-4.37722e-14
6.89139e-14
-6.43954e-14
3.01973e-14
-2.67165e-14
-1.51902e-14
4.98205e-14
-4.35409e-14
-4.46509e-15
7.15296e-14
-9.75159e-14
1.20345e-13
-1.81985e-13
2.53571e-13
-3.81706e-13
6.02721e-13
-9.31399e-13
1.36272e-12
-2.02503e-12
3.00772e-12
-4.46122e-12
6.58779e-12
-9.6808e-12
1.42206e-11
-2.08685e-11
3.05625e-11
-4.46625e-11
6.52024e-11
-9.5081e-11
1.38404e-10
-2.01133e-10
2.91778e-10
-4.22531e-10
6.10739e-10
-8.81175e-10
1.26908e-09
-1.82446e-09
2.61802e-09
-3.74958e-09
5.35991e-09
-7.64681e-09
1.08878e-08
-1.54714e-08
2.19398e-08
-3.10484e-08
4.38463e-08
-6.17878e-08
8.68829e-08
-1.21903e-07
1.70659e-07
-2.38376e-07
3.32202e-07
-4.61884e-07
6.40677e-07
-8.86555e-07
1.22382e-06
-1.68521e-06
2.31476e-06
-3.1714e-06
4.33385e-06
-5.90686e-06
8.02938e-06
-1.0885e-05
1.47158e-05
-1.9839e-05
2.667e-05
-3.57494e-05
4.77792e-05
-6.36664e-05
8.45786e-05
-0.000112012
0.000147878
-0.000194604
0.000255258
-0.000333706
0.000434789
-0.000564539
0.000730434
-0.000941696
0.00120963
-0.001548
0.00197349
-0.00250616
0.00316996
-0.00399333
0.00500968
-0.00625802
0.00778345
-0.00963761
0.011879
-0.014573
0.0177921
-0.021615
0.0261258
-0.0314127
0.037566
-0.0446746
0.0528232
-0.0620869
0.0725256
-0.084178
0.0970533
-0.111123
0.126313
-0.142492
0.159466
-0.176968
0.194651
-0.212088
0.228767
-0.244099
0.257423
-0.268027
0.275168
-0.278101
0.276119
-0.268597
0.255039
-0.235132
0.208801
-0.176254
0.138029
-0.0950146
0.0484686
