200
5

-9.44461e-08
1.89779e-07
-2.86896e-07
3.86706e-07
-4.90148e-07
5.9819e-07
-7.11844e-07
8.32173e-07
-9.60299e-07
1.09742e-06
-1.2448e-06
1.40383e-06
-1.57596e-06
1.7628e-06
-1.96606e-06
2.18763e-06
-2.42953e-06
2.69398e-06
-2.9834e-06
3.30044e-06
-3.64796e-06
4.02914e-06
-4.4474e-06
4.90654e-06
-5.41067e-06
5.96432e-06
-6.57242e-06
7.24041e-06
-7.97421e-06
8.78031e-06
-9.66583e-06
1.06385e-05
-1.17069e-05
1.28803e-05
-1.4169e-05
1.55839e-05
-1.71374e-05
1.88427e-05
-2.07145e-05
2.27686e-05
-2.50223e-05
2.74948e-05
-3.02066e-05
3.31804e-05
-3.64408e-05
4.00149e-05
-4.39318e-05
4.82235e-05
-5.2925e-05
5.8074e-05
-6.3712e-05
6.98839e-05
-7.66386e-05
8.40292e-05
-9.21136e-05
0.000100955
-0.000110621
0.000121185
-0.00013273
0.00014534
-0.000159112
0.000174148
-0.000190558
0.000208464
-0.000227994
0.000249291
-0.000272505
0.000297802
-0.000325359
0.000355368
-0.000388035
0.000423584
-0.000462256
0.000504308
-0.000550019
0.00059969
-0.000653643
0.000712222
-0.000775801
0.000844778
-0.00091958
0.00100067
-0.00108852
0.00118368
-0.0012867
0.00139817
-0.00151874
0.00164909
-0.00178995
0.00194208
-0.00210632
0.00228353
-0.00247465
0.00268066
-0.0029026
0.00314158
-0.00339877
0.0036754
-0.00397277
0.00429226
-0.00463532
0.00500345
-0.00539826
0.00582142
-0.00627468
0.00675987
-0.0072789
0.00783377
-0.00842655
0.00905939
-0.00973453
0.0104543
-0.011221
0.0120372
-0.0129054
0.0138282
-0.0148083
0.0158482
-0.0169509
0.0181191
-0.0193556
0.0206632
-0.0220449
0.0235034
-0.0250415
0.0266621
-0.0283679
0.0301615
-0.0320454
0.0340221
-0.0360938
0.0382627
-0.0405307
0.0428995
-0.0453704
0.0479446
-0.0506228
0.0534056
-0.0562928
0.0592841
-0.0623785
0.0655745
-0.0688702
0.0722628
-0.075749
0.0793248
-0.0829854
0.0867252
-0.0905378
0.0944159
-0.0983513
0.102335
-0.106356
0.110404
-0.114467
0.118531
-0.122582
0.126604
-0.130581
0.134495
-0.138329
0.142061
-0.145671
0.149139
-0.152441
0.155554
-0.158454
0.161116
-0.163516
0.165628
-0.167427
0.168886
-0.16998
0.170684
-0.170973
0.170824
-0.170212
0.169116
-0.167517
0.165394
-0.162732
0.159517
-0.155737
0.151382
-0.146448
0.140931
-0.134835
0.128163
-0.120926
0.113138
-0.104818
0.0959884
-0.0866787
0.0769221
-0.0667575
0.0562284
-0.0453839
0.0342778
-0.0229688
0.0115203
