200
15

-5.84857e-14
2.52635e-14
-1.57601e-14
-5.68884e-15
-2.35975e-14
-1.52936e-14
1.48239e-14
-6.46551e-15
-2.91435e-14
-4.98403e-14
-3.76166e-14
3.85501e-14
1.38761e-14
-6.63122e-14
6.67862e-14
4.20592e-14
-2.58821e-14
-3.08353e-15
1.09612e-15
3.24025e-14
-5.82177e-14
2.63273e-14
9.22669e-14
-1.78731e-14
1.33539e-14
5.09377e-14
-1.45493e-14
-2.63395e-14
7.17357e-15
1.75236e-14
1.8127e-14
-3.90449e-14
3.10081e-14
2.52962e-14
-4.67968e-14
2.37313e-14
-5.34049e-14
-7.37261e-15
4.91411e-14
-9.51701e-15
1.02688e-14
-1.74279e-14
-1.20727e-14
7.93774e-15
-5.36963e-14
-1.72884e-14
6.65033e-15
1.49042e-14
1.67198e-14
1.7581e-14
-4.776e-14
9.37308e-14
-4.38721e-14
-5.26675e-14
-3.08825e-14
5.68033e-14
-1.35164e-14
8.42724e-15
-7.27909e-14
1.35986e-13
-9.66554e-14
3.98696e-14
-4.59111e-14
7.16748e-14
-8.99043e-14
8.28867e-14
-5.34932e-14
7.58706e-14
-4.75138e-14
1.77318e-14
-7.77282e-15
-2.43481e-14
-2.2493e-14
8.94036e-15
4.40416e-15
-4.32694e-14
7.94481e-14
-8.44377e-14
9.24932e-14
-2.45579e-14
4.22308e-14
-6.95751e-15
-2.76195e-14
1.24362e-14
-1.47657e-14
3.08189e-14
-5.74464e-14
3.54592e-14
-6.10109e-14
7.02882e-14
2.38994e-14
-7.52924e-14
1.37024e-14
1.33524e-15
2.76582e-14
-1.08478e-13
-1.54822e-14
-7.57099e-15
6.76319e-14
-4.30578e-14
-5.65253e-14
1.02876e-13
-3.83698e-14
2.24966e-14
2.08733e-14
-3.6879e-14
2.426e-14
-7.15161e-14
3.12345e-14
-1.1175e-14
-1.59666e-14
-1.47314e-14
-1.3416e-15
7.13357e-14
-8.37325e-14
3.52539e-14
2.9372e-14
-2.64507e-14
5.09419e-14
-3.00455e-14
7.93717e-15
-4.06871e-15
-7.9119e-15
1.02474e-14
-2.68164e-15
3.28633e-14
-3.50997e-14
1.43333e-14
8.39356e-15
-7.30942e-14
7.8702e-14
3.58052e-14
-9.08055e-14
1.46213e-14
-4.19122e-14
1.11361e-13
-1.24818e-13
1.81371e-13
-6.02238e-13
1.26651e-12
-2.47237e-12
5.10299e-12
-1.04372e-11
2.08731e-11
-4.16396e-11
8.27091e-11
-1.63423e-10
3.2091e-10
-6.25921e-10
1.21285e-09
-2.33463e-09
4.46358e-09
-8.47549e-09
1.59812e-08
-2.99193e-08
5.56071e-08
-1.02586e-07
1.87827e-07
-3.4125e-07
6.15127e-07
-1.09992e-06
1.95069e-06
-3.43057e-06
5.98157e-06
-1.03383e-05
1.77082e-05
-3.00542e-05
5.05285e-05
-8.41332e-05
0.000138704
-0.000226351
0.000365534
-0.000583975
0.000922664
-0.00144121
0.00222478
-0.00339276
0.00510907
-0.00759369
0.0111345
-0.0160975
0.0229327
-0.0321718
0.0444116
-0.060278
0.080363
-0.105129
0.134777
-0.169086
0.207224
-0.247571
0.287573
-0.323687
0.351484
-0.365945
0.362018
-0.33542
0.283647
-0.207039
0.109704
