400
10

1.2558e-14
-1.7655e-14
2.18193e-14
-2.09445e-14
7.46001e-15
-6.97508e-15
1.61433e-14
-2.97272e-14
4.10871e-14
-4.91947e-14
5.16385e-14
-4.93847e-14
5.23399e-14
-6.36104e-14
7.22694e-14
-7.28776e-14
6.22952e-14
-5.4835e-14
5.83798e-14
-6.13291e-14
5.95105e-14
-6.25856e-14
6.28973e-14
-6.14984e-14
7.17162e-14
-7.46902e-14
7.05812e-14
-5.71501e-14
5.33306e-14
-5.45996e-14
5.06139e-14
-6.089e-14
7.98126e-14
-7.84478e-14
6.97386e-14
-6.49777e-14
4.88897e-14
-2.06193e-14
8.61995e-15
-6.62097e-15
4.10593e-15
-2.55906e-16
8.41528e-15
-1.3093e-14
2.38511e-14
-3.47014e-14
3.42145e-14
-1.74346e-14
1.29045e-15
1.86656e-14
-2.15123e-14
2.5382e-14
-2.01452e-14
2.88136e-14
-4.31001e-14
5.43792e-14
-4.47662e-14
3.91035e-14
-2.93996e-14
3.06907e-14
-3.77275e-14
4.54582e-14
-4.40532e-14
5.17453e-14
-5.0565e-14
4.64386e-14
-3.73265e-14
2.98331e-14
-1.6351e-14
2.23989e-14
-3.59315e-14
4.9109e-14
-5.60272e-14
6.43611e-14
-5.45406e-14
4.64539e-14
-4.04282e-14
2.32833e-14
-8.89393e-16
-1.35318e-14
2.21223e-14
-2.52214e-14
2.98916e-14
-2.78983e-14
1.58869e-14
-6.95069e-15
-4.39263e-15
1.64573e-14
-1.34417e-14
-4.58298e-15
2.52253e-14
-5.01292e-14
5.77154e-14
-6.26218e-14
6.33627e-14
-5.79133e-14
5.45014e-14
-5.24979e-14
5.03853e-14
-4.71728e-14
5.23565e-14
-4.87372e-14
3.70409e-14
-4.4389e-14
4.94209e-14
-4.32464e-14
3.99303e-14
-3.7634e-14
1.50415e-14
-1.33675e-14
2.30863e-14
-2.35584e-14
1.78918e-14
-1.25118e-14
4.66882e-15
-8.10787e-15
1.55314e-14
-2.00279e-14
-2.64477e-15
2.86878e-14
-4.97088e-14
5.51858e-14
-6.18202e-14
5.38715e-14
-5.22796e-14
5.37978e-14
-4.88942e-14
3.97623e-14
-3.7567e-14
4.19513e-14
-5.46292e-14
7.69028e-14
-7.9192e-14
6.04316e-14
-5.08485e-14
4.47671e-14
-4.13045e-14
5.24802e-14
-6.7572e-14
6.11299e-14
-5.48026e-14
4.27759e-14
-2.40253e-14
1.70062e-14
-1.14973e-14
8.21687e-15
-4.93798e-15
-3.34337e-15
1.04895e-14
-1.59905e-14
1.26235e-14
-7.70513e-15
3.80769e-15
-2.03183e-14
3.39032e-14
-4.50834e-14
4.93457e-14
-5.2942e-14
5.18627e-14
-5.13929e-14
4.57382e-14
-2.30389e-14
5.97416e-15
-4.0086e-15
7.1484e-15
-2.54511e-14
3.57015e-14
-3.52339e-14
2.74396e-14
-5.30396e-15
-1.65748e-14
3.11619e-14
-5.9394e-14
9.83891e-14
-1.18117e-13
1.36898e-13
-1.55018e-13
1.74807e-13
-1.9796e-13
2.3374e-13
-2.84351e-13
3.45067e-13
-4.26751e-13
5.36521e-13
-6.70057e-13
8.17806e-13
-9.79367e-13
1.16914e-12
-1.39992e-12
1.6958e-12
-2.05869e-12
2.49894e-12
-3.0336e-12
3.6984e-12
-4.50742e-12
5.49232e-12
-6.69e-12
8.10736e-12
-9.81332e-12
1.18925e-11
-1.44087e-11
1.74633e-11
-2.11946e-11
2.57095e-11
-3.11478e-11
3.77129e-11
-4.56214e-11
5.51439e-11
-6.66201e-11
8.04498e-11
-9.71073e-11
1.17152e-10
-1.41283e-10
1.70298e-10
-2.05193e-10
2.47129e-10
-2.97484e-10
3.57913e-10
-4.30414e-10
5.17362e-10
-6.21581e-10
7.46444e-10
-8.9596e-10
1.0749e-09
-1.28896e-09
1.54493e-09
-1.85087e-09
2.21632e-09
-2.65264e-09
3.17329e-09
-3.79425e-09
4.53451e-09
-5.41651e-09
6.46685e-09
-7.71697e-09
9.20408e-09
-1.09721e-08
1.30731e-08
-1.55683e-08
1.85301e-08
-2.20437e-08
2.62098e-08
-3.11465e-08
3.69933e-08
-4.39138e-08
5.21006e-08
-6.17798e-08
7.32167e-08
-8.67225e-08
1.02662e-07
-1.21463e-07
1.43625e-07
-1.69733e-07
2.00471e-07
-2.36639e-07
2.79167e-07
-3.29145e-07
3.87839e-07
-4.56726e-07
5.37525e-07
-6.32232e-07
7.43171e-07
-8.73038e-07
1.02496e-06
-1.20257e-06
1.41006e-06
-1.6523e-06
1.93491e-06
-2.2644e-06
2.64828e-06
-3.0952e-06
3.61515e-06
-4.21963e-06
4.92188e-06
-5.73712e-06
6.68283e-06
-7.77908e-06
9.04889e-06
-1.05186e-05
1.22185e-05
-1.41829e-05
1.64514e-05
-1.9069e-05
2.20871e-05
-2.5564e-05
2.95663e-05
-3.41698e-05
3.94603e-05
-4.55354e-05
5.25057e-05
-6.04961e-05
6.96484e-05
-8.01223e-05
9.20984e-05
-0.00010578
0.000121396
-0.000139205
0.000159494
-0.00018259
0.000208856
-0.000238699
0.000272574
-0.000310988
0.00035451
-0.000403768
0.000459464
-0.000522377
0.000593369
-0.000673396
0.000763514
-0.000864889
0.000978806
-0.00110668
0.00125006
-0.00141065
0.00159032
-0.00179111
0.00201523
-0.0022651
0.00254337
-0.00285287
0.0031967
-0.00357819
0.00400094
-0.0044688
0.00498592
-0.00555673
0.00618597
-0.00687866
0.00764014
-0.00847607
0.0093924
-0.0103954
0.0114916
-0.0126878
0.0139912
-0.0154091
0.016949
-0.0186187
0.020426
-0.0223789
0.0244853
-0.0267531
0.0291902
-0.0318042
0.0346022
-0.0375912
0.0407775
-0.0441666
0.0477636
-0.0515722
0.0555953
-0.0598341
0.0642889
-0.0689578
0.0738373
-0.0789218
0.0842034
-0.0896719
0.0953142
-0.101115
0.107054
-0.113111
0.119259
-0.12547
0.131711
-0.137947
0.144137
-0.150238
0.156203
-0.161982
0.16752
-0.172761
0.177646
-0.182112
0.186096
-0.189532
0.192354
-0.194498
0.195897
-0.196488
0.196211
-0.195008
0.192826
-0.189619
0.185347
-0.179978
0.173489
-0.165869
0.157116
-0.147242
0.136274
-0.12425
0.111227
-0.0972741
0.0824784
-0.0669425
0.0507852
-0.0341407
0.017158
