400
15

-3.54963e-15
1.75559e-14
-2.73558e-15
3.77159e-15
1.57486e-16
-1.34296e-14
2.48423e-14
-5.26082e-14
4.82223e-14
-4.89653e-14
4.20006e-14
-4.42999e-14
4.52733e-14
-2.47921e-14
3.0885e-14
-2.66696e-14
4.12223e-14
-4.7233e-14
2.38624e-14
-1.46062e-15
6.20892e-15
-2.29436e-14
3.40971e-14
-1.50044e-14
4.31581e-15
5.35857e-15
-4.34483e-14
3.6979e-14
-3.34367e-14
2.60787e-14
-1.76317e-14
2.66919e-14
-2.01482e-14
2.61156e-14
-2.40258e-14
2.68932e-14
-2.85629e-14
3.0531e-14
-4.51676e-14
2.44815e-14
-2.46332e-14
4.05405e-14
-2.25006e-14
1.46156e-14
-1.10846e-14
7.26037e-15
-8.11028e-16
3.27674e-15
-1.55698e-14
2.37415e-14
-2.85818e-15
-2.14399e-14
8.96817e-15
-1.62912e-14
2.37628e-14
-3.97899e-14
5.3603e-14
-5.74582e-14
6.90704e-14
-7.10578e-14
4.72054e-14
-1.90367e-14
1.20685e-14
2.02098e-15
-9.99319e-15
4.48484e-15
1.0332e-14
-2.46969e-14
9.84426e-15
-2.63684e-15
-1.01363e-14
1.92e-14
-2.05937e-14
2.51022e-14
-1.93978e-14
4.41127e-14
-4.55005e-14
3.25772e-14
-2.0651e-14
1.472e-14
-2.72162e-14
7.73126e-15
-2.45067e-16
6.33214e-15
-1.17315e-14
3.76567e-15
-2.05546e-14
3.12738e-14
-1.48237e-14
8.92805e-15
1.66445e-15
-1.6212e-14
2.38733e-14
-2.47902e-14
3.29669e-14
-3.82546e-14
5.55092e-14
-4.82312e-14
1.52408e-14
-5.16754e-15
2.16056e-14
-4.29805e-14
3.3946e-14
-1.83686e-14
1.33159e-14
8.61149e-15
-1.12073e-14
3.50436e-14
-4.18596e-14
2.63287e-14
-3.98277e-14
3.42006e-14
-4.77441e-14
3.98727e-14
-3.5907e-14
2.07703e-14
9.09535e-15
-1.29616e-14
8.84685e-15
-4.42489e-15
5.39263e-15
4.2936e-15
-1.24065e-14
-1.00207e-14
3.04195e-14
-2.46314e-14
2.41718e-14
-2.76419e-14
3.78406e-14
-2.75812e-14
1.7618e-14
-1.76251e-14
-5.4135e-16
1.55533e-14
-6.40102e-15
6.25731e-15
-7.59679e-15
2.37674e-14
-1.08225e-15
-1.38808e-14
-4.65182e-15
2.08605e-14
-3.5315e-14
2.50877e-14
-3.27159e-14
1.65214e-14
-1.3914e-14
2.81735e-14
-2.07863e-14
3.53296e-15
1.00059e-14
-3.38502e-14
4.26936e-14
-4.95032e-14
3.88243e-14
-2.22142e-14
1.69296e-14
-1.83679e-14
1.53092e-14
-5.25701e-15
-8.76276e-15
1.98412e-15
-9.5645e-15
2.4158e-14
-3.04953e-14
4.63456e-14
-1.99861e-14
2.03031e-14
-2.03867e-14
1.97771e-14
-1.58302e-14
9.29969e-15
-3.93003e-15
-2.47661e-14
3.04569e-14
-3.11966e-14
2.66295e-14
-1.74648e-14
1.25482e-14
-6.9921e-15
7.9032e-15
-1.22866e-14
-2.23607e-15
6.20495e-15
2.52685e-15
1.97023e-14
-2.34552e-14
2.3285e-14
-1.15689e-14
1.70154e-14
-3.21094e-14
3.89615e-14
-2.93474e-14
-3.46061e-15
1.6664e-14
-3.07548e-14
1.95703e-14
-2.94807e-15
1.20961e-14
-5.85554e-17
1.43248e-14
-7.81569e-15
2.14236e-14
-1.53657e-14
3.36511e-15
-6.86371e-18
8.43814e-15
-3.14864e-15
-7.91454e-15
1.73388e-14
-2.27374e-14
1.35621e-14
-1.47636e-14
1.56901e-14
-1.15197e-15
-4.4546e-14
5.31565e-14
-7.26605e-14
6.37303e-14
-3.60003e-14
5.43402e-14
-3.94833e-14
3.44851e-14
-2.1662e-14
6.32839e-15
-5.50079e-15
2.16534e-15
-8.54456e-15
1.52538e-14
-1.15917e-14
4.53115e-15
-1.68267e-14
1.6728e-14
-1.35286e-14
7.53412e-15
-3.68264e-14
3.68057e-14
-2.19846e-14
8.28009e-15
-7.88148e-15
4.07945e-17
2.95526e-14
-3.22016e-14
3.13542e-14
-3.95054e-14
5.53693e-14
-4.77018e-14
4.33064e-14
-2.00541e-14
7.7951e-15
-6.06961e-15
1.81875e-14
-2.50548e-14
-2.41317e-15
-5.69479e-15
8.63874e-15
-4.12205e-15
-7.41684e-15
1.94216e-15
2.4802e-14
-4.19765e-14
4.90119e-14
-4.92502e-14
4.26838e-14
-2.67405e-14
3.64538e-14
-5.31765e-14
5.8523e-14
-5.96895e-14
7.44983e-14
-9.58539e-14
1.26008e-13
-1.63857e-13
2.20543e-13
-2.7355e-13
3.57126e-13
-4.65908e-13
6.42998e-13
-9.0105e-13
1.20143e-12
-1.66044e-12
2.30294e-12
-3.25336e-12
4.55493e-12
-6.44306e-12
9.14146e-12
-1.29643e-11
1.83839e-11
-2.60487e-11
3.69062e-11
-5.21717e-11
7.36333e-11
-1.03801e-10
1.46046e-10
-2.05176e-10
2.87802e-10
-4.0307e-10
5.63577e-10
-7.8665e-10
1.09617e-09
-1.52477e-09
2.11726e-09
-2.93479e-09
4.06077e-09
-5.60854e-09
7.7322e-09
-1.06405e-08
1.46155e-08
-2.00381e-08
2.74208e-08
-3.74524e-08
5.10557e-08
-6.94653e-08
9.43283e-08
-1.27837e-07
1.72905e-07
-2.33391e-07
3.14396e-07
-4.22647e-07
5.66993e-07
-7.59045e-07
1.014e-06
-1.3517e-06
1.79797e-06
-2.38635e-06
3.16031e-06
-4.17594e-06
5.50553e-06
-7.24191e-06
9.50396e-06
-1.24435e-05
1.62538e-05
-2.11802e-05
2.75331e-05
-3.5704e-05
4.61853e-05
-5.9594e-05
7.67006e-05
-9.84641e-05
0.000126074
-0.000161001
0.000205055
-0.000260456
0.000329917
-0.000416739
0.000524925
-0.000659302
0.000825672
-0.00103097
0.00128346
-0.00159293
0.00197089
-0.00243087
0.00298862
-0.00366239
0.0044732
-0.00544511
0.00660543
-0.00798499
0.00961823
-0.0115434
0.0138024
-0.0164409
0.0195079
-0.0230552
0.0271369
-0.0318085
0.0371253
-0.0431413
0.0499068
-0.0574666
0.0658566
-0.0751013
0.0852101
-0.0961734
0.107959
-0.120506
0.133726
-0.147491
0.161636
-0.175957
0.190203
-0.204082
0.217258
-0.229355
0.239966
-0.248656
0.254975
-0.258471
0.25871
-0.255289
0.247862
-0.236163
0.220026
-0.199413
0.174431
-0.145355
0.112639
-0.0769256
0.0390439
