400
5

-3.61023e-08
7.22888e-08
-1.08644e-07
1.45252e-07
-1.82199e-07
2.19571e-07
-2.57455e-07
2.95939e-07
-3.35113e-07
3.75068e-07
-4.15896e-07
4.57693e-07
-5.00556e-07
5.44584e-07
-5.8988e-07
6.36548e-07
-6.84697e-07
7.34438e-07
-7.85886e-07
8.3916e-07
-8.94383e-07
9.51681e-07
-1.01119e-06
1.07304e-06
-1.13738e-06
1.20436e-06
-1.27412e-06
1.34683e-06
-1.42266e-06
1.50178e-06
-1.58436e-06
1.67061e-06
-1.76071e-06
1.85487e-06
-1.9533e-06
2.05623e-06
-2.16389e-06
2.27652e-06
-2.39438e-06
2.51774e-06
-2.64687e-06
2.78207e-06
-2.92363e-06
3.07188e-06
-3.22715e-06
3.38979e-06
-3.56016e-06
3.73864e-06
-3.92562e-06
4.12154e-06
-4.32681e-06
4.5419e-06
-4.76728e-06
5.00345e-06
-5.25094e-06
5.51029e-06
-5.78206e-06
6.06686e-06
-6.36531e-06
6.67807e-06
-7.00581e-06
7.34926e-06
-7.70915e-06
8.08628e-06
-8.48146e-06
8.89554e-06
-9.32943e-06
9.78405e-06
-1.02604e-05
1.07595e-05
-1.12823e-05
1.18301e-05
-1.2404e-05
1.30052e-05
-1.3635e-05
1.42948e-05
-1.49858e-05
1.57096e-05
-1.64678e-05
1.72618e-05
-1.80934e-05
1.89643e-05
-1.98763e-05
2.08313e-05
-2.18313e-05
2.28784e-05
-2.39747e-05
2.51225e-05
-2.63241e-05
2.75821e-05
-2.88989e-05
3.02772e-05
-3.17199e-05
3.32299e-05
-3.48103e-05
3.64641e-05
-3.81948e-05
4.00058e-05
-4.19007e-05
4.38833e-05
-4.59575e-05
4.81275e-05
-5.03974e-05
5.27719e-05
-5.52555e-05
5.78531e-05
-6.05698e-05
6.34108e-05
-6.63816e-05
6.9488e-05
-7.27359e-05
7.61315e-05
-7.96814e-05
8.33923e-05
-8.72713e-05
9.13255e-05
-9.55628e-05
9.9991e-05
-0.000104618
0.000109454
-0.000114506
0.000119784
-0.000125298
0.000131058
-0.000137074
0.000143358
-0.00014992
0.000156774
-0.00016393
0.000171401
-0.000179202
0.000187346
-0.000195847
0.00020472
-0.000213981
0.000223645
-0.00023373
0.000244254
-0.000255233
0.000266687
-0.000278636
0.000291099
-0.000304097
0.000317653
-0.00033179
0.000346529
-0.000361897
0.000377917
-0.000394617
0.000412023
-0.000430164
0.000449069
-0.000468767
0.000489291
-0.000510673
0.000532946
-0.000556146
0.000580308
-0.000605469
0.000631669
-0.000658948
0.000687346
-0.000716907
0.000747675
-0.000779695
0.000813016
-0.000847686
0.000883755
-0.000921277
0.000960305
-0.0010009
0.00104311
-0.00108699
0.00113262
-0.00118006
0.00122936
-0.0012806
0.00133385
-0.00138918
0.00144666
-0.00150637
0.00156839
-0.0016328
0.00169968
-0.00176912
0.00184121
-0.00191604
0.0019937
-0.00207428
0.0021579
-0.00224465
0.00233464
-0.00242796
0.00252475
-0.0026251
0.00272913
-0.00283698
0.00294875
-0.00306457
0.00318458
-0.0033089
0.00343768
-0.00357106
0.00370916
-0.00385215
0.00400018
-0.00415338
0.00431193
-0.00447598
0.00464569
-0.00482124
0.00500279
-0.00519052
0.00538461
-0.00558523
0.00579258
-0.00600684
0.0062282
-0.00645686
0.00669302
-0.00693688
0.00718864
-0.00744853
0.00771674
-0.00799349
0.00827901
-0.00857351
0.00887722
-0.00919037
0.00951318
-0.0098459
0.0101888
-0.010542
0.0109058
-0.0112805
0.0116663
-0.0120634
0.0124722
-0.0128927
0.0133254
-0.0137704
0.014228
-0.0146984
0.0151819
-0.0156788
0.0161892
-0.0167135
0.0172519
-0.0178046
0.0183718
-0.0189539
0.0195511
-0.0201635
0.0207914
-0.0214351
0.0220947
-0.0227706
0.0234628
-0.0241716
0.0248971
-0.0256397
0.0263994
-0.0271764
0.027971
-0.0287831
0.0296131
-0.0304609
0.0313268
-0.0322108
0.0331131
-0.0340336
0.0349725
-0.0359297
0.0369054
-0.0378995
0.038912
-0.0399429
0.0409922
-0.0420597
0.0431453
-0.044249
0.0453706
-0.04651
0.0476668
-0.048841
0.0500322
-0.0512402
0.0524646
-0.0537052
0.0549615
-0.0562331
0.0575196
-0.0588206
0.0601354
-0.0614636
0.0628045
-0.0641576
0.0655221
-0.0668974
0.0682827
-0.0696772
0.0710801
-0.0724905
0.0739074
-0.07533
0.0767572
-0.0781879
0.0796211
-0.0810555
0.0824901
-0.0839235
0.0853544
-0.0867816
0.0882036
-0.0896189
0.0910262
-0.0924239
0.0938104
-0.095184
0.0965432
-0.0978861
0.0992111
-0.100516
0.1018
-0.10306
0.104295
-0.105502
0.10668
-0.107827
0.10894
-0.110018
0.111058
-0.112058
0.113016
-0.113929
0.114797
-0.115615
0.116383
-0.117098
0.117757
-0.118358
0.1189
-0.119379
0.119793
-0.120141
0.120421
-0.120629
0.120763
-0.120823
0.120804
-0.120707
0.120527
-0.120264
0.119916
-0.119481
0.118956
-0.118341
0.117634
-0.116833
0.115937
-0.114944
0.113854
-0.112665
0.111377
-0.109987
0.108497
-0.106905
0.105211
-0.103414
0.101514
-0.0995123
0.0974079
-0.0952017
0.0928942
-0.090486
0.0879782
-0.085372
0.0826686
-0.0798696
0.0769769
-0.0739922
0.0709179
-0.0677564
0.0645102
-0.0611822
0.0577755
-0.0542934
0.0507394
-0.0471173
0.0434309
-0.0396846
0.0358827
-0.0320299
0.028131
-0.0241911
0.0202155
-0.0162096
0.0121791
-0.00812998
0.00406819
