500
5

-2.62434e-08
5.2526e-08
-7.88868e-08
1.05365e-07
-1.32001e-07
1.58833e-07
-1.85902e-07
2.13247e-07
-2.40911e-07
2.68933e-07
-2.97356e-07
3.26222e-07
-3.55574e-07
3.85455e-07
-4.15909e-07
4.46983e-07
-4.78722e-07
5.11173e-07
-5.44384e-07
5.78404e-07
-6.13285e-07
6.49076e-07
-6.85832e-07
7.23607e-07
-7.62456e-07
8.02437e-07
-8.43608e-07
8.8603e-07
-9.29766e-07
9.74881e-07
-1.02144e-06
1.06951e-06
-1.11916e-06
1.17047e-06
-1.22352e-06
1.27836e-06
-1.3351e-06
1.39381e-06
-1.45458e-06
1.51749e-06
-1.58265e-06
1.65013e-06
-1.72004e-06
1.79249e-06
-1.86757e-06
1.9454e-06
-2.02609e-06
2.10975e-06
-2.1965e-06
2.28648e-06
-2.37981e-06
2.47663e-06
-2.57707e-06
2.68127e-06
-2.7894e-06
2.9016e-06
-3.01803e-06
3.13887e-06
-3.26427e-06
3.39443e-06
-3.52953e-06
3.66975e-06
-3.8153e-06
3.96639e-06
-4.12323e-06
4.28604e-06
-4.45505e-06
4.6305e-06
-4.81264e-06
5.00172e-06
-5.19801e-06
5.40179e-06
-5.61334e-06
5.83295e-06
-6.06094e-06
6.29763e-06
-6.54333e-06
6.79841e-06
-7.0632e-06
7.33807e-06
-7.62342e-06
7.91962e-06
-8.2271e-06
8.54628e-06
-8.87759e-06
9.22149e-06
-9.57845e-06
9.94896e-06
-1.03335e-05
1.07327e-05
-1.1147e-05
1.15769e-05
-1.20232e-05
1.24863e-05
-1.2967e-05
1.34658e-05
-1.39834e-05
1.45205e-05
-1.50779e-05
1.56563e-05
-1.62565e-05
1.68792e-05
-1.75254e-05
1.81958e-05
-1.88913e-05
1.96129e-05
-2.03616e-05
2.11383e-05
-2.1944e-05
2.27798e-05
-2.36468e-05
2.45461e-05
-2.5479e-05
2.64466e-05
-2.74501e-05
2.84909e-05
-2.95704e-05
3.06899e-05
-3.18509e-05
3.30548e-05
-3.43032e-05
3.55978e-05
-3.69401e-05
3.83318e-05
-3.97748e-05
4.12709e-05
-4.28219e-05
4.44299e-05
-4.60968e-05
4.78247e-05
-4.96159e-05
5.14724e-05
-5.33968e-05
5.53912e-05
-5.74583e-05
5.96005e-05
-6.18206e-05
6.41212e-05
-6.65051e-05
6.89754e-05
-7.15349e-05
7.41868e-05
-7.69343e-05
7.97808e-05
-8.27296e-05
8.57844e-05
-8.89487e-05
9.22264e-05
-9.56213e-05
9.91376e-05
-0.000102779
0.000106551
-0.000110456
0.000114501
-0.000118689
0.000123025
-0.000127515
0.000132163
-0.000136975
0.000141957
-0.000147114
0.000152453
-0.000157978
0.000163697
-0.000169616
0.000175742
-0.000182081
0.00018864
-0.000195428
0.000202451
-0.000209718
0.000217235
-0.000225012
0.000233057
-0.000241379
0.000249987
-0.00025889
0.000268098
-0.00027762
0.000287467
-0.00029765
0.000308178
-0.000319064
0.000330319
-0.000341954
0.000353982
-0.000366415
0.000379266
-0.000392548
0.000406275
-0.000420461
0.00043512
-0.000450267
0.000465918
-0.000482088
0.000498793
-0.00051605
0.000533875
-0.000552288
0.000571304
-0.000590944
0.000611226
-0.000632169
0.000653794
-0.000676121
0.000699172
-0.000722969
0.000747533
-0.000772888
0.000799057
-0.000826065
0.000853937
-0.000882697
0.000912373
-0.00094299
0.000974577
-0.00100716
0.00104077
-0.00107544
0.0011112
-0.00114807
0.0011861
-0.00122531
0.00126573
-0.00130741
0.00135037
-0.00139466
0.0014403
-0.00148735
0.00153583
-0.00158579
0.00163726
-0.00169029
0.00174493
-0.00180121
0.00185918
-0.00191889
0.00198038
-0.0020437
0.0021089
-0.00217602
0.00224513
-0.00231627
0.00238949
-0.00246485
0.0025424
-0.00262221
0.00270432
-0.00278881
0.00287571
-0.00296511
0.00305706
-0.00315163
0.00324887
-0.00334886
0.00345167
-0.00355736
0.003666
-0.00377766
0.00389242
-0.00401035
0.00413153
-0.00425603
0.00438393
-0.0045153
0.00465024
-0.00478882
0.00493112
-0.00507722
0.00522723
-0.00538121
0.00553926
-0.00570147
0.00586793
-0.00603872
0.00621396
-0.00639372
0.0065781
-0.00676721
0.00696113
-0.00715997
0.00736383
-0.00757281
0.00778701
-0.00800654
0.0082315
-0.00846199
0.00869813
-0.00894001
0.00918776
-0.00944147
0.00970126
-0.00996723
0.0102395
-0.0105182
0.0108034
-0.0110953
0.0113938
-0.0116993
0.0120118
-0.0123313
0.012658
-0.0129921
0.0133336
-0.0136826
0.0140393
-0.0144038
0.0147762
-0.0151566
0.0155451
-0.0159419
0.016347
-0.0167605
0.0171826
-0.0176134
0.0180529
-0.0185013
0.0189587
-0.0194252
0.0199009
-0.0203859
0.0208802
-0.021384
0.0218974
-0.0224204
0.0229532
-0.0234958
0.0240483
-0.0246107
0.0251832
-0.0257658
0.0263586
-0.0269616
0.0275749
-0.0281985
0.0288325
-0.029477
0.0301319
-0.0307973
0.0314732
-0.0321596
0.0328566
-0.0335641
0.0342821
-0.0350107
0.0357498
-0.0364994
0.0372594
-0.0380298
0.0388106
-0.0396017
0.0404031
-0.0412145
0.0420361
-0.0428677
0.0437091
-0.0445602
0.045421
-0.0462913
0.0471709
-0.0480597
0.0489575
-0.0498641
0.0507793
-0.0517029
0.0526347
-0.0535745
0.0545219
-0.0554768
0.0564388
-0.0574077
0.0583831
-0.0593648
0.0603523
-0.0613454
0.0623436
-0.0633466
0.0643541
-0.0653654
0.0663803
-0.0673983
0.0684189
-0.0694417
0.0704661
-0.0714916
0.0725177
-0.0735438
0.0745694
-0.0755939
0.0766167
-0.0776371
0.0786546
-0.0796684
0.080678
-0.0816825
0.0826813
-0.0836737
0.084659
-0.0856363
0.086605
-0.0875641
0.088513
-0.0894507
0.0903765
-0.0912895
0.0921888
-0.0930736
0.0939429
-0.0947958
0.0956315
-0.096449
0.0972472
-0.0980254
0.0987824
-0.0995174
0.100229
-0.100917
0.10158
-0.102217
0.102826
-0.103408
0.10396
-0.104482
0.104973
-0.105432
0.105857
-0.106248
0.106604
-0.106923
0.107205
-0.107449
0.107653
-0.107816
0.107938
-0.108018
0.108054
-0.108046
0.107993
-0.107893
0.107746
-0.107552
0.107308
-0.107015
0.106671
-0.106276
0.105829
-0.105329
0.104776
-0.104168
0.103506
-0.102788
0.102015
-0.101185
0.100298
-0.0993545
0.098353
-0.0972936
0.096176
-0.0950001
0.0937655
-0.0924724
0.0911205
-0.08971
0.0882408
-0.0867132
0.0851274
-0.0834836
0.0817821
-0.0800234
0.0782079
-0.0763363
0.0744091
-0.072427
0.0703909
-0.0683015
0.0661598
-0.0639668
0.0617236
-0.0594314
0.0570914
-0.054705
0.0522735
-0.0497985
0.0472815
-0.0447243
0.0421285
-0.039496
0.0368287
-0.0341286
0.0313977
-0.0286383
0.0258525
-0.0230426
0.0202111
-0.0173604
0.0144931
-0.0116116
0.00871884
-0.00581742
0.00291018
