500
15

4.18917e-15
1.06599e-16
-9.99385e-15
6.84566e-15
4.40963e-16
-4.22565e-15
1.6875e-14
-3.2452e-14
3.52494e-14
-5.02786e-14
5.62648e-14
-6.52599e-14
6.95434e-14
-6.19329e-14
5.88606e-14
-6.44001e-14
6.73855e-14
-8.03014e-14
8.06634e-14
-6.00466e-14
4.58723e-14
-3.21652e-14
3.30336e-14
-3.51655e-14
2.73576e-14
-2.7263e-14
2.84328e-14
-2.16231e-14
1.59371e-14
-9.28349e-15
1.50525e-14
-2.9804e-14
3.64179e-14
-3.82825e-14
4.07915e-14
-4.1496e-14
3.83048e-14
-1.88698e-14
2.22766e-15
1.74268e-14
-1.3992e-14
4.74558e-15
-1.86327e-14
3.63874e-14
-5.16047e-14
5.46778e-14
-5.14571e-14
5.34524e-14
-5.56758e-14
4.39036e-14
-3.05381e-14
1.29978e-14
-1.59495e-14
1.13589e-14
-4.01469e-15
1.8277e-14
-2.69922e-14
2.64593e-14
-1.74304e-14
-3.43275e-15
6.95264e-15
1.6695e-14
-3.58309e-14
4.2514e-14
-2.43106e-14
1.56064e-14
-3.21292e-14
2.82787e-14
-1.79508e-14
7.59498e-15
-5.17892e-15
8.73893e-15
-2.19786e-15
-1.4902e-14
2.67598e-14
-3.02003e-14
2.99497e-14
-3.34273e-14
3.5033e-14
-2.22214e-14
6.41975e-15
1.48307e-14
-5.05412e-15
-2.17718e-16
1.49832e-15
6.88615e-15
-1.44087e-14
4.93697e-15
6.27939e-15
-7.35295e-15
8.78302e-15
-1.13409e-14
1.31395e-14
-2.18998e-14
1.69072e-14
-1.83278e-14
9.9099e-15
-8.3415e-17
8.62404e-15
-5.59582e-15
2.69129e-15
-1.0131e-14
-3.55652e-15
1.94479e-14
-2.57e-14
3.34583e-14
-1.91727e-14
8.88063e-15
-1.00344e-14
2.4805e-15
-1.21446e-14
1.77819e-15
3.58848e-15
-5.17632e-15
1.22754e-14
-2.14692e-14
2.10499e-14
-3.34379e-14
2.56912e-14
-5.92794e-15
-6.21893e-15
1.42193e-14
-9.50353e-15
9.70615e-15
-1.04016e-14
1.51553e-14
-1.18397e-14
1.20113e-14
-2.7736e-15
1.15036e-14
-9.37225e-15
1.72423e-16
7.9211e-15
-1.86567e-14
1.80964e-14
-1.65931e-14
1.64953e-14
-5.93884e-15
-1.00521e-14
1.91762e-14
-8.72243e-15
-8.55148e-15
1.50989e-14
4.40677e-15
-1.81261e-14
3.03376e-14
-2.48071e-14
2.06157e-14
-1.14027e-14
8.23989e-15
-2.54631e-16
-1.18972e-14
1.95717e-14
-1.42761e-14
1.28567e-14
-1.39298e-14
9.5006e-15
-8.90424e-15
6.73595e-15
-1.13532e-14
3.52897e-15
2.05449e-14
-2.10253e-14
2.50236e-14
-1.16895e-14
-2.75312e-15
1.7714e-15
3.09252e-15
2.52735e-15
-6.41353e-15
1.77004e-14
-1.04678e-14
-3.28166e-15
5.98816e-15
-6.02437e-15
1.67454e-15
-9.93802e-15
1.9304e-14
-1.89763e-14
3.05149e-14
-3.53665e-14
3.06789e-14
-2.67807e-14
2.17392e-14
-1.87233e-14
2.58607e-14
-2.69924e-14
2.16986e-14
-7.07815e-15
-3.92429e-15
1.23521e-15
-9.32718e-16
-2.69459e-15
5.29554e-15
-1.57497e-14
1.84839e-14
-2.1835e-14
2.80799e-14
-2.20374e-14
2.90219e-14
-3.21885e-14
3.03612e-14
-4.19926e-14
3.67207e-14
-2.06251e-14
7.4838e-15
3.50185e-15
6.24491e-15
-1.85591e-14
1.31568e-14
-2.86942e-14
2.41604e-14
-3.05212e-14
4.23953e-14
-3.47157e-14
3.02884e-14
-2.25851e-14
2.1855e-14
-3.68041e-14
2.99054e-14
-2.33991e-14
1.7585e-14
1.48072e-14
-1.96932e-14
2.39381e-14
-2.38228e-14
9.91308e-15
-2.23847e-14
2.58446e-14
-2.94667e-14
3.83403e-14
-3.37296e-14
2.34097e-14
-1.78941e-14
6.45351e-15
-1.83469e-15
-8.6489e-15
1.06234e-14
6.28795e-15
-7.69897e-15
1.4834e-14
-1.43453e-14
1.18425e-14
-4.0825e-15
6.72153e-16
-4.74294e-15
7.35513e-15
-3.86034e-15
-3.68511e-15
1.04054e-14
-2.053e-14
1.31699e-14
-1.26216e-14
2.82204e-15
-9.88454e-15
4.0917e-15
5.35086e-15
-1.55342e-14
1.3218e-14
-1.36812e-15
-8.90275e-15
1.81744e-14
-1.32672e-14
1.75975e-14
-1.77388e-14
3.36634e-14
-3.7356e-14
4.24541e-14
-3.66974e-14
3.06128e-14
-2.40649e-14
2.10379e-14
-6.87043e-15
3.13481e-15
-8.88066e-16
-1.16898e-14
1.37689e-14
-2.46101e-14
2.06208e-14
-1.86232e-14
4.22946e-15
1.81692e-14
-3.21318e-14
3.1506e-14
-3.93082e-14
3.80618e-14
-4.30027e-14
5.60858e-14
-5.37569e-14
6.09267e-14
-5.91809e-14
5.60109e-14
-5.96937e-14
6.5572e-14
-7.42056e-14
8.39487e-14
-8.62944e-14
8.36062e-14
-7.92318e-14
7.70627e-14
-7.11741e-14
4.72616e-14
-2.30086e-14
1.14806e-14
-1.85601e-14
2.14275e-14
-2.37858e-14
2.0663e-14
-1.12391e-14
1.40476e-14
-1.40941e-14
3.87687e-14
-4.15283e-14
4.15731e-14
-3.79641e-14
2.73565e-14
-1.24817e-14
8.31426e-15
2.43303e-14
-4.03295e-14
5.97161e-14
-6.62357e-14
5.68736e-14
-7.68356e-14
9.21727e-14
-1.01234e-13
1.04812e-13
-7.94024e-14
6.00156e-14
-5.48334e-14
4.04988e-14
-5.56456e-14
4.92005e-14
-3.9147e-14
3.75789e-14
-2.73179e-14
3.03788e-14
-1.02093e-14
-2.94965e-15
3.12932e-14
-6.86745e-14
1.09401e-13
-1.4312e-13
2.13458e-13
-2.7403e-13
3.79601e-13
-4.95662e-13
6.4722e-13
-8.3081e-13
1.08398e-12
-1.4247e-12
1.8922e-12
-2.4977e-12
3.29126e-12
-4.32777e-12
5.70676e-12
-7.54588e-12
9.96696e-12
-1.31711e-11
1.73944e-11
-2.29936e-11
3.0366e-11
-4.0088e-11
5.28713e-11
-6.96789e-11
9.17473e-11
-1.20689e-10
1.58566e-10
-2.08113e-10
2.72845e-10
-3.57336e-10
4.67466e-10
-6.10846e-10
7.97324e-10
-1.03957e-09
1.35389e-09
-1.76126e-09
2.28862e-09
-2.9705e-09
3.85113e-09
-4.98702e-09
6.45042e-09
-8.33343e-09
1.07534e-08
-1.38595e-08
1.78414e-08
-2.29394e-08
2.94582e-08
-3.77831e-08
4.84006e-08
-6.19244e-08
7.91275e-08
-1.00982e-07
1.28708e-07
-1.63835e-07
2.0828e-07
-2.64436e-07
3.3529e-07
-4.24566e-07
5.36894e-07
-6.78026e-07
8.55093e-07
-1.07692e-06
1.35443e-06
-1.70107e-06
2.13343e-06
-2.67188e-06
3.34145e-06
-4.17279e-06
5.20339e-06
-6.479e-06
8.05539e-06
-1.00004e-05
1.23962e-05
-1.53427e-05
1.89604e-05
-2.33947e-05
2.8821e-05
-3.54498e-05
4.35335e-05
-5.33745e-05
6.53336e-05
-7.98408e-05
9.74071e-05
-0.000118639
0.000144254
-0.000175098
0.000212169
-0.000256639
0.000309879
-0.000373494
0.000449353
-0.000539629
0.000646839
-0.000773895
0.00092415
-0.00110146
0.00131022
-0.00155549
0.00184298
-0.00217918
0.00257143
-0.00302797
0.00355806
-0.004172
0.00488127
-0.00569855
0.00663779
-0.0077143
0.00894472
-0.0103471
0.0119408
-0.0137467
0.0157866
-0.0180838
0.0206623
-0.0235471
0.0267634
-0.0303367
0.0342922
-0.0386542
0.0434455
-0.0486869
0.0543961
-0.0605872
0.0672695
-0.0744464
0.0821144
-0.0902619
0.0988679
-0.107901
0.117318
-0.127063
0.137065
-0.147241
0.157489
-0.167693
0.177721
-0.187425
0.196642
-0.205196
0.212897
-0.219547
0.224943
-0.228878
0.231145
-0.231547
0.229898
-0.22603
0.219804
-0.211108
0.199873
-0.186076
0.169744
-0.150964
0.129886
-0.106727
0.0817719
-0.0553748
0.0279565
