500
10

-7.66506e-15
1.14974e-14
-1.11587e-14
1.12284e-14
-1.63741e-14
1.9966e-14
-1.55232e-14
1.36349e-14
-1.58559e-14
1.32669e-14
-1.23488e-14
1.03582e-14
-9.7217e-15
8.03509e-15
-6.43103e-15
5.56384e-15
4.92608e-15
-1.33086e-14
1.3638e-14
-1.01363e-14
7.46598e-16
9.62019e-15
-1.04228e-14
9.73388e-15
-1.15982e-14
1.03676e-14
-1.07512e-14
1.5627e-14
-1.4914e-14
8.31359e-15
-3.3749e-15
6.43017e-15
-2.75245e-15
-1.03844e-14
1.39518e-14
-1.85027e-14
2.29521e-14
-2.16335e-14
2.49762e-14
-2.90396e-14
2.34468e-14
-1.60644e-14
1.17183e-14
-3.3154e-15
-3.30121e-15
1.72004e-15
6.92886e-15
-1.2754e-14
1.81322e-14
-2.49349e-14
2.3065e-14
-1.26932e-14
1.02801e-14
-1.21221e-14
1.58601e-14
-2.78505e-14
2.9639e-14
-2.95783e-14
3.13486e-14
-2.3681e-14
6.62705e-15
2.12307e-15
-6.97639e-15
6.0344e-15
2.27747e-15
-8.69287e-15
9.46873e-15
4.16032e-15
-1.33314e-14
1.15535e-14
-1.29222e-14
9.74022e-15
-7.48574e-15
1.19645e-14
-1.17069e-14
1.34134e-14
-1.00367e-14
1.6651e-15
2.67547e-15
-1.43877e-15
-3.18217e-16
6.39056e-15
-9.63871e-15
1.41663e-14
-1.61725e-14
7.74651e-15
-4.2692e-15
5.25348e-15
-1.00043e-14
1.91015e-14
-2.60359e-14
3.02987e-14
-3.4773e-14
3.52134e-14
-3.01301e-14
2.10202e-14
-9.50496e-15
6.93315e-15
-7.32799e-15
3.73371e-15
9.45584e-16
-9.14105e-15
1.23294e-14
-2.84001e-15
-4.75479e-15
4.81862e-15
-1.07334e-14
1.56061e-14
-1.32259e-14
4.31226e-15
1.86964e-15
-5.69497e-15
3.89184e-15
-2.17096e-15
-3.56425e-15
5.83586e-15
8.40746e-16
-9.33803e-15
2.2033e-14
-2.7656e-14
2.47766e-14
-2.34825e-14
1.52709e-14
-2.48804e-15
-3.02404e-15
5.43732e-15
-1.66357e-15
-3.87513e-15
9.15063e-15
-9.50949e-15
6.22293e-15
-4.84565e-15
7.10344e-15
-3.04893e-15
-2.29321e-15
7.06778e-15
-6.22261e-15
-3.61186e-15
1.35487e-14
-1.95131e-14
1.93267e-14
-1.60256e-14
1.35049e-14
-7.44365e-15
-9.14184e-16
2.4197e-15
-2.93024e-16
3.39996e-17
8.5102e-16
-4.20715e-15
4.71944e-15
1.27173e-15
-6.83597e-15
1.32712e-14
-2.40388e-14
3.4283e-14
-3.43171e-14
2.56203e-14
-1.45152e-14
4.50331e-15
1.37156e-15
-5.23012e-15
5.62551e-15
-9.28333e-15
4.83001e-15
-4.28783e-15
1.0151e-14
-9.47092e-15
9.7745e-15
-1.31086e-14
6.45034e-15
3.84353e-15
-9.23007e-15
9.15307e-15
-1.16346e-14
1.14162e-14
-9.46205e-15
1.03817e-14
-1.04666e-14
4.15415e-15
7.47969e-15
-8.29497e-15
1.54411e-14
-1.63089e-14
1.08391e-14
-9.9835e-15
5.11002e-15
5.43939e-15
-3.48632e-15
-1.04786e-14
1.41326e-14
-1.02353e-14
7.62775e-15
-4.28116e-15
-2.50472e-15
1.31825e-14
-1.96675e-14
2.12139e-14
-1.57899e-14
2.81031e-15
8.47889e-16
9.67634e-16
-4.11145e-15
1.32895e-14
-1.41417e-14
1.17079e-14
-1.82341e-14
2.57743e-14
-3.15241e-14
3.64397e-14
-3.63474e-14
3.46453e-14
-2.77176e-14
2.44258e-14
-3.71692e-14
5.28302e-14
-7.29912e-14
9.48466e-14
-1.09131e-13
1.21842e-13
-1.27761e-13
1.28847e-13
-1.46377e-13
1.71408e-13
-2.07555e-13
2.52216e-13
-2.9906e-13
3.53909e-13
-4.16157e-13
4.75734e-13
-5.49803e-13
6.49963e-13
-7.67473e-13
9.15366e-13
-1.08175e-12
1.27137e-12
-1.49253e-12
1.74922e-12
-2.05225e-12
2.39787e-12
-2.79267e-12
3.25364e-12
-3.79122e-12
4.42706e-12
-5.1722e-12
6.04072e-12
-7.0555e-12
8.24153e-12
-9.61859e-12
1.1218e-11
-1.30822e-11
1.52416e-11
-1.77571e-11
2.06927e-11
-2.4109e-11
2.80815e-11
-3.26985e-11
3.80604e-11
-4.42801e-11
5.14973e-11
-5.98767e-11
6.96009e-11
-8.08927e-11
9.40014e-11
-1.09202e-10
1.2682e-10
-1.47247e-10
1.70913e-10
-1.98326e-10
2.30081e-10
-2.66837e-10
3.09371e-10
-3.58582e-10
4.15497e-10
-4.81312e-10
5.57394e-10
-6.45317e-10
7.46879e-10
-8.64174e-10
9.99597e-10
-1.15589e-09
1.3362e-09
-1.54417e-09
1.78396e-09
-2.06035e-09
2.37884e-09
-2.74571e-09
3.16816e-09
-3.65445e-09
4.21406e-09
-4.85781e-09
5.59809e-09
-6.4491e-09
7.42708e-09
-8.55058e-09
9.84082e-09
-1.1322e-08
1.30218e-08
-1.49718e-08
1.72081e-08
-1.97717e-08
2.27094e-08
-2.60749e-08
2.99287e-08
-3.43404e-08
3.93887e-08
-4.51633e-08
5.17664e-08
-5.9314e-08
6.79378e-08
-7.77877e-08
8.90337e-08
-1.01869e-07
1.16512e-07
-1.33211e-07
1.52247e-07
-1.7394e-07
1.9865e-07
-2.26785e-07
2.58807e-07
-2.95239e-07
3.36671e-07
-3.8377e-07
4.37291e-07
-4.98081e-07
5.67102e-07
-6.45433e-07
7.34294e-07
-8.35058e-07
9.4927e-07
-1.07867e-06
1.22521e-06
-1.3911e-06
1.57879e-06
-1.79108e-06
2.03107e-06
-2.30225e-06
2.60855e-06
-2.95435e-06
3.34457e-06
-3.78472e-06
4.28094e-06
-4.84013e-06
5.46999e-06
-6.1791e-06
6.97705e-06
-7.87456e-06
8.88355e-06
-1.00173e-05
1.12907e-05
-1.27201e-05
1.43239e-05
-1.61225e-05
1.81386e-05
-2.03972e-05
2.29262e-05
-2.57566e-05
2.89226e-05
-3.24622e-05
3.64174e-05
-4.08346e-05
4.57651e-05
-5.12657e-05
5.73989e-05
-6.42337e-05
7.18462e-05
-8.03201e-05
8.97476e-05
-0.00010023
0.000111879
-0.000124817
0.000139177
-0.000155108
0.00017277
-0.00019234
0.00021401
-0.000237993
0.000264518
-0.000293836
0.000326223
-0.000361975
0.000401419
-0.000444907
0.000492823
-0.000545583
0.000603639
-0.00066748
0.000737635
-0.000814677
0.000899223
-0.00099194
0.00109355
-0.00120482
0.00132658
-0.00145974
0.00160524
-0.00176411
0.00193747
-0.00212647
0.00233238
-0.00255654
0.00280036
-0.00306538
0.00335319
-0.00366551
0.00400415
-0.00437101
0.00476811
-0.00519758
0.00566166
-0.00616269
0.00670313
-0.00728556
0.00791266
-0.00858723
0.00931219
-0.0100905
0.0109254
-0.01182
0.0127776
-0.0138017
0.0148956
-0.016063
0.0173074
-0.0186324
0.0200417
-0.0215389
0.0231276
-0.0248115
0.0265941
-0.0284787
0.0304687
-0.0325673
0.0347774
-0.0371018
0.0395429
-0.042103
0.0447838
-0.0475868
0.0505129
-0.0535626
0.0567358
-0.0600318
0.0634493
-0.0669861
0.0706394
-0.0744054
0.0782796
-0.0822563
0.086329
-0.0904901
0.0947306
-0.0990406
0.103409
-0.107823
0.11227
-0.116734
0.121198
-0.125646
0.130058
-0.134413
0.138691
-0.142867
0.146918
-0.150819
0.154543
-0.158062
0.161349
-0.164374
0.167109
-0.169522
0.171584
-0.173264
0.174533
-0.175362
0.175721
-0.175583
0.174921
-0.173711
0.17193
-0.169557
0.166575
-0.162968
0.158725
-0.153838
0.148303
-0.14212
0.135294
-0.127835
0.119757
-0.111082
0.101834
-0.0920462
0.0817551
-0.0710043
0.059843
-0.0483262
0.0365148
-0.0244748
0.0122778
