50
10

4.58529e-14
-1.5179e-13
2.58489e-13
-2.67484e-13
2.04182e-13
-1.89144e-13
2.46331e-13
-2.43147e-13
8.34753e-14
1.27441e-13
-2.18989e-13
1.86669e-13
-1.57464e-13
1.48078e-13
-5.43774e-14
-1.10176e-13
1.81312e-13
-1.13903e-13
3.16151e-14
4.48246e-14
-1.973e-13
3.82601e-13
-9.25494e-13
4.16238e-12
-1.91056e-11
8.18709e-11
-3.41007e-10
1.39115e-09
-5.54692e-09
2.15801e-08
-8.17843e-08
3.01404e-07
-1.07814e-06
3.7356e-06
-1.2509e-05
4.03814e-05
-0.000125321
0.000372728
-0.00105862
0.00285945
-0.00731046
0.0175894
-0.0395551
0.082422
-0.157368
0.271155
-0.412386
0.533991
-0.549017
0.369258
