50
15

2.58742e-15
-7.06218e-15
1.4684e-14
-2.47375e-14
3.47372e-14
-4.30184e-14
4.93463e-14
-5.08962e-14
4.04085e-14
-1.35069e-14
-2.17387e-14
4.54301e-14
-4.19193e-14
2.42648e-14
-2.49352e-14
3.88549e-14
-1.77472e-14
-6.61678e-14
1.21139e-13
-1.13849e-14
-1.14487e-13
4.62463e-14
1.08988e-13
-3.02989e-14
-1.62135e-13
-1.74778e-13
-1.17072e-13
-5.74542e-14
-2.40865e-14
-4.72682e-15
-6.93926e-15
7.09507e-15
-3.68532e-14
4.35671e-13
-5.12984e-12
5.69195e-11
-5.98326e-10
5.93333e-09
-5.51993e-08
4.78739e-07
-3.84198e-06
2.82762e-05
-0.000188779
0.00112773
-0.0059223
0.0266953
-0.0998154
0.293474
-0.615706
0.723925
