50
5

-4.88355e-07
1.05329e-06
-1.78308e-06
2.79106e-06
-4.23253e-06
6.32757e-06
-9.39272e-06
1.38857e-05
-2.04687e-05
3.00977e-05
-4.41486e-05
6.45928e-05
-9.42425e-05
0.000137087
-0.000198757
0.000287142
-0.000413233
0.000592224
-0.000844956
0.00119977
-0.00169486
0.00238115
-0.00332583
0.00461645
-0.00636555
0.00871565
-0.0118442
0.0159678
-0.0213452
0.0282768
-0.0371005
0.0481805
-0.0618871
0.0785651
-0.0984891
0.121803
-0.148443
0.178055
-0.209895
0.242745
-0.274847
0.303875
-0.326981
0.340937
-0.342386
0.328227
-0.296119
0.245064
-0.176
0.0922956
