1000

x:             u:             v:
0               0               0
0.001     0.008951136     0.008950212
0.002      0.01780327      0.01780142
0.003      0.02655738       0.0265546
0.004      0.03521444      0.03521074
0.005      0.04377543       0.0437708
0.006      0.05224129      0.05223574
0.007      0.06061298       0.0606065
0.008      0.06889143      0.06888402
0.009      0.07707757      0.07706922
0.01      0.08517231      0.08516304
0.011      0.09317657      0.09316636
0.012       0.1010912       0.1010801
0.013       0.1089172       0.1089052
0.014       0.1166554       0.1166424
0.015       0.1243066       0.1242927
0.016       0.1318718       0.1318569
0.017       0.1393518        0.139336
0.018       0.1467474       0.1467306
0.019       0.1540594       0.1540417
0.02       0.1612888       0.1612702
0.021       0.1684363       0.1684167
0.022       0.1755027       0.1754822
0.023       0.1824889       0.1824674
0.024       0.1893956       0.1893732
0.025       0.1962237       0.1962004
0.026       0.2029739       0.2029496
0.027       0.2096469       0.2096217
0.028       0.2162437       0.2162175
0.029       0.2227648       0.2227377
0.03       0.2292112       0.2291831
0.031       0.2355834       0.2355545
0.032       0.2418824       0.2418524
0.033       0.2481086       0.2480778
0.034       0.2542631       0.2542312
0.035       0.2603463       0.2603135
0.036        0.266359       0.2663253
0.037        0.272302       0.2722673
0.038       0.2781759       0.2781403
0.039       0.2839815       0.2839449
0.04       0.2897193       0.2896818
0.041       0.2953901       0.2953516
0.042       0.3009945       0.3009551
0.043       0.3065332       0.3064929
0.044       0.3120069       0.3119656
0.045       0.3174162       0.3173739
0.046       0.3227617       0.3227184
0.047       0.3280441       0.3279999
0.048       0.3332639       0.3332188
0.049       0.3384219       0.3383758
0.05       0.3435187       0.3434716
0.051       0.3485548       0.3485067
0.052       0.3535308       0.3534818
0.053       0.3584474       0.3583974
0.054       0.3633051       0.3632542
0.055       0.3681045       0.3680527
0.056       0.3728463       0.3727935
0.057       0.3775309       0.3774771
0.058        0.382159       0.3821043
0.059       0.3867311       0.3866754
0.06       0.3912477       0.3911911
0.061       0.3957095       0.3956519
0.062        0.400117       0.4000584
0.063       0.4044706       0.4044111
0.064        0.408771       0.4087105
0.065       0.4130186       0.4129572
0.066       0.4172141       0.4171517
0.067       0.4213579       0.4212945
0.068       0.4254504       0.4253861
0.069       0.4294924       0.4294271
0.07       0.4334842       0.4334179
0.071       0.4374263        0.437359
0.072       0.4413192        0.441251
0.073       0.4451635       0.4450943
0.074       0.4489596       0.4488894
0.075        0.452708       0.4526369
0.076       0.4564091        0.456337
0.077       0.4600635       0.4599904
0.078       0.4636715       0.4635975
0.079       0.4672338       0.4671588
0.08       0.4707506       0.4706747
0.081       0.4742225       0.4741456
0.082         0.47765       0.4775721
0.083       0.4810333       0.4809545
0.084       0.4843731       0.4842933
0.085       0.4876697       0.4875889
0.086       0.4909236       0.4908418
0.087       0.4941352       0.4940524
0.088       0.4973048       0.4972211
0.089        0.500433       0.5003483
0.09       0.5035201       0.5034344
0.091       0.5065665       0.5064799
0.092       0.5095728       0.5094851
0.093       0.5125391       0.5124505
0.094        0.515466       0.5153764
0.095       0.5183538       0.5182633
0.096        0.521203       0.5211115
0.097       0.5240139       0.5239214
0.098       0.5267868       0.5266934
0.099       0.5295222       0.5294278
0.1       0.5322205       0.5321251
0.101        0.534882       0.5347856
0.102       0.5375071       0.5374097
0.103       0.5400961       0.5399977
0.104       0.5426494         0.54255
0.105       0.5451673        0.545067
0.106       0.5476503        0.547549
0.107       0.5500986       0.5499963
0.108       0.5525126       0.5524094
0.109       0.5548927       0.5547885
0.11       0.5572391       0.5571339
0.111       0.5595522       0.5594461
0.112       0.5618324       0.5617253
0.113         0.56408       0.5639719
0.114       0.5662953       0.5661862
0.115       0.5684785       0.5683685
0.116       0.5706302       0.5705191
0.117       0.5727504       0.5726384
0.118       0.5748397       0.5747266
0.119       0.5768982       0.5767841
0.12       0.5789262       0.5788112
0.121       0.5809242       0.5808082
0.122       0.5828923       0.5827754
0.123       0.5848309        0.584713
0.124       0.5867403       0.5866214
0.125       0.5886208       0.5885009
0.126       0.5904726       0.5903517
0.127        0.592296       0.5921741
0.128       0.5940914       0.5939685
0.129       0.5958589       0.5957351
0.13       0.5975989       0.5974741
0.131       0.5993117       0.5991859
0.132       0.6009975       0.6008707
0.133       0.6026566       0.6025288
0.134       0.6042892       0.6041604
0.135       0.6058956       0.6057659
0.136       0.6074761       0.6073454
0.137        0.609031       0.6088993
0.138       0.6105604       0.6104277
0.139       0.6120647        0.611931
0.14       0.6135441       0.6134094
0.141       0.6149988       0.6148631
0.142       0.6164291       0.6162924
0.143       0.6178352       0.6176976
0.144       0.6192174       0.6190788
0.145       0.6205759       0.6204363
0.146        0.621911       0.6217704
0.147       0.6232228       0.6230812
0.148       0.6245116        0.624369
0.149       0.6257777       0.6256341
0.15       0.6270212       0.6268766
0.151       0.6282424       0.6280969
0.152       0.6294415        0.629295
0.153       0.6306188       0.6304713
0.154       0.6317744       0.6316259
0.155       0.6329086       0.6327591
0.156       0.6340215        0.633871
0.157       0.6351134       0.6349619
0.158       0.6361845       0.6360321
0.159       0.6372351       0.6370816
0.16       0.6382652       0.6381107
0.161       0.6392751       0.6391197
0.162       0.6402651       0.6401087
0.163       0.6412352       0.6410778
0.164       0.6421858       0.6420274
0.165        0.643117       0.6429576
0.166       0.6440289       0.6438686
0.167       0.6449219       0.6447605
0.168        0.645796       0.6456337
0.169       0.6466515       0.6464881
0.17       0.6474885       0.6473242
0.171       0.6483073        0.648142
0.172        0.649108       0.6489417
0.173       0.6498908       0.6497234
0.174       0.6506558       0.6504875
0.175       0.6514033        0.651234
0.176       0.6521334       0.6519631
0.177       0.6528463        0.652675
0.178       0.6535422       0.6533699
0.179       0.6542212        0.654048
0.18       0.6548836       0.6547093
0.181       0.6555293       0.6553541
0.182       0.6561588       0.6559825
0.183        0.656772       0.6565947
0.184       0.6573692       0.6571909
0.185       0.6579505       0.6577712
0.186        0.658516       0.6583358
0.187       0.6590661       0.6588848
0.188       0.6596007       0.6594184
0.189         0.66012       0.6599368
0.19       0.6606242         0.66044
0.191       0.6611135       0.6609283
0.192        0.661588       0.6614018
0.193       0.6620478       0.6618606
0.194        0.662493       0.6623049
0.195        0.662924       0.6627348
0.196       0.6633407       0.6631505
0.197       0.6637433       0.6635521
0.198       0.6641319       0.6639398
0.199       0.6645068       0.6643136
0.2        0.664868       0.6646738
0.201       0.6652156       0.6650205
0.202       0.6655499       0.6653537
0.203       0.6658708       0.6656737
0.204       0.6661787       0.6659806
0.205       0.6664735       0.6662744
0.206       0.6667555       0.6665554
0.207       0.6670247       0.6668236
0.208       0.6672814       0.6670792
0.209       0.6675255       0.6673224
0.21       0.6677572       0.6675531
0.211       0.6679767       0.6677716
0.212       0.6681841        0.667978
0.213       0.6683795       0.6681724
0.214        0.668563       0.6683549
0.215       0.6687347       0.6685256
0.216       0.6688948       0.6686847
0.217       0.6690433       0.6688322
0.218       0.6691805       0.6689684
0.219       0.6693063       0.6690932
0.22       0.6694209       0.6692068
0.221       0.6695245       0.6693094
0.222       0.6696171        0.669401
0.223       0.6696988       0.6694817
0.224       0.6697697       0.6695517
0.225       0.6698301        0.669611
0.226       0.6698799       0.6696598
0.227       0.6699192       0.6696981
0.228       0.6699482       0.6697261
0.229        0.669967       0.6697439
0.23       0.6699757       0.6697516
0.231       0.6699743       0.6697492
0.232        0.669963       0.6697369
0.233       0.6699419       0.6697148
0.234       0.6699111        0.669683
0.235       0.6698706       0.6696415
0.236       0.6698206       0.6695905
0.237       0.6697611         0.66953
0.238       0.6696923       0.6694602
0.239       0.6696142       0.6693812
0.24        0.669527       0.6692929
0.241       0.6694307       0.6691956
0.242       0.6693254       0.6690894
0.243       0.6692113       0.6689742
0.244       0.6690883       0.6688502
0.245       0.6689566       0.6687175
0.246       0.6688163       0.6685762
0.247       0.6686674       0.6684264
0.248       0.6685101        0.668268
0.249       0.6683444       0.6681013
0.25       0.6681704       0.6679264
0.251       0.6679882       0.6677432
0.252       0.6677979       0.6675518
0.253       0.6675995       0.6673525
0.254       0.6673932       0.6671451
0.255        0.667179       0.6669299
0.256       0.6669569       0.6667069
0.257       0.6667272       0.6664761
0.258       0.6664898       0.6662377
0.259       0.6662448       0.6659917
0.26       0.6659923       0.6657382
0.261       0.6657324       0.6654773
0.262       0.6654651        0.665209
0.263       0.6651905       0.6649335
0.264       0.6649088       0.6646507
0.265       0.6646199       0.6643608
0.266       0.6643239       0.6640639
0.267        0.664021       0.6637599
0.268       0.6637111        0.663449
0.269       0.6633943       0.6631313
0.27       0.6630708       0.6628067
0.271       0.6627406       0.6624755
0.272       0.6624037       0.6621376
0.273       0.6620602       0.6617931
0.274       0.6617102       0.6614421
0.275       0.6613537       0.6610846
0.276       0.6609908       0.6607208
0.277       0.6606217       0.6603506
0.278       0.6602462       0.6599741
0.279       0.6598645       0.6595915
0.28       0.6594767       0.6592026
0.281       0.6590829       0.6588078
0.282       0.6586829       0.6584069
0.283       0.6582771           0.658
0.284       0.6578653       0.6575872
0.285       0.6574477       0.6571686
0.286       0.6570243       0.6567442
0.287       0.6565952       0.6563141
0.288       0.6561604       0.6558783
0.289         0.65572       0.6554369
0.29       0.6552741       0.6549899
0.291       0.6548226       0.6545375
0.292       0.6543657       0.6540796
0.293       0.6539034       0.6536163
0.294       0.6534357       0.6531476
0.295       0.6529628       0.6526737
0.296       0.6524846       0.6521945
0.297       0.6520013       0.6517102
0.298       0.6515128       0.6512207
0.299       0.6510193       0.6507261
0.3       0.6505207       0.6502266
0.301       0.6500171        0.649722
0.302       0.6495086       0.6492125
0.303       0.6489953       0.6486981
0.304       0.6484771       0.6481789
0.305       0.6479541       0.6476549
0.306       0.6474263       0.6471262
0.307       0.6468939       0.6465928
0.308       0.6463569       0.6460547
0.309       0.6458152       0.6455121
0.31        0.645269       0.6449649
0.311       0.6447183       0.6444132
0.312       0.6441632        0.643857
0.313       0.6436036       0.6432964
0.314       0.6430396       0.6427315
0.315       0.6424713       0.6421622
0.316       0.6418988       0.6415886
0.317        0.641322       0.6410108
0.318        0.640741       0.6404288
0.319       0.6401558       0.6398426
0.32       0.6395665       0.6392523
0.321       0.6389732        0.638658
0.322       0.6383758       0.6380596
0.323       0.6377744       0.6374572
0.324        0.637169       0.6368508
0.325       0.6365598       0.6362405
0.326       0.6359466       0.6356264
0.327       0.6353296       0.6350084
0.328       0.6347089       0.6343866
0.329       0.6340843       0.6337611
0.33        0.633456       0.6331318
0.331       0.6328241       0.6324989
0.332       0.6321885       0.6318622
0.333       0.6315493        0.631222
0.334       0.6309064       0.6305782
0.335       0.6302601       0.6299309
0.336       0.6296102         0.62928
0.337       0.6289569       0.6286257
0.338       0.6283001       0.6279679
0.339         0.62764       0.6273067
0.34       0.6269764       0.6266422
0.341       0.6263096       0.6259743
0.342       0.6256394       0.6253031
0.343       0.6249659       0.6246286
0.344       0.6242892       0.6239509
0.345       0.6236093         0.62327
0.346       0.6229262       0.6225859
0.347         0.62224       0.6218987
0.348       0.6215507       0.6212084
0.349       0.6208583        0.620515
0.35       0.6201628       0.6198185
0.351       0.6194643        0.619119
0.352       0.6187629       0.6184165
0.353       0.6180584       0.6177111
0.354       0.6173511       0.6170027
0.355       0.6166408       0.6162915
0.356       0.6159277       0.6155773
0.357       0.6152117       0.6148604
0.358       0.6144929       0.6141406
0.359       0.6137713        0.613418
0.36        0.613047       0.6126926
0.361       0.6123199       0.6119645
0.362       0.6115901       0.6112338
0.363       0.6108577       0.6105003
0.364       0.6101226       0.6097642
0.365       0.6093848       0.6090254
0.366       0.6086445       0.6082841
0.367       0.6079016       0.6075402
0.368       0.6071561       0.6067937
0.369       0.6064081       0.6060448
0.37       0.6056577       0.6052933
0.371       0.6049047       0.6045393
0.372       0.6041493       0.6037829
0.373       0.6033915       0.6030241
0.374       0.6026313       0.6022629
0.375       0.6018687       0.6014993
0.376       0.6011038       0.6007333
0.377       0.6003365       0.5999651
0.378       0.5995669       0.5991945
0.379        0.598795       0.5984216
0.38       0.5980209       0.5976465
0.381       0.5972446       0.5968691
0.382        0.596466       0.5960895
0.383       0.5956852       0.5953078
0.384       0.5949023       0.5945238
0.385       0.5941172       0.5937377
0.386         0.59333       0.5929495
0.387       0.5925407       0.5921592
0.388       0.5917493       0.5913668
0.389       0.5909558       0.5905723
0.39       0.5901603       0.5897758
0.391       0.5893628       0.5889773
0.392       0.5885632       0.5881767
0.393       0.5877617       0.5873742
0.394       0.5869582       0.5865697
0.395       0.5861528       0.5857632
0.396       0.5853454       0.5849549
0.397       0.5845361       0.5841446
0.398        0.583725       0.5833324
0.399       0.5829119       0.5825184
0.4       0.5820971       0.5817025
0.401       0.5812804       0.5808848
0.402       0.5804618       0.5800653
0.403       0.5796415        0.579244
0.404       0.5788194       0.5784209
0.405       0.5779956        0.577596
0.406         0.57717       0.5767694
0.407       0.5763427       0.5759411
0.408       0.5755137       0.5751111
0.409       0.5746829       0.5742793
0.41       0.5738505       0.5734459
0.411       0.5730165       0.5726109
0.412       0.5721808       0.5717742
0.413       0.5713435       0.5709359
0.414       0.5705046       0.5700959
0.415       0.5696641       0.5692544
0.416        0.568822       0.5684113
0.417       0.5679783       0.5675667
0.418       0.5671331       0.5667205
0.419       0.5662864       0.5658727
0.42       0.5654382       0.5650235
0.421       0.5645884       0.5641727
0.422       0.5637372       0.5633205
0.423       0.5628845       0.5624668
0.424       0.5620303       0.5616117
0.425       0.5611747       0.5607551
0.426       0.5603177        0.559897
0.427       0.5594593       0.5590376
0.428       0.5585995       0.5581768
0.429       0.5577383       0.5573146
0.43       0.5568757        0.556451
0.431       0.5560117        0.555586
0.432       0.5551465       0.5547197
0.433       0.5542798       0.5538521
0.434       0.5534119       0.5529832
0.435       0.5525427       0.5521129
0.436       0.5516722       0.5512414
0.437       0.5508004       0.5503686
0.438       0.5499273       0.5494945
0.439        0.549053       0.5486192
0.44       0.5481774       0.5477426
0.441       0.5473006       0.5468648
0.442       0.5464226       0.5459858
0.443       0.5455434       0.5451056
0.444        0.544663       0.5442242
0.445       0.5437814       0.5433416
0.446       0.5428987       0.5424579
0.447       0.5420148        0.541573
0.448       0.5411297       0.5406869
0.449       0.5402436       0.5397997
0.45       0.5393563       0.5389114
0.451       0.5384679        0.538022
0.452       0.5375783       0.5371315
0.453       0.5366877       0.5362399
0.454       0.5357961       0.5353472
0.455       0.5349033       0.5344535
0.456       0.5340095       0.5335586
0.457       0.5331147       0.5326628
0.458       0.5322188       0.5317659
0.459       0.5313219        0.530868
0.46       0.5304239        0.529969
0.461        0.529525       0.5290691
0.462       0.5286251       0.5281682
0.463       0.5277242       0.5272663
0.464       0.5268223       0.5263634
0.465       0.5259194       0.5254595
0.466       0.5250156       0.5245547
0.467       0.5241109       0.5236489
0.468       0.5232052       0.5227422
0.469       0.5222986       0.5218346
0.47        0.521391       0.5209261
0.471       0.5204826       0.5200166
0.472       0.5195732       0.5191063
0.473        0.518663        0.518195
0.474       0.5177518       0.5172829
0.475       0.5168399       0.5163699
0.476        0.515927        0.515456
0.477       0.5150133       0.5145413
0.478       0.5140987       0.5136257
0.479       0.5131833       0.5127093
0.48       0.5122671        0.511792
0.481         0.51135        0.510874
0.482       0.5104321       0.5099551
0.483       0.5095134       0.5090354
0.484        0.508594       0.5081149
0.485       0.5076737       0.5071936
0.486       0.5067526       0.5062716
0.487       0.5058308       0.5053487
0.488       0.5049082       0.5044251
0.489       0.5039848       0.5035008
0.49       0.5030607       0.5025757
0.491       0.5021359       0.5016498
0.492       0.5012103       0.5007232
0.493        0.500284       0.4997959
0.494       0.4993569       0.4988678
0.495       0.4984292       0.4979391
0.496       0.4975007       0.4970096
0.497       0.4965715       0.4960794
0.498       0.4956417       0.4951485
0.499       0.4947111        0.494217
0.5       0.4937799       0.4932848
0.501        0.492848       0.4923518
0.502       0.4919154       0.4914183
0.503       0.4909822        0.490484
0.504       0.4900483       0.4895491
0.505       0.4891138       0.4886136
0.506       0.4881786       0.4876774
0.507       0.4872428       0.4867406
0.508       0.4863063       0.4858032
0.509       0.4853693       0.4848651
0.51       0.4844316       0.4839264
0.511       0.4834933       0.4829871
0.512       0.4825544       0.4820472
0.513       0.4816149       0.4811067
0.514       0.4806749       0.4801656
0.515       0.4797342        0.479224
0.516        0.478793       0.4782817
0.517       0.4778511       0.4773389
0.518       0.4769088       0.4763955
0.519       0.4759658       0.4754516
0.52       0.4750223        0.474507
0.521       0.4740782        0.473562
0.522       0.4731336       0.4726164
0.523       0.4721885       0.4716702
0.524       0.4712428       0.4707235
0.525       0.4702966       0.4697763
0.526       0.4693499       0.4688286
0.527       0.4684026       0.4678803
0.528       0.4674549       0.4669315
0.529       0.4665066       0.4659823
0.53       0.4655578       0.4650325
0.531       0.4646085       0.4640822
0.532       0.4636587       0.4631314
0.533       0.4627085       0.4621801
0.534       0.4617577       0.4612284
0.535       0.4608065       0.4602761
0.536       0.4598548       0.4593234
0.537       0.4589026       0.4583702
0.538         0.45795       0.4574166
0.539       0.4569969       0.4564625
0.54       0.4560433       0.4555079
0.541       0.4550893       0.4545529
0.542       0.4541349       0.4535975
0.543         0.45318       0.4526416
0.544       0.4522246       0.4516852
0.545       0.4512689       0.4507284
0.546       0.4503127       0.4497712
0.547        0.449356       0.4488136
0.548        0.448399       0.4478555
0.549       0.4474415       0.4468971
0.55       0.4464837       0.4459382
0.551       0.4455254       0.4449789
0.552       0.4445667       0.4440192
0.553       0.4436076       0.4430591
0.554       0.4426481       0.4420986
0.555       0.4416882       0.4411377
0.556        0.440728       0.4401765
0.557       0.4397673       0.4392148
0.558       0.4388063       0.4382528
0.559       0.4378449       0.4372904
0.56       0.4368831       0.4363276
0.561       0.4359209       0.4353644
0.562       0.4349584       0.4344009
0.563       0.4339955        0.433437
0.564       0.4330323       0.4324727
0.565       0.4320687       0.4315081
0.566       0.4311047       0.4305432
0.567       0.4301404       0.4295779
0.568       0.4291758       0.4286122
0.569       0.4282108       0.4276462
0.57       0.4272455       0.4266799
0.571       0.4262798       0.4257133
0.572       0.4253139       0.4247463
0.573       0.4243475       0.4237789
0.574       0.4233809       0.4228113
0.575       0.4224139       0.4218433
0.576       0.4214467        0.420875
0.577       0.4204791       0.4199064
0.578       0.4195112       0.4189375
0.579        0.418543       0.4179683
0.58       0.4175744       0.4169988
0.581       0.4166056       0.4160289
0.582       0.4156365       0.4150588
0.583       0.4146671       0.4140884
0.584       0.4136973       0.4131177
0.585       0.4127273       0.4121467
0.586       0.4117571       0.4111754
0.587       0.4107865       0.4102038
0.588       0.4098156       0.4092319
0.589       0.4088445       0.4082598
0.59       0.4078731       0.4072873
0.591       0.4069014       0.4063146
0.592       0.4059294       0.4053417
0.593       0.4049572       0.4043684
0.594       0.4039847       0.4033949
0.595       0.4030119       0.4024212
0.596       0.4020389       0.4014471
0.597       0.4010656       0.4004729
0.598       0.4000921       0.3994983
0.599       0.3991183       0.3985235
0.6       0.3981443       0.3975485
0.601         0.39717       0.3965732
0.602       0.3961955       0.3955977
0.603       0.3952207       0.3946219
0.604       0.3942457       0.3936459
0.605       0.3932704       0.3926696
0.606       0.3922949       0.3916931
0.607       0.3913192       0.3907164
0.608       0.3903433       0.3897394
0.609       0.3893671       0.3887622
0.61       0.3883907       0.3877848
0.611        0.387414       0.3868072
0.612       0.3864372       0.3858293
0.613       0.3854601       0.3848512
0.614       0.3844828        0.383873
0.615       0.3835053       0.3828944
0.616       0.3825276       0.3819157
0.617       0.3815497       0.3809368
0.618       0.3805715       0.3799576
0.619       0.3795932       0.3789783
0.62       0.3786146       0.3779987
0.621       0.3776359        0.377019
0.622       0.3766569        0.376039
0.623       0.3756778       0.3750588
0.624       0.3746984       0.3740785
0.625       0.3737189       0.3730979
0.626       0.3727391       0.3721172
0.627       0.3717592       0.3711362
0.628       0.3707791       0.3701551
0.629       0.3697988       0.3691738
0.63       0.3688183       0.3681923
0.631       0.3678376       0.3672106
0.632       0.3668567       0.3662287
0.633       0.3658757       0.3652467
0.634       0.3648945       0.3642645
0.635       0.3639131       0.3632821
0.636       0.3629315       0.3622995
0.637       0.3619498       0.3613168
0.638       0.3609679       0.3603338
0.639       0.3599858       0.3593508
0.64       0.3590035       0.3583675
0.641       0.3580211       0.3573841
0.642       0.3570386       0.3564005
0.643       0.3560558       0.3554167
0.644       0.3550729       0.3544328
0.645       0.3540898       0.3534488
0.646       0.3531066       0.3524645
0.647       0.3521232       0.3514801
0.648       0.3511397       0.3504956
0.649        0.350156       0.3495109
0.65       0.3491722       0.3485261
0.651       0.3481882       0.3475411
0.652       0.3472041       0.3465559
0.653       0.3462198       0.3455706
0.654       0.3452353       0.3445852
0.655       0.3442508       0.3435996
0.656       0.3432661       0.3426139
0.657       0.3422812        0.341628
0.658       0.3412962        0.340642
0.659       0.3403111       0.3396559
0.66       0.3393258       0.3386696
0.661       0.3383404       0.3376832
0.662       0.3373548       0.3366966
0.663       0.3363691       0.3357099
0.664       0.3353833       0.3347231
0.665       0.3343974       0.3337362
0.666       0.3334113       0.3327491
0.667       0.3324251       0.3317619
0.668       0.3314388       0.3307745
0.669       0.3304523       0.3297871
0.67       0.3294658       0.3287995
0.671       0.3284791       0.3278118
0.672       0.3274922        0.326824
0.673       0.3265053        0.325836
0.674       0.3255182        0.324848
0.675       0.3245311       0.3238598
0.676       0.3235438       0.3228715
0.677       0.3225563        0.321883
0.678       0.3215688       0.3208945
0.679       0.3205812       0.3199059
0.68       0.3195934       0.3189171
0.681       0.3186056       0.3179282
0.682       0.3176176       0.3169392
0.683       0.3166295       0.3159502
0.684       0.3156413        0.314961
0.685        0.314653       0.3139716
0.686       0.3136646       0.3129822
0.687       0.3126761       0.3119927
0.688       0.3116875       0.3110031
0.689       0.3106987       0.3100134
0.69       0.3097099       0.3090235
0.691        0.308721       0.3080336
0.692        0.307732       0.3070436
0.693       0.3067429       0.3060535
0.694       0.3057537       0.3050632
0.695       0.3047643       0.3040729
0.696       0.3037749       0.3030825
0.697       0.3027854        0.302092
0.698       0.3017958       0.3011014
0.699       0.3008061       0.3001107
0.7       0.2998164       0.2991199
0.701       0.2988265        0.298129
0.702       0.2978365        0.297138
0.703       0.2968465        0.296147
0.704       0.2958563       0.2951558
0.705       0.2948661       0.2941646
0.706       0.2938758       0.2931733
0.707       0.2928854       0.2921819
0.708       0.2918949       0.2911904
0.709       0.2909043       0.2901988
0.71       0.2899137       0.2892071
0.711       0.2889229       0.2882154
0.712       0.2879321       0.2872236
0.713       0.2869412       0.2862317
0.714       0.2859502       0.2852397
0.715       0.2849592       0.2842476
0.716        0.283968       0.2832555
0.717       0.2829768       0.2822632
0.718       0.2819855       0.2812709
0.719       0.2809941       0.2802786
0.72       0.2800027       0.2792861
0.721       0.2790112       0.2782936
0.722       0.2780196        0.277301
0.723       0.2770279       0.2763083
0.724       0.2760362       0.2753156
0.725       0.2750444       0.2743227
0.726       0.2740525       0.2733299
0.727       0.2730605       0.2723369
0.728       0.2720685       0.2713439
0.729       0.2710764       0.2703508
0.73       0.2700843       0.2693576
0.731        0.269092       0.2683644
0.732       0.2680997       0.2673711
0.733       0.2671074       0.2663777
0.734        0.266115       0.2653843
0.735       0.2651225       0.2643908
0.736       0.2641299       0.2633972
0.737       0.2631373       0.2624036
0.738       0.2621446       0.2614099
0.739       0.2611519       0.2604162
0.74       0.2601591       0.2594223
0.741       0.2591662       0.2584285
0.742       0.2581733       0.2574345
0.743       0.2571803       0.2564405
0.744       0.2561872       0.2554465
0.745       0.2551941       0.2544524
0.746        0.254201       0.2534582
0.747       0.2532078        0.252464
0.748       0.2522145       0.2514697
0.749       0.2512211       0.2504754
0.75       0.2502278        0.249481
0.751       0.2492343       0.2484865
0.752       0.2482408        0.247492
0.753       0.2472473       0.2464974
0.754       0.2462537       0.2455028
0.755         0.24526       0.2445082
0.756       0.2442663       0.2435134
0.757       0.2432725       0.2425187
0.758       0.2422787       0.2415239
0.759       0.2412848        0.240529
0.76       0.2402909       0.2395341
0.761       0.2392969       0.2385391
0.762       0.2383029       0.2375441
0.763       0.2373089        0.236549
0.764       0.2363147       0.2355539
0.765       0.2353206       0.2345587
0.766       0.2343264       0.2335635
0.767       0.2333321       0.2325682
0.768       0.2323378       0.2315729
0.769       0.2313435       0.2305775
0.77       0.2303491       0.2295821
0.771       0.2293546       0.2285867
0.772       0.2283601       0.2275912
0.773       0.2273656       0.2265957
0.774        0.226371       0.2256001
0.775       0.2253764       0.2246044
0.776       0.2243817       0.2236088
0.777        0.223387       0.2226131
0.778       0.2223923       0.2216173
0.779       0.2213975       0.2206215
0.78       0.2204027       0.2196257
0.781       0.2194078       0.2186298
0.782       0.2184129       0.2176339
0.783       0.2174179       0.2166379
0.784       0.2164229       0.2156419
0.785       0.2154279       0.2146459
0.786       0.2144328       0.2136498
0.787       0.2134377       0.2126537
0.788       0.2124426       0.2116575
0.789       0.2114474       0.2106614
0.79       0.2104522       0.2096651
0.791       0.2094569       0.2086689
0.792       0.2084616       0.2076726
0.793       0.2074663       0.2066762
0.794       0.2064709       0.2056798
0.795       0.2054755       0.2046834
0.796       0.2044801        0.203687
0.797       0.2034846       0.2026905
0.798       0.2024891        0.201694
0.799       0.2014936       0.2006974
0.8        0.200498       0.1997009
0.801       0.1995024       0.1987042
0.802       0.1985067       0.1977076
0.803       0.1975111       0.1967109
0.804       0.1965154       0.1957142
0.805       0.1955196       0.1947174
0.806       0.1945238       0.1937207
0.807        0.193528       0.1927239
0.808       0.1925322        0.191727
0.809       0.1915363       0.1907301
0.81       0.1905404       0.1897332
0.811       0.1895445       0.1887363
0.812       0.1885486       0.1877393
0.813       0.1875526       0.1867423
0.814       0.1865565       0.1857453
0.815       0.1855605       0.1847483
0.816       0.1845644       0.1837512
0.817       0.1835683       0.1827541
0.818       0.1825722       0.1817569
0.819        0.181576       0.1807598
0.82       0.1805798       0.1797626
0.821       0.1795836       0.1787654
0.822       0.1785874       0.1777681
0.823       0.1775911       0.1767708
0.824       0.1765948       0.1757735
0.825       0.1755985       0.1747762
0.826       0.1746022       0.1737788
0.827       0.1736058       0.1727815
0.828       0.1726094       0.1717841
0.829        0.171613       0.1707866
0.83       0.1706165       0.1697892
0.831         0.16962       0.1687917
0.832       0.1686235       0.1677942
0.833        0.167627       0.1667966
0.834       0.1666305       0.1657991
0.835       0.1656339       0.1648015
0.836       0.1646373       0.1638039
0.837       0.1636407       0.1628063
0.838        0.162644       0.1618086
0.839       0.1616474        0.160811
0.84       0.1606507       0.1598133
0.841        0.159654       0.1588156
0.842       0.1586572       0.1578178
0.843       0.1576605       0.1568201
0.844       0.1566637       0.1558223
0.845       0.1556669       0.1548245
0.846       0.1546701       0.1538266
0.847       0.1536732       0.1528288
0.848       0.1526764       0.1518309
0.849       0.1516795        0.150833
0.85       0.1506826       0.1498351
0.851       0.1496857       0.1488372
0.852       0.1486887       0.1478392
0.853       0.1476918       0.1468413
0.854       0.1466948       0.1458433
0.855       0.1456978       0.1448453
0.856       0.1447008       0.1438472
0.857       0.1437037       0.1428492
0.858       0.1427067       0.1418511
0.859       0.1417096        0.140853
0.86       0.1407125       0.1398549
0.861       0.1397154       0.1388568
0.862       0.1387182       0.1378587
0.863       0.1377211       0.1368605
0.864       0.1367239       0.1358623
0.865       0.1357267       0.1348641
0.866       0.1347295       0.1338659
0.867       0.1337323       0.1328677
0.868       0.1327351       0.1318695
0.869       0.1317378       0.1308712
0.87       0.1307405       0.1298729
0.871       0.1297432       0.1288746
0.872       0.1287459       0.1278763
0.873       0.1277486        0.126878
0.874       0.1267513       0.1258796
0.875       0.1257539       0.1248813
0.876       0.1247565       0.1238829
0.877       0.1237591       0.1228845
0.878       0.1227617       0.1218861
0.879       0.1217643       0.1208877
0.88       0.1207669       0.1198892
0.881       0.1197694       0.1188908
0.882        0.118772       0.1178923
0.883       0.1177745       0.1168938
0.884        0.116777       0.1158953
0.885       0.1157795       0.1148968
0.886        0.114782       0.1138983
0.887       0.1137845       0.1128997
0.888       0.1127869       0.1119012
0.889       0.1117893       0.1109026
0.89       0.1107918        0.109904
0.891       0.1097942       0.1089054
0.892       0.1087966       0.1079068
0.893        0.107799       0.1069082
0.894       0.1068013       0.1059095
0.895       0.1058037       0.1049109
0.896        0.104806       0.1039122
0.897       0.1038083       0.1029136
0.898       0.1028107       0.1019149
0.899        0.101813       0.1009162
0.9       0.1008153      0.09991745
0.901      0.09981754      0.09891872
0.902      0.09881981      0.09791998
0.903      0.09782207      0.09692123
0.904      0.09682431      0.09592247
0.905      0.09582654       0.0949237
0.906      0.09482876      0.09392491
0.907      0.09383097      0.09292611
0.908      0.09283317       0.0919273
0.909      0.09183536      0.09092848
0.91      0.09083753      0.08992965
0.911      0.08983969       0.0889308
0.912      0.08884185      0.08793195
0.913      0.08784399      0.08693308
0.914      0.08684612      0.08593421
0.915      0.08584824      0.08493532
0.916      0.08485035      0.08393642
0.917      0.08385244      0.08293752
0.918      0.08285453       0.0819386
0.919      0.08185661      0.08093967
0.92      0.08085868      0.07994073
0.921      0.07986074      0.07894178
0.922      0.07886278      0.07794282
0.923      0.07786482      0.07694385
0.924      0.07686685      0.07594487
0.925      0.07586887      0.07494588
0.926      0.07487088      0.07394689
0.927      0.07387288      0.07294788
0.928      0.07287486      0.07194886
0.929      0.07187685      0.07094983
0.93      0.07087882       0.0699508
0.931      0.06988078      0.06895175
0.932      0.06888273       0.0679527
0.933      0.06788467      0.06695364
0.934      0.06688661      0.06595456
0.935      0.06588854      0.06495548
0.936      0.06489045      0.06395639
0.937      0.06389236       0.0629573
0.938      0.06289426      0.06195819
0.939      0.06189615      0.06095908
0.94      0.06089804      0.05995995
0.941      0.05989991      0.05896082
0.942      0.05890178      0.05796168
0.943      0.05790364      0.05696253
0.944      0.05690549      0.05596338
0.945      0.05590733      0.05496421
0.946      0.05490917      0.05396504
0.947        0.053911      0.05296586
0.948      0.05291282      0.05196668
0.949      0.05191463      0.05096748
0.95      0.05091643      0.04996828
0.951      0.04991823      0.04896907
0.952      0.04892002      0.04796985
0.953       0.0479218      0.04697063
0.954      0.04692358      0.04597139
0.955      0.04592534      0.04497216
0.956      0.04492711      0.04397291
0.957      0.04392886      0.04297366
0.958      0.04293061       0.0419744
0.959      0.04193235      0.04097513
0.96      0.04093408      0.03997586
0.961       0.0399358      0.03897657
0.962      0.03893752      0.03797729
0.963      0.03793924      0.03697799
0.964      0.03694094      0.03597869
0.965      0.03594264      0.03497939
0.966      0.03494434      0.03398007
0.967      0.03394602      0.03298075
0.968       0.0329477      0.03198143
0.969      0.03194938      0.03098209
0.97      0.03095105      0.02998275
0.971      0.02995271      0.02898341
0.972      0.02895436      0.02798406
0.973      0.02795601       0.0269847
0.974      0.02695766      0.02598534
0.975       0.0259593      0.02498597
0.976      0.02496093       0.0239866
0.977      0.02396255      0.02298722
0.978      0.02296418      0.02198783
0.979      0.02196579      0.02098844
0.98       0.0209674      0.01998904
0.981        0.019969      0.01898964
0.982       0.0189706      0.01799023
0.983       0.0179722      0.01699082
0.984      0.01697378       0.0159914
0.985      0.01597537      0.01499197
0.986      0.01497694      0.01399254
0.987      0.01397851      0.01299311
0.988      0.01298008      0.01199367
0.989      0.01198164      0.01099422
0.99       0.0109832     0.009994771
0.991     0.009984751     0.008995316
0.992     0.008986297     0.007995856
0.993     0.007987839      0.00699639
0.994     0.006989375      0.00599692
0.995     0.005990907     0.004997445
0.996     0.004992434     0.003997966
0.997     0.003993957     0.002998481
0.998     0.002995474     0.001998992
0.999     0.001996988    0.0009994983
1     0.000998496    5.888573e-18
1.001               0               0
