0.099566680
0.19929003
0.30151623
0.40169780
0.50254582
0.60390064
0.70523087
0.80698447
0.90807086
1.0075148
1.1084397
1.2125044
1.3137322
1.4143291
1.5161037
1.6176374
1.7188911
1.8212890
1.9207498
2.0210892
2.1223719
2.2242083
2.3274748
2.4308697
2.5343175
2.6361708
2.7399525
2.8449543
2.9467953
3.0510454
3.1540897
3.2585611
3.3633855
3.4662395
3.5693431
3.6725941
3.7756630
3.8784985
3.9809616
4.0871214
4.1893718
4.2941375
4.3983301
4.5022718
4.6062157
4.7087910
4.8127841
4.9193126
5.0246800
5.1312151
5.2357473
5.3428004
5.4475074
5.5547194
5.6611922
5.7679699
5.8751601
5.9808575
6.0861458
6.1917137
6.3000481
6.4070631
6.5143468
6.6218490
6.7293413
6.8358072
6.9432203
7.0516803
7.1597799
7.2668718
7.3750906
7.4847801
7.5932383
7.7007387
7.8094390
7.9162582
8.0232647
8.1326547
8.2406813
8.3496802
8.4579872
8.5677167
8.6761289
8.7851322
8.8942024
9.0055280
9.1139865
9.2245065
9.3350526
9.4455276
9.5555344
9.6661563
9.7763223
9.8898250
10.000210
10.111723
10.223004
10.333537
10.443204
10.554710
10.664343
10.776122
10.888090
11.000259
11.110795
11.222696
11.336444
11.448149
11.560413
11.672765
11.785248
11.898654
12.011490
12.123404
12.236572
12.349418
12.462335
12.575809
12.689167
12.802975
12.918050
13.030837
13.144797
13.261452
13.375111
13.489074
13.604748
13.719264
13.833430
13.948504
14.064121
14.179238
14.292129
14.408112
14.524525
14.639377
14.753870
14.870868
14.985456
15.100387
15.217827
15.333944
15.449536
15.566054
15.683590
15.801088
15.919257
16.038467
16.155841
16.272203
16.387021
16.505259
16.622869
16.743111
16.859885
16.976769
17.095014
17.213488
17.331535
17.447623
17.566436
17.686180
17.806305
17.927296
18.046122
18.168143
18.286881
18.406225
18.525653
18.647374
18.767713
18.889023
19.009797
19.129575
19.251645
19.372967
19.493911
19.614761
19.737730
19.859190
19.981467
20.102084
20.222741
20.344012
20.464803
20.586665
20.707178
20.830934
20.953294
21.076283
21.198970
21.322098
21.445522
21.568929
21.693741
21.817963
21.943297
22.067771
22.192301
22.316023
22.442162
22.566024
22.692218
22.816675
22.942763
23.068393
23.193300
23.321121
23.446898
23.573294
23.700127
23.827234
23.954132
24.082150
24.207106
24.336025
24.463846
24.589990
24.719550
24.847465
24.973784
25.105089
25.233254
25.360614
25.487223
25.618758
25.748066
25.879650
26.008830
26.135328
26.265178
26.394793
26.524979
26.656455
26.787415
26.918020
27.049232
27.179307
27.311420
27.443212
27.574959
27.707295
27.840777
27.972005
28.103395
28.233771
28.365721
28.499108
28.631090
28.764378
28.897364
29.030333
29.162665
29.297888
29.431673
29.567561
29.702105
29.838518
29.971542
30.108290
30.244946
30.380234
30.515600
30.649162
30.784628
30.920133
31.057924
31.193246
31.328960
31.465128
31.602348
31.740433
31.878670
32.016045
32.155266
32.293821
32.433471
32.572883
32.709580
32.846317
32.985479
33.124248
33.264802
33.403912
33.545026
33.685090
33.823254
33.964195
34.105063
34.245829
34.384471
34.528423
34.669615
34.811786
34.953030
35.093594
35.235768
35.378848
35.520532
35.661304
35.803787
35.945571
36.090301
36.231011
36.376000
36.520295
36.667279
36.810933
36.955388
37.100817
37.245857
37.391197
37.535785
37.680068
37.826306
37.971210
38.118930
38.265383
38.408007
38.556658
38.702556
38.846599
38.995335
39.141915
39.293913
39.442697
39.590277
39.738003
39.886810
40.035294
40.182702
40.333509
40.482895
40.633977
40.785362
40.936266
41.086280
41.238019
41.390998
41.543539
41.694350
41.846763
41.998582
42.152445
42.303829
42.456233
42.610488
42.762639
42.916717
43.069973
43.223972
43.379544
43.534007
43.690674
43.845650
43.999702
44.153686
44.309615
44.465482
44.623134
44.777802
44.934926
45.088988
45.245729
45.401493
45.559958
45.717300
45.871312
46.028201
46.185808
46.343603
46.503621
46.664491
46.822308
46.981127
47.140833
47.301176
47.461221
47.623513
47.784111
47.945104
48.104982
48.266763
48.427901
48.591862
48.757207
48.920210
49.082904
49.244442
49.405170
49.568860
49.733779
49.896415
50.062735
50.225728
50.391909
50.555615
50.721037
50.885023
51.052623
51.218008
51.383935
51.548202
51.712647
51.882233
52.053261
52.222343
52.387880
52.558804
52.727335
52.898875
53.069960
53.238901
53.410552
53.578597
53.751905
53.923186
54.094520
54.270103
54.444708
54.619191
54.790156
54.964424
55.136018
55.312810
55.487757
55.659578
55.835693
56.009304
56.185702
56.362497
56.539180
56.714143
56.893379
57.070771
57.246603
57.422727
57.603215
57.779727
57.958162
58.132755
58.310597
58.489581
58.668862
58.851208
59.031318
59.214817
59.393763
59.572769
59.753348
59.935455
60.117643
60.298810
60.483665
60.665975
60.847558
61.030477
61.210430
61.395496
61.579219
61.763182
61.949369
62.135726
62.322324
62.510501
62.696929
62.885188
63.070044
63.261068
63.451646
63.640266
63.831137
64.022112
64.214103
64.404366
64.594287
64.785247
64.973411
65.163023
65.356678
65.552145
65.743182
65.938640
66.132950
66.327861
66.521311
66.714055
66.906371
67.100970
67.296633
67.496417
67.694265
67.892540
68.089556
68.289629
68.486229
68.688605
68.886912
69.088044
69.288423
69.488973
69.690982
69.890701
70.088511
70.287093
70.493957
70.697462
70.898294
71.100716
71.305369
71.511521
71.715438
71.917503
72.123385
72.331465
72.538830
72.742419
72.946481
73.155095
73.362569
73.572946
73.779922
73.990291
74.201761
74.414822
74.628051
74.843036
75.054914
75.265009
75.480867
75.688489
75.903252
76.114838
76.328556
76.545544
76.758715
76.976686
77.193454
77.411147
77.630410
77.847408
78.067151
78.281579
78.500949
78.719640
78.942360
79.161552
79.382877
79.603776
79.826647
80.049357
80.273834
80.494062
80.717915
80.944724
81.168182
81.394444
81.619586
81.848502
82.075719
82.304828
82.533595
82.758831
82.989536
83.217491
83.446462
83.677102
83.904926
84.137008
84.368525
84.602132
84.835197
85.067412
85.302662
85.537451
85.774646
86.013672
86.248758
86.486231
86.721104
86.958352
87.201519
87.441068
87.684703
87.921647
88.165040
88.405763
88.645244
88.888984
89.127603
89.372691
89.621718
89.870604
90.117586
90.369394
90.618677
90.870359
91.119960
91.365470
91.615027
91.869243
92.119115
92.370249
92.618194
92.870221
93.125531
93.382288
93.630959
93.887180
94.139089
94.397209
94.655321
94.916379
95.174822
95.434506
95.693493
95.949510
96.211044
96.475912
96.740804
97.007169
97.268857
97.532430
97.798364
98.066303
98.337730
98.607613
98.874303
99.138844
99.412800
99.683547
99.953132
100.22382
100.49602
100.76806
101.04337
101.31932
101.59203
101.86734
102.14588
102.42400
102.69691
102.97488
103.25577
103.53189
103.81536
104.10009
104.38222
104.66148
104.94158
105.22835
105.51180
105.79590
106.08150
106.37470
106.65973
106.94941
107.24358
107.53404
107.83208
108.12638
108.42558
108.72832
109.02243
109.31344
109.60933
109.90944
110.20766
110.51327
110.81276
111.11768
111.41731
111.72450
112.03153
112.33401
112.64166
112.94874
113.25588
113.56393
113.87003
114.18268
114.49485
114.80866
115.12231
115.44110
115.75813
116.07711
116.39994
116.71588
117.03118
117.35804
117.67742
118.00007
118.32046
118.64993
118.97322
119.29752
119.62869
119.96659
120.29812
120.62763
120.96932
121.29939
121.63532
121.97083
122.31091
122.65371
122.99470
123.33563
123.67874
124.02546
124.37410
124.72151
125.07424
125.42043
125.76860
126.12215
126.47610
126.83119
127.18827
127.54835
127.90861
128.27056
128.63001
128.99875
129.35995
129.72286
130.09278
130.46564
130.83080
131.20111
131.57567
131.94914
132.32479
132.70538
133.08430
133.46365
133.84300
134.22501
134.60739
134.99173
135.38114
135.76683
136.15234
136.54695
136.93617
137.33394
137.73294
138.12579
138.52149
138.92443
139.32814
139.73442
140.14564
140.55474
140.96128
141.37102
141.78043
142.19148
142.60427
143.01387
143.42572
143.84050
144.26440
144.68381
145.10299
145.53344
145.95760
146.38567
146.81146
147.24974
147.68350
148.11473
148.55272
148.99729
149.43324
149.88173
150.33267
150.78229
151.23378
151.69040
152.14556
152.60438
153.07046
153.53186
153.99411
154.46660
154.93166
155.39210
155.86950
156.34089
156.80513
157.28332
157.76406
158.24980
158.73152
159.21887
159.71045
160.19913
160.69822
161.19164
161.69490
162.19527
162.69821
163.20789
163.72013
164.22810
164.74680
165.26792
165.78403
166.30452
166.83080
167.36644
167.91160
168.45339
168.99610
169.53557
170.08096
170.63235
171.18422
171.73511
172.29117
172.85722
173.41737
173.98770
174.56043
175.14328
175.71762
176.30378
176.88158
177.47732
178.06713
178.65655
179.24799
179.83838
180.45351
181.05782
181.67368
182.29064
182.90907
183.52533
184.15627
184.79946
185.43955
186.07906
186.72142
187.37534
188.02985
188.68610
189.34726
190.01968
190.69380
191.37818
192.06224
192.75694
193.45443
194.16168
194.86060
195.56495
196.27581
196.99246
197.71517
198.44628
199.17979
199.92994
200.68795
201.42420
202.17304
202.93164
203.69683
204.46717
205.23319
206.00895
206.79410
207.58227
208.39300
209.19832
210.00734
210.82663
211.64988
212.48622
213.33105
214.17942
215.04517
215.89298
216.76042
217.63652
218.53811
219.44063
220.35696
221.26469
222.19280
223.10613
224.04272
224.97466
225.92263
226.86489
227.81527
228.79512
229.78893
230.78060
231.79033
232.81710
233.86249
234.89288
235.95001
236.99408
238.05030
239.14740
240.25553
241.34471
242.45806
243.58760
244.73851
245.92530
247.10366
248.28617
249.50549
250.71565
251.92772
253.20077
254.46422
255.72016
257.00966
258.32844
259.68551
261.04358
262.39646
263.77450
265.18298
266.59196
268.05542
269.52904
271.00975
272.52527
274.04668
275.62433
277.23615
278.84452
280.46495
282.10319
283.79716
285.51273
287.28375
289.07231
290.87084
292.71997
294.59839
296.53445
298.50327
300.50078
302.54030
304.60689
306.73081
308.92439
311.15534
313.43948
315.72586
318.11354
320.51713
322.99017
325.56577
328.18080
330.91028
333.66673
336.50285
339.40685
342.43602
345.60874
348.81213
352.09415
355.56781
359.11824
362.77977
366.63074
370.61505
374.84246
379.12661
383.74728
388.48849
393.48417
398.72671
404.33485
410.21934
416.48866
423.29303
430.42444
438.09676
446.44843
455.55819
465.62729
476.67625
489.25628
503.56349
520.22509
540.12026
565.41270
598.05761
647.74613
748.16910
