100
15

5

1.17805e-32
-8.01968e-33
-1.10065e-33
-2.89368e-33
9.48375e-33
-5.57291e-33
-7.53392e-33
1.00793e-32
-4.68979e-33
9.54137e-33
-5.5936e-33
2.74493e-34
5.43524e-33
3.04197e-32
-5.4921e-32
3.94122e-32
-2.51366e-32
-1.18462e-31
3.48221e-31
-3.57394e-31
5.01207e-31
-8.02767e-31
2.30505e-30
-3.19401e-30
1.04442e-29
-1.82517e-29
-5.15667e-31
2.84365e-29
8.43605e-30
-7.33386e-29
1.14464e-28
2.37864e-28
-8.42875e-28
1.74804e-27
-1.44285e-27
-1.2449e-27
3.84305e-27
1.50266e-27
-1.34857e-26
5.47036e-26
-1.47482e-25
1.07418e-25
2.41581e-25
-1.92355e-25
5.3407e-26
-1.82739e-24
3.65396e-24
-1.62189e-23
-4.62027e-24
2.89277e-23
-1.13707e-22
3.79339e-22
-1.47767e-22
2.2801e-22
-1.81737e-21
-7.57213e-22
6.78279e-21
-7.18463e-21
3.68111e-20
-7.40244e-20
4.42015e-20
-4.36908e-19
1.64276e-18
8.35699e-19
-1.42054e-17
4.76343e-18
-1.49525e-17
1.18111e-16
-3.03157e-17
-9.68235e-17
-1.63776e-15
-8.65208e-16
5.11424e-15
-8.69783e-16
-1.20157e-15
-3.82038e-16
-7.238e-17
-9.8553e-18
-1.04868e-18
-9.21428e-20
-1.02505e-20
7.88001e-20
-1.04581e-18
1.15373e-17
-1.01834e-16
6.88646e-16
-3.77888e-15
3.58244e-14
-8.80818e-13
2.3628e-11
-5.76215e-10
1.27259e-08
-2.51529e-07
4.38123e-06
-6.59153e-05
0.000833422
-0.00851248
0.0659924
-0.346684
0.935619
