100
10

0.01

0.0215145
-0.0409312
0.0584034
-0.0740743
0.0880781
-0.10054
0.111576
-0.121297
0.129804
-0.137192
0.14355
-0.14896
0.153501
-0.157243
0.160253
-0.162594
0.164324
-0.165496
0.166161
-0.166365
0.166151
-0.16556
0.164627
-0.163389
0.161876
-0.160118
0.158142
-0.155974
0.153636
-0.15115
0.148535
-0.14581
0.142992
-0.140095
0.137134
-0.13412
0.131067
-0.127985
0.124883
-0.12177
0.118655
-0.115544
0.112443
-0.109359
0.106298
-0.103263
0.100258
-0.0972882
0.0943558
-0.0914637
0.0886144
-0.08581
0.0830521
-0.0803421
0.0776814
-0.0750706
0.0725106
-0.0700018
0.0675444
-0.0651386
0.0627842
-0.060481
0.0582288
-0.0560269
0.0538749
-0.051772
0.0497174
-0.0477103
0.0457498
-0.0438349
0.0419645
-0.0401374
0.0383526
-0.0366087
0.0349047
-0.0332391
0.0316108
-0.0300183
0.0284604
-0.0269356
0.0254425
-0.0239798
0.022546
-0.0211396
0.0197593
-0.0184036
0.017071
-0.0157601
0.0144693
-0.0131971
0.0119421
-0.0107028
0.00947765
-0.00826508
0.00706359
-0.00587164
0.00468766
-0.0035101
0.00233737
-0.00116787
