100
5

0.5

-0.000574411
0.00112406
-0.00165337
0.0021665
-0.00266744
0.00316001
-0.00364788
0.00413458
-0.00462356
0.00511817
-0.00562171
0.00613743
-0.00666854
0.00721826
-0.00778979
0.00838638
-0.00901127
0.00966777
-0.0103592
0.0110891
-0.0118608
0.0126779
-0.0135441
0.0144632
-0.0154389
0.0164751
-0.017576
0.0187456
-0.0199881
0.0213078
-0.0227091
0.0241963
-0.025774
0.0274466
-0.0292186
0.0310947
-0.0330791
0.0351763
-0.0373906
0.0397262
-0.0421868
0.0447764
-0.0474982
0.0503552
-0.0533503
0.0564853
-0.059762
0.0631812
-0.0667432
0.0704471
-0.0742916
0.0782739
-0.0823904
0.0866361
-0.0910047
0.0954883
-0.100078
0.104762
-0.109528
0.114361
-0.119245
0.124161
-0.129087
0.134002
-0.138878
0.14369
-0.148406
0.152994
-0.15742
0.161648
-0.165637
0.169349
-0.172739
0.175765
-0.178382
0.180542
-0.1822
0.183309
-0.183823
0.183696
-0.182885
0.181349
-0.179048
0.175947
-0.172016
0.167228
-0.161565
0.155013
-0.147568
0.139231
-0.130015
0.119943
-0.109047
0.0973709
-0.0849708
0.0719142
-0.0582807
0.0441626
-0.0296639
0.0149007
