100
15

0.01

0.0379083
-0.0703444
0.0979016
-0.121116
0.140472
-0.156407
0.169314
-0.179548
0.187428
-0.193241
0.197245
-0.199672
0.200728
-0.200599
0.19945
-0.197431
0.194673
-0.191292
0.187394
-0.183071
0.178404
-0.173466
0.168319
-0.163021
0.157619
-0.152155
0.146668
-0.141187
0.135742
-0.130355
0.125046
-0.119831
0.114725
-0.109738
0.10488
-0.100158
0.0955779
-0.0911426
0.0868553
-0.0827175
0.0787295
-0.0748912
0.0712013
-0.0676582
0.0642597
-0.0610031
0.0578853
-0.0549029
0.0520525
-0.0493301
0.0467319
-0.0442538
0.0418918
-0.0396417
0.0374993
-0.0354606
0.0335213
-0.0316776
0.0299252
-0.0282604
0.0266793
-0.0251782
0.0237533
-0.0224012
0.0211183
-0.0199013
0.0187471
-0.0176524
0.0166143
-0.0156298
0.0146962
-0.0138107
0.0129707
-0.0121738
0.0114175
-0.0106996
0.0100179
-0.00937012
0.00875435
-0.0081686
0.00761098
-0.00707969
0.006573
-0.00608924
0.00562679
-0.0051841
0.0047597
-0.00435212
0.00395998
-0.00358193
0.00321665
-0.00286288
0.00251937
-0.00218491
0.00185832
-0.00153844
0.00122411
-0.000914216
0.000607638
-0.000303268
