100
5

0.1

0.00950303
-0.0185362
0.0271163
-0.0352596
0.0429817
-0.0502979
0.057223
-0.063771
0.0699557
-0.0757905
0.081288
-0.0864609
0.0913208
-0.0958795
0.100148
-0.104137
0.107857
-0.111319
0.11453
-0.117502
0.120242
-0.12276
0.125064
-0.127161
0.12906
-0.130767
0.132291
-0.133637
0.134812
-0.135823
0.136676
-0.137377
0.13793
-0.138342
0.138618
-0.138763
0.138781
-0.138676
0.138455
-0.138119
0.137675
-0.137124
0.136472
-0.135721
0.134876
-0.133939
0.132913
-0.131801
0.130607
-0.129332
0.127981
-0.126554
0.125055
-0.123485
0.121848
-0.120145
0.118377
-0.116548
0.114659
-0.112712
0.110709
-0.10865
0.106539
-0.104376
0.102163
-0.0999008
0.0975919
-0.0952372
0.092838
-0.0903957
0.0879116
-0.0853868
0.0828227
-0.0802205
0.0775813
-0.0749064
0.072197
-0.0694542
0.0666791
-0.0638731
0.0610372
-0.0581726
0.0552805
-0.0523622
0.0494187
-0.0464515
0.0434617
-0.0404505
0.0374194
-0.0343696
0.0313024
-0.0282194
0.0251217
-0.022011
0.0188887
-0.0157564
0.0126155
-0.00946779
0.00631481
-0.0031583
