100
10

0.1

-0.00622128
0.0118501
-0.0169428
0.0215513
-0.0257234
0.029503
-0.0329304
0.0360427
-0.0388739
0.0414553
-0.0438155
0.0459809
-0.0479756
0.0498218
-0.0515398
0.0531482
-0.0546641
0.0561031
-0.0574797
0.0588069
-0.0600967
0.0613603
-0.0626077
0.0638481
-0.0650899
0.0663409
-0.0676081
0.0688977
-0.0702156
0.0715669
-0.0729563
0.074388
-0.0758654
0.0773919
-0.0789702
0.0806023
-0.0822903
0.0840353
-0.0858383
0.0876997
-0.0896194
0.091597
-0.0936314
0.0957212
-0.0978642
0.100058
-0.102299
0.104585
-0.106909
0.109269
-0.111657
0.114068
-0.116495
0.11893
-0.121365
0.12379
-0.126196
0.128572
-0.130906
0.133187
-0.135401
0.137534
-0.139572
0.1415
-0.143302
0.14496
-0.146459
0.147779
-0.148903
0.149811
-0.150485
0.150906
-0.151055
0.150911
-0.150456
0.149671
-0.148538
0.147039
-0.145158
0.142879
-0.140187
0.137071
-0.13352
0.129523
-0.125076
0.120175
-0.114817
0.109006
-0.102746
0.0960458
-0.0889191
0.0813821
-0.0734557
0.065165
-0.0565397
0.047614
-0.0384269
0.0290217
-0.0194464
0.00975362
