100
5

5

5.57792e-15
1.21705e-14
-6.74038e-15
-8.32454e-15
5.21395e-15
6.31894e-15
3.34985e-15
-6.81247e-15
-1.01965e-14
3.66634e-15
1.51899e-14
-4.0752e-15
-7.35325e-15
1.06828e-15
-8.50269e-15
1.34884e-14
-6.25778e-15
-1.08341e-14
1.52465e-14
-9.141e-15
-4.36333e-16
2.12724e-14
-2.40202e-14
2.25682e-14
-1.63369e-14
-3.8698e-15
1.77402e-14
4.8604e-16
-2.15736e-14
2.83869e-14
-3.26789e-14
4.11447e-14
-1.18194e-14
-5.3721e-15
-1.16196e-14
1.40376e-14
-1.41512e-14
2.51932e-14
-1.50791e-14
-1.33081e-14
1.43055e-14
-9.45789e-15
2.34635e-14
-1.18832e-14
1.20916e-14
-3.59401e-14
3.22481e-14
-7.67672e-15
6.57172e-15
2.39613e-15
-4.3023e-14
8.13893e-14
-2.43582e-13
7.03268e-13
-1.82604e-12
4.59644e-12
-1.14184e-11
2.80334e-11
-6.82222e-11
1.64471e-10
-3.92791e-10
9.2909e-10
-2.17605e-09
5.04515e-09
-1.15752e-08
2.62715e-08
-5.89647e-08
1.30826e-07
-2.86832e-07
6.21187e-07
-1.3283e-06
2.80325e-06
-5.83602e-06
1.19798e-05
-2.42347e-05
4.82882e-05
-9.47115e-05
0.000182747
-0.000346651
0.000645966
-0.00118157
0.00211967
-0.00372584
0.0064103
-0.0107827
0.0177098
-0.0283597
0.0442047
-0.0669389
0.0982545
-0.139419
0.190616
-0.25008
0.313164
-0.371631
0.413648
-0.425012
0.392065
-0.306301
0.169845
