100
15

0.1

-4.51986e-06
8.50309e-06
-1.21144e-05
1.54983e-05
-1.87845e-05
2.20924e-05
-2.5535e-05
2.92227e-05
-3.32671e-05
3.77839e-05
-4.28966e-05
4.87398e-05
-5.54627e-05
6.3233e-05
-7.22409e-05
8.27036e-05
-9.48706e-05
0.000109029
-0.00012551
0.000144697
-0.000167032
0.000193024
-0.000223266
0.000258436
-0.000299321
0.000346826
-0.00040199
0.000466011
-0.000540263
0.000626317
-0.000725977
0.000841299
-0.000974631
0.00112864
-0.00130637
0.00151126
-0.00174721
0.00201862
-0.00233044
0.00268824
-0.00309827
0.00356751
-0.00410373
0.00471558
-0.00541263
0.00620545
-0.00710565
0.00812597
-0.00928027
0.0105836
-0.0120523
0.0137039
-0.0155569
0.0176313
-0.0199478
0.0225285
-0.0253958
0.0285728
-0.0320831
0.0359499
-0.0401961
0.0448435
-0.0499124
0.0554207
-0.0613834
0.0678115
-0.074711
0.0820823
-0.0899184
0.0982042
-0.106915
0.116016
-0.125459
0.135184
-0.145115
0.155163
-0.165221
0.175165
-0.184856
0.194138
-0.202837
0.210769
-0.217732
0.223519
-0.227914
0.230699
-0.231659
0.230589
-0.227298
0.22162
-0.213415
0.202588
-0.189086
0.172914
-0.154139
0.1329
-0.10941
0.0839608
-0.0569273
0.0287635
