100
15

1

-4.01578e-14
-6.96653e-15
-2.79577e-14
-3.95451e-14
-6.3576e-14
-1.70903e-14
6.1196e-15
-7.4565e-14
2.91829e-14
6.41481e-14
-4.94097e-14
7.34811e-14
7.50116e-14
-1.30167e-14
8.88583e-14
3.02286e-14
1.61126e-14
8.03479e-14
-2.4052e-14
2.99269e-14
5.34142e-14
-3.27277e-14
8.15993e-15
5.65961e-14
-6.75999e-14
5.4303e-14
-1.25916e-14
2.925e-15
-4.42522e-14
9.98799e-14
-9.30273e-14
4.23566e-14
-3.01361e-14
4.67633e-14
-5.8281e-15
-6.09005e-14
4.53766e-14
6.46758e-15
2.19712e-14
-6.22743e-14
5.36893e-15
5.93893e-14
-4.99992e-14
3.45297e-14
1.2373e-15
-8.40976e-14
5.35517e-14
7.15719e-14
-3.01817e-14
-7.0766e-14
-2.92969e-14
9.41627e-14
5.82796e-14
-1.10826e-13
-4.55138e-14
1.20508e-13
8.12152e-15
-9.86922e-14
-3.76282e-14
9.78466e-14
3.49374e-14
1.60649e-14
-1.14691e-13
-1.5104e-14
3.46232e-14
1.85488e-13
-6.90705e-14
-4.10022e-14
-5.95815e-13
1.6883e-12
-6.57709e-12
2.58534e-11
-9.7611e-11
3.61317e-10
-1.30861e-09
4.6315e-09
-1.60111e-08
5.40003e-08
-1.77501e-07
5.6798e-07
-1.76704e-06
5.33772e-06
-1.5632e-05
4.43114e-05
-0.000121361
0.000320509
-0.000814373
0.00198576
-0.00463334
0.0103102
-0.0217937
0.0435549
-0.0818216
0.143434
-0.232395
0.343434
-0.453899
0.519264
-0.481781
0.300833
