100
5

1

-3.43111e-07
6.82347e-07
-1.03092e-06
1.40217e-06
-1.81002e-06
2.26956e-06
-2.79754e-06
3.41297e-06
-4.13783e-06
4.99779e-06
-6.0231e-06
7.24965e-06
-8.72011e-06
1.04854e-05
-1.26063e-05
1.51554e-05
-1.82196e-05
2.19027e-05
-2.63284e-05
3.16447e-05
-3.80277e-05
4.56875e-05
-5.48739e-05
6.58838e-05
-7.90697e-05
9.48495e-05
-0.000113718
0.00013626
-0.000163166
0.000195249
-0.000233467
0.000278943
-0.000332997
0.000397171
-0.000473267
0.000563383
-0.000669963
0.000795841
-0.000944297
0.00111912
-0.00132468
0.00156598
-0.00184878
0.00217963
-0.002566
0.00301639
-0.00354037
0.00414876
-0.00485368
0.00566872
-0.00660895
0.00769112
-0.00893364
0.0103567
-0.0119824
0.0138345
-0.0159386
0.0183221
-0.0210139
0.0240441
-0.0274441
0.0312458
-0.0354811
0.0401817
-0.0453777
0.0510972
-0.0573649
0.064201
-0.0716199
0.0796282
-0.0882235
0.0973923
-0.107108
0.11733
-0.127998
0.139037
-0.150347
0.161808
-0.173276
0.184584
-0.195539
0.205924
-0.215501
0.224012
-0.231183
0.236728
-0.240356
0.24178
-0.240725
0.236936
-0.230192
0.220319
-0.207201
0.190791
-0.17113
0.14835
-0.122691
0.0945027
-0.0642524
0.0325212
