100
10

1

5.84661e-18
2.52327e-14
-3.45286e-14
3.14626e-14
-7.6739e-15
7.75558e-14
-3.60547e-14
-7.09056e-15
3.15036e-14
-6.39675e-14
1.74515e-14
-4.89263e-14
-1.64783e-14
-3.23082e-15
5.04929e-14
3.28627e-15
1.88003e-14
2.58482e-14
-6.12613e-15
7.25148e-15
-5.53639e-14
3.30045e-14
-4.94784e-14
2.70731e-14
1.21325e-14
-4.15716e-14
5.65703e-14
1.34907e-15
-1.44945e-14
-1.93205e-14
-8.2014e-15
-1.13786e-14
-1.60126e-15
5.8142e-14
-3.78058e-14
4.13565e-14
-1.28679e-14
5.28889e-14
-3.42836e-14
-4.35413e-14
1.34762e-14
-5.97463e-14
-6.75663e-14
1.19131e-13
-3.57297e-13
7.15991e-13
-1.51913e-12
3.3327e-12
-7.28574e-12
1.56822e-11
-3.35492e-11
7.13232e-11
-1.50579e-10
3.15564e-10
-6.57063e-10
1.35854e-09
-2.78945e-09
5.6865e-09
-1.1507e-08
2.31089e-08
-4.60469e-08
9.10177e-08
-1.78422e-07
3.46781e-07
-6.68091e-07
1.27547e-06
-2.41229e-06
4.51844e-06
-8.37933e-06
1.53797e-05
-2.79289e-05
5.01615e-05
-8.90692e-05
0.000156297
-0.000270924
0.000463682
-0.000783166
0.00130472
-0.00214273
0.00346681
-0.0055223
0.00865399
-0.0133313
0.0201698
-0.0299416
0.0435622
-0.0620381
0.0863562
-0.117296
0.155157
-0.199395
0.248224
-0.298228
0.344129
-0.378866
0.394154
-0.381686
0.334976
-0.251686
0.135957
