100
5

0.01

0.0100086
-0.0195211
0.0285539
-0.037123
0.045244
-0.0529319
0.0602013
-0.0670664
0.0735411
-0.0796387
0.0853721
-0.090754
0.0957966
-0.100512
0.104911
-0.109005
0.112805
-0.116322
0.119565
-0.122545
0.125271
-0.127752
0.129997
-0.132016
0.133815
-0.135405
0.136791
-0.137983
0.138988
-0.139812
0.140463
-0.140947
0.141272
-0.141442
0.141465
-0.141347
0.141092
-0.140707
0.140197
-0.139567
0.138822
-0.137967
0.137006
-0.135945
0.134787
-0.133537
0.132199
-0.130777
0.129274
-0.127694
0.126041
-0.124318
0.122529
-0.120676
0.118763
-0.116792
0.114767
-0.11269
0.110564
-0.108391
0.106174
-0.103916
0.101617
-0.0992814
0.0969102
-0.0945057
0.0920698
-0.0896042
0.0871109
-0.0845914
0.0820475
-0.0794806
0.0768922
-0.0742838
0.0716568
-0.0690124
0.0663518
-0.0636763
0.060987
-0.0582849
0.0555711
-0.0528466
0.0501122
-0.0473688
0.0446173
-0.0418584
0.039093
-0.0363215
0.0335448
-0.0307635
0.027978
-0.0251891
0.022397
-0.0196024
0.0168056
-0.0140071
0.0112072
-0.00840625
0.00560455
-0.00280238
