100
10

5

1.39494e-21
-1.62824e-21
4.47405e-22
1.47854e-21
-3.02581e-21
3.26857e-21
-1.96007e-21
-1.56743e-22
1.84085e-21
-2.46733e-21
2.38267e-21
-2.53076e-21
3.61653e-21
-4.8257e-21
4.33504e-21
-1.57219e-21
-1.96447e-21
3.82018e-21
-3.4512e-21
3.34706e-21
-4.23237e-21
2.94529e-21
2.3088e-21
-6.04324e-21
2.45739e-21
2.0025e-21
2.30492e-21
-8.11122e-21
2.03576e-21
1.11905e-20
-2.60069e-20
4.87615e-20
-7.69339e-20
1.1102e-19
-1.38569e-19
5.56157e-20
4.14784e-19
-1.8721e-18
5.05024e-18
-1.03364e-17
1.67167e-17
-2.07257e-17
1.73134e-17
-3.70762e-18
-1.69195e-17
4.45428e-17
-1.11188e-16
3.03243e-16
-7.17317e-16
1.33127e-15
-1.89734e-15
1.9969e-15
-1.2811e-15
-5.88949e-17
8.53722e-16
-7.19467e-17
-8.30023e-16
-2.93013e-17
4.94197e-16
1.98204e-15
-2.6053e-15
2.21949e-15
-4.99423e-15
1.67738e-15
-7.09239e-15
3.97658e-15
4.76108e-15
-5.62572e-15
-4.43229e-15
1.76196e-15
1.2819e-15
-3.14504e-15
-5.47551e-15
-4.73263e-15
-2.8769e-15
-1.38585e-15
-4.82545e-16
-2.66302e-16
-6.08955e-16
8.70509e-15
-9.18584e-14
8.85237e-13
-8.10981e-12
7.08492e-11
-5.88916e-10
4.64276e-09
-3.4586e-08
2.42432e-07
-1.59124e-06
9.7248e-06
-5.49714e-05
0.000285133
-0.00134399
0.0056874
-0.0212713
0.0688447
-0.18708
0.407071
-0.65003
0.609531
