100
10

0.5

-2.43595e-13
5.5523e-13
-6.73332e-13
6.41476e-13
-6.45488e-13
6.58654e-13
-6.17782e-13
7.20838e-13
-1.1347e-12
1.65836e-12
-2.42279e-12
3.66353e-12
-5.37531e-12
7.77751e-12
-1.143e-11
1.70529e-11
-2.55789e-11
3.8569e-11
-5.86503e-11
8.9135e-11
-1.35298e-10
2.0529e-10
-3.11004e-10
4.70261e-10
-7.10089e-10
1.0709e-09
-1.61283e-09
2.42564e-09
-3.64319e-09
5.46375e-09
-8.18104e-09
1.22295e-08
-1.82498e-08
2.71845e-08
-4.04168e-08
5.99729e-08
-8.88106e-08
1.31237e-07
-1.93509e-07
2.84682e-07
-4.1783e-07
6.11763e-07
-8.93463e-07
1.30149e-06
-1.89078e-06
2.73929e-06
-3.95725e-06
5.69991e-06
-8.18504e-06
1.17169e-05
-1.67185e-05
2.37758e-05
-3.36962e-05
4.75872e-05
-6.69598e-05
9.38655e-05
-0.000131074
0.000182302
-0.000252512
0.000348282
-0.00047828
0.000653849
-0.000889724
0.0012049
-0.00162368
0.00217686
-0.00290317
0.00385078
-0.00507901
0.00666008
-0.00868081
0.0112442
-0.0144705
0.0184977
-0.0234811
0.0295913
-0.0370103
0.0459252
-0.0565192
0.0689588
-0.0833771
0.0998536
-0.118389
0.138881
-0.161087
0.184606
-0.208841
0.232986
-0.256014
0.276686
-0.293577
0.305131
-0.309745
0.305885
-0.292232
0.267843
-0.23234
0.186077
-0.130291
0.0671968
