100
15

0.5

-1.40496e-13
3.07698e-13
5.17247e-14
-5.29764e-13
5.81612e-13
-1.81237e-13
-1.41172e-13
-1.34252e-13
4.12755e-13
-3.86013e-13
2.93255e-13
-9.8462e-14
1.70023e-13
-4.67799e-13
4.49947e-13
-1.08295e-13
-1.62589e-13
3.58846e-14
5.11085e-14
3.94702e-14
1.24246e-13
-9.49127e-14
-3.08352e-13
6.11209e-13
-5.34935e-13
2.01578e-13
-2.44834e-13
3.57936e-13
-1.85041e-13
2.9875e-13
-4.62018e-13
5.1223e-13
-4.59016e-13
1.63472e-13
-7.40407e-14
2.06525e-13
-5.26582e-13
5.67824e-13
-1.93152e-13
3.22871e-13
-4.72969e-13
2.21333e-13
8.17085e-15
3.3029e-14
-1.66295e-13
3.63222e-14
-2.03191e-13
3.33501e-13
-3.3371e-13
8.3909e-13
-2.05244e-12
4.22443e-12
-7.71374e-12
1.60137e-11
-3.53986e-11
7.98431e-11
-1.79704e-10
4.011e-10
-8.90452e-10
1.96097e-09
-4.2807e-09
9.25995e-09
-1.98496e-08
4.21501e-08
-8.86425e-08
1.84568e-07
-3.80369e-07
7.75608e-07
-1.5643e-06
3.11944e-06
-6.14823e-06
1.1972e-05
-2.30218e-05
4.36993e-05
-8.184e-05
0.000151145
-0.00027512
0.000493289
-0.00087068
0.00151183
-0.00258057
0.00432666
-0.00711924
0.0114852
-0.0181471
0.0280488
-0.0423515
0.062373
-0.0894365
0.124596
-0.168213
0.2194
-0.27538
0.330935
-0.378153
0.406804
-0.405654
0.364886
-0.279481
0.152924
