200
5

1

-1.43292e-07
2.84369e-07
-4.24604e-07
5.65353e-07
-7.0796e-07
8.53776e-07
-1.00417e-06
1.16055e-06
-1.32434e-06
1.49705e-06
-1.68025e-06
1.87559e-06
-2.08481e-06
2.30978e-06
-2.5525e-06
2.8151e-06
-3.09988e-06
3.40934e-06
-3.74617e-06
4.1133e-06
-4.51389e-06
4.95142e-06
-5.42964e-06
5.95265e-06
-6.52493e-06
7.15137e-06
-7.8373e-06
8.58853e-06
-9.41143e-06
1.03129e-05
-1.13007e-05
1.23829e-05
-1.35686e-05
1.48679e-05
-1.62913e-05
1.78508e-05
-1.95593e-05
2.14307e-05
-2.34805e-05
2.57253e-05
-2.81835e-05
3.0875e-05
-3.38215e-05
3.70467e-05
-4.05764e-05
4.44388e-05
-4.86643e-05
5.32864e-05
-5.83413e-05
6.38686e-05
-6.99111e-05
7.65155e-05
-8.37325e-05
9.16173e-05
-0.00010023
0.000109635
-0.000119903
0.00013111
-0.00014334
0.000156683
-0.000171235
0.000187102
-0.000204399
0.000223248
-0.000243783
0.000266149
-0.000290502
0.000317009
-0.000345852
0.000377228
-0.000411347
0.000448436
-0.000488742
0.000532528
-0.000580077
0.000631693
-0.000687706
0.000748466
-0.00081435
0.000885763
-0.000963139
0.00104694
-0.00113767
0.00123584
-0.00134204
0.00145687
-0.00158096
0.00171502
-0.00185976
0.00201598
-0.0021845
0.00236621
-0.00256203
0.00277295
-0.00300003
0.00324438
-0.00350717
0.00378963
-0.00409308
0.00441888
-0.0047685
0.00514344
-0.0055453
0.00597576
-0.00643657
0.00692955
-0.00745662
0.00801976
-0.00862105
0.00926262
-0.00994671
0.0106756
-0.0114517
0.0122774
-0.0131553
0.0140879
-0.0150779
0.016128
-0.0172408
0.0184192
-0.0196659
0.0209837
-0.0223755
0.0238441
-0.0253923
0.0270227
-0.028738
0.0305409
-0.0324339
0.0344193
-0.0364993
0.038676
-0.0409513
0.0433267
-0.0458037
0.0483832
-0.051066
0.0538525
-0.0567425
0.0597357
-0.0628309
0.0660266
-0.0693209
0.0727108
-0.0761931
0.0797637
-0.0834177
0.0871495
-0.0909526
0.0948197
-0.0987426
0.102712
-0.106718
0.110749
-0.114793
0.118837
-0.122866
0.126865
-0.130818
0.134707
-0.138513
0.142217
-0.145799
0.149236
-0.152507
0.155589
-0.158457
0.161088
-0.163456
0.165536
-0.167303
0.168731
-0.169795
0.17047
-0.170732
0.170556
-0.169919
0.168801
-0.167181
0.165041
-0.162364
0.159136
-0.155347
0.150986
-0.146049
0.140534
-0.134442
0.127778
-0.120553
0.11278
-0.104479
0.0956715
-0.0863874
0.0766596
-0.0665265
0.0560317
-0.0452236
0.0341558
-0.0228866
0.0114789
