200
5

0.01

0.00359489
-0.00710029
0.0105177
-0.0138486
0.0170943
-0.0202565
0.0233363
-0.0263353
0.0292548
-0.0320961
0.0348606
-0.0375496
0.0401643
-0.042706
0.045176
-0.0475755
0.0499056
-0.0521677
0.0543629
-0.0564923
0.058557
-0.0605583
0.0624971
-0.0643747
0.066192
-0.0679501
0.0696501
-0.0712929
0.0728797
-0.0744114
0.0758889
-0.0773133
0.0786855
-0.0800064
0.0812769
-0.082498
0.0836706
-0.0847954
0.0858735
-0.0869056
0.0878926
-0.0888353
0.0897346
-0.0905912
0.0914059
-0.0921795
0.0929128
-0.0936064
0.0942613
-0.094878
0.0954573
-0.096
0.0965067
-0.096978
0.0974147
-0.0978175
0.0981869
-0.0985237
0.0988284
-0.0991018
0.0993443
-0.0995566
0.0997393
-0.099893
0.100018
-0.100116
0.100186
-0.100229
0.100246
-0.100237
0.100203
-0.100145
0.100062
-0.0999552
0.0998256
-0.0996732
0.0994986
-0.0993021
0.0990844
-0.0988458
0.0985867
-0.0983076
0.098009
-0.0976912
0.0973546
-0.0969997
0.0966269
-0.0962365
0.0958289
-0.0954045
0.0949637
-0.0945069
0.0940344
-0.0935465
0.0930436
-0.0925261
0.0919942
-0.0914484
0.0908888
-0.0903159
0.08973
-0.0891314
0.0885203
-0.087897
0.0872619
-0.0866153
0.0859573
-0.0852884
0.0846087
-0.0839185
0.0832181
-0.0825078
0.0817877
-0.0810581
0.0803194
-0.0795716
0.0788151
-0.0780501
0.0772767
-0.0764953
0.0757059
-0.074909
0.0741045
-0.0732929
0.0724741
-0.0716485
0.0708163
-0.0699775
0.0691325
-0.0682813
0.0674242
-0.0665614
0.0656929
-0.064819
0.0639399
-0.0630556
0.0621664
-0.0612723
0.0603737
-0.0594705
0.0585629
-0.0576512
0.0567353
-0.0558155
0.0548919
-0.0539646
0.0530337
-0.0520993
0.0511617
-0.0502208
0.0492769
-0.0483299
0.0473801
-0.0464276
0.0454723
-0.0445146
0.0435543
-0.0425917
0.0416268
-0.0406598
0.0396907
-0.0387195
0.0377465
-0.0367716
0.035795
-0.0348167
0.0338369
-0.0328555
0.0318726
-0.0308884
0.0299029
-0.0289162
0.0279282
-0.0269392
0.0259491
-0.0249581
0.0239661
-0.0229732
0.0219795
-0.0209851
0.0199899
-0.0189941
0.0179976
-0.0170006
0.016003
-0.0150049
0.0140064
-0.0130075
0.0120082
-0.0110086
0.0100087
-0.00900854
0.00800813
-0.00700753
0.00600675
-0.00500583
0.0040048
-0.00300367
0.00200248
-0.00100125
