200
15

0.01

0.0139291
-0.0268331
0.0387688
-0.0497901
0.0599481
-0.0692916
0.0778667
-0.0857176
0.0928858
-0.0994112
0.105331
-0.110682
0.115497
-0.119809
0.123649
-0.127044
0.130024
-0.132613
0.134837
-0.136719
0.138281
-0.139544
0.140529
-0.141254
0.141736
-0.141993
0.142041
-0.141894
0.141568
-0.141075
0.140428
-0.139639
0.13872
-0.137681
0.136532
-0.135283
0.133942
-0.132519
0.13102
-0.129454
0.127828
-0.126148
0.124419
-0.122649
0.120842
-0.119004
0.117139
-0.115252
0.113346
-0.111426
0.109496
-0.107558
0.105616
-0.103673
0.101732
-0.099794
0.0978627
-0.0959399
0.0940275
-0.0921273
0.090241
-0.0883701
0.0865161
-0.0846802
0.0828636
-0.0810673
0.0792922
-0.0775393
0.0758092
-0.0741026
0.0724201
-0.0707623
0.0691295
-0.0675222
0.0659407
-0.0643852
0.0628559
-0.0613529
0.0598765
-0.0584266
0.0570032
-0.0556064
0.0542361
-0.0528922
0.0515746
-0.0502831
0.0490177
-0.047778
0.0465639
-0.0453752
0.0442116
-0.0430729
0.0419587
-0.0408688
0.0398028
-0.0387606
0.0377416
-0.0367457
0.0357724
-0.0348214
0.0338924
-0.032985
0.0320988
-0.0312335
0.0303888
-0.0295642
0.0287594
-0.027974
0.0272076
-0.02646
0.0257306
-0.0250192
0.0243254
-0.0236489
0.0229892
-0.022346
0.0217189
-0.0211077
0.020512
-0.0199314
0.0193655
-0.0188141
0.0182769
-0.0177534
0.0172434
-0.0167465
0.0162625
-0.0157911
0.0153318
-0.0148845
0.0144489
-0.0140245
0.0136113
-0.0132088
0.0128169
-0.0124352
0.0120634
-0.0117014
0.0113489
-0.0110055
0.0106712
-0.0103455
0.0100284
-0.00971946
0.00941858
-0.00912551
0.00884002
-0.0085619
0.00829094
-0.00802694
0.00776969
-0.00751899
0.00727465
-0.00703649
0.0068043
-0.00657792
0.00635716
-0.00614184
0.0059318
-0.00572686
0.00552686
-0.00533164
0.00514105
-0.00495491
0.00477308
-0.00459542
0.00442177
-0.00425198
0.00408593
-0.00392346
0.00376445
-0.00360875
0.00345624
-0.00330678
0.00316025
-0.00301653
0.00287548
-0.00273699
0.00260094
-0.00246721
0.00233569
-0.00220625
0.00207879
-0.00195319
0.00182935
-0.00170715
0.00158648
-0.00146724
0.00134933
-0.00123264
0.00111705
-0.00100248
0.000888819
-0.00077596
0.000663804
-0.000552251
0.0004412
-0.000330549
0.000220199
-0.000110049
