200
10

0.1

-0.00235988
0.00460456
-0.00673955
0.00877016
-0.0107015
0.0125384
-0.0142856
0.0159475
-0.0175286
0.0190328
-0.0204642
0.0218266
-0.0231236
0.0243586
-0.0255351
0.0266563
-0.0277252
0.0287447
-0.0297177
0.0306469
-0.0315348
0.032384
-0.0331969
0.0339756
-0.0347224
0.0354393
-0.0361284
0.0367916
-0.0374306
0.0380473
-0.0386434
0.0392204
-0.0397798
0.0403232
-0.0408519
0.0413674
-0.0418708
0.0423634
-0.0428465
0.0433211
-0.0437883
0.0442492
-0.0447047
0.0451558
-0.0456034
0.0460483
-0.0464914
0.0469335
-0.0473753
0.0478175
-0.0482608
0.0487059
-0.0491534
0.0496039
-0.0500579
0.050516
-0.0509786
0.0514464
-0.0519196
0.0523988
-0.0528844
0.0533767
-0.053876
0.0543828
-0.0548974
0.05542
-0.0559509
0.0564903
-0.0570385
0.0575957
-0.058162
0.0587377
-0.0593228
0.0599175
-0.0605219
0.0611361
-0.06176
0.0623939
-0.0630376
0.0636912
-0.0643547
0.0650279
-0.0657109
0.0664035
-0.0671056
0.0678171
-0.0685378
0.0692676
-0.0700061
0.0707533
-0.0715088
0.0722724
-0.0730437
0.0738224
-0.0746081
0.0754005
-0.0761991
0.0770036
-0.0778133
0.0786279
-0.0794468
0.0802694
-0.0810951
0.0819234
-0.0827535
0.0835848
-0.0844166
0.0852482
-0.0860786
0.0869072
-0.0877331
0.0885554
-0.0893732
0.0901855
-0.0909914
0.0917899
-0.0925799
0.0933603
-0.09413
0.094888
-0.0956329
0.0963636
-0.0970788
0.0977773
-0.0984577
0.0991187
-0.099759
0.100377
-0.100972
0.101541
-0.102084
0.102599
-0.103084
0.103538
-0.10396
0.104347
-0.104698
0.105012
-0.105287
0.105521
-0.105712
0.105859
-0.10596
0.106014
-0.106019
0.105973
-0.105874
0.105722
-0.105513
0.105247
-0.104923
0.104538
-0.10409
0.10358
-0.103004
0.102362
-0.101652
0.100873
-0.100024
0.0991027
-0.0981093
0.0970422
-0.0959005
0.0946831
-0.0933895
0.0920188
-0.0905705
0.089044
-0.0874389
0.0857551
-0.0839923
0.0821505
-0.0802298
0.0782305
-0.076153
0.0739978
-0.0717655
0.0694572
-0.0670737
0.0646163
-0.0620863
0.0594853
-0.0568149
0.0540772
-0.051274
0.0484079
-0.0454811
0.0424965
-0.0394568
0.0363651
-0.0332247
0.030039
-0.0268117
0.0235467
-0.020248
0.0169199
-0.0135668
0.0101933
-0.00680435
0.00340485
