200
5

0.1

0.00341647
-0.00674801
0.00999612
-0.0131623
0.0162481
-0.0192548
0.022184
-0.025037
0.0278152
-0.03052
0.0331527
-0.0357146
0.0382071
-0.0406313
0.0429885
-0.04528
0.0475069
-0.0496705
0.0517719
-0.0538123
0.0557928
-0.0577144
0.0595783
-0.0613856
0.0631373
-0.0648344
0.0664779
-0.0680689
0.0696083
-0.0710971
0.0725362
-0.0739266
0.0752692
-0.0765647
0.0778143
-0.0790186
0.0801786
-0.081295
0.0823687
-0.0834006
0.0843913
-0.0853416
0.0862524
-0.0871243
0.087958
-0.0887544
0.0895141
-0.0902377
0.090926
-0.0915796
0.0921992
-0.0927854
0.0933388
-0.0938601
0.0943498
-0.0948085
0.0952369
-0.0956354
0.0960047
-0.0963452
0.0966576
-0.0969423
0.0971999
-0.0974308
0.0976355
-0.0978146
0.0979684
-0.0980976
0.0982024
-0.0982834
0.098341
-0.0983757
0.0983877
-0.0983776
0.0983458
-0.0982926
0.0982185
-0.0981237
0.0980088
-0.0978739
0.0977196
-0.0975461
0.0973537
-0.0971429
0.0969139
-0.0966671
0.0964027
-0.0961211
0.0958225
-0.0955074
0.0951758
-0.0948282
0.0944648
-0.0940858
0.0936916
-0.0932823
0.0928583
-0.0924198
0.091967
-0.0915002
0.0910196
-0.0905253
0.0900178
-0.089497
0.0889634
-0.088417
0.0878581
-0.0872869
0.0867036
-0.0861083
0.0855013
-0.0848827
0.0842528
-0.0836117
0.0829595
-0.0822964
0.0816227
-0.0809385
0.0802439
-0.079539
0.0788241
-0.0780993
0.0773648
-0.0766207
0.075867
-0.0751041
0.074332
-0.0735508
0.0727608
-0.0719619
0.0711544
-0.0703384
0.069514
-0.0686813
0.0678405
-0.0669917
0.0661349
-0.0652704
0.0643982
-0.0635185
0.0626314
-0.0617369
0.0608352
-0.0599265
0.0590107
-0.0580881
0.0571588
-0.0562228
0.0552802
-0.0543312
0.0533759
-0.0524144
0.0514468
-0.0504732
0.0494936
-0.0485083
0.0475173
-0.0465207
0.0455187
-0.0445113
0.0434986
-0.0424808
0.0414579
-0.0404301
0.0393975
-0.0383602
0.0373183
-0.0362718
0.035221
-0.0341659
0.0331067
-0.0320434
0.0309761
-0.0299051
0.0288303
-0.027752
0.0266702
-0.025585
0.0244967
-0.0234052
0.0223107
-0.0212134
0.0201134
-0.0190107
0.0179056
-0.0167982
0.0156885
-0.0145768
0.0134631
-0.0123477
0.0112305
-0.0101119
0.00899188
-0.00787063
0.00674829
-0.00562502
0.00450097
-0.00337629
0.00225112
-0.00112564
