200
15

0.5

1.5738e-15
8.53569e-14
-9.03953e-14
1.12421e-13
-2.00291e-13
2.27779e-13
-2.21706e-13
1.55684e-13
-5.97346e-14
4.56845e-14
5.11625e-14
-1.21784e-13
5.50992e-14
-7.4285e-14
1.22585e-13
-8.97839e-14
1.55775e-13
-1.95383e-13
2.02127e-13
-1.63002e-13
1.23707e-13
-6.37396e-14
-7.52982e-14
1.05922e-13
-8.2249e-14
1.17056e-13
-1.09793e-13
7.32916e-14
-8.96935e-14
6.84919e-14
-1.02969e-13
5.83195e-14
-2.34203e-14
7.12041e-14
-7.90539e-14
1.88743e-14
-1.88435e-14
-4.76462e-14
1.25657e-13
-1.03417e-13
1.72289e-13
-2.08766e-13
1.69999e-13
-9.20837e-14
3.63812e-15
4.45616e-14
-3.49604e-14
1.25924e-13
-7.00419e-14
-3.51827e-14
5.97535e-15
-5.35995e-14
9.62955e-14
2.46078e-14
-1.21733e-13
1.84371e-13
-2.3214e-13
2.05288e-13
-1.27625e-13
-4.60471e-14
1.19838e-13
-1.28727e-13
1.41042e-13
-9.61041e-14
6.10645e-15
2.13606e-14
2.20188e-14
-3.4236e-14
-1.18059e-14
1.251e-14
1.41689e-14
8.71397e-14
-1.08671e-13
1.25758e-13
-1.58906e-13
1.43197e-13
-8.4704e-14
1.90224e-13
-2.02252e-13
2.09562e-13
-1.14169e-13
6.20285e-14
-3.26548e-14
-4.65623e-14
1.72711e-13
-1.05019e-13
1.37956e-13
-8.99749e-14
-6.65364e-14
1.62363e-13
-2.00236e-13
2.5792e-13
-2.10939e-13
1.93712e-13
-1.29158e-13
1.30479e-13
-1.55594e-13
1.68985e-13
-2.94375e-13
4.68745e-13
-5.99972e-13
9.40685e-13
-1.56729e-12
2.41146e-12
-3.69714e-12
5.82396e-12
-9.02989e-12
1.38297e-11
-2.11788e-11
3.22827e-11
-4.88923e-11
7.38563e-11
-1.11305e-10
1.67333e-10
-2.51298e-10
3.76892e-10
-5.64258e-10
8.42926e-10
-1.25624e-09
1.868e-09
-2.77112e-09
4.10112e-09
-6.05535e-09
8.9194e-09
-1.31063e-08
1.92114e-08
-2.80899e-08
4.09676e-08
-5.95954e-08
8.64669e-08
-1.25123e-07
1.80573e-07
-2.59885e-07
3.72998e-07
-5.33836e-07
7.61843e-07
-1.08408e-06
1.53807e-06
-2.17563e-06
3.06812e-06
-4.31335e-06
6.04491e-06
-8.44452e-06
1.17584e-05
-1.63186e-05
2.25713e-05
-3.11131e-05
4.27382e-05
-5.84993e-05
7.97843e-05
-0.000108415
0.000146768
-0.000197934
0.000265901
-0.000355795
0.000474158
-0.000629297
0.00083169
-0.00109446
0.00143395
-0.00187034
0.00242837
-0.00313814
0.00403595
-0.00516515
0.00657707
-0.00833178
0.0104988
-0.0131576
0.0163977
-0.0203183
0.0250273
-0.0306396
0.0372743
-0.0450504
0.054082
-0.0644706
0.0762971
-0.0896111
0.104419
-0.120673
0.138251
-0.156952
0.176474
-0.196406
0.216224
-0.23528
0.252815
-0.267965
0.279789
-0.287302
0.289523
-0.285535
0.274554
-0.256009
0.229624
-0.195496
0.15417
-0.106686
0.0546055
