200
10

0.5

-1.70814e-14
1.4897e-14
-5.11688e-15
-2.52661e-14
3.95764e-14
-8.66896e-14
3.54444e-14
7.4817e-14
-1.86287e-13
1.84101e-13
-1.84469e-13
2.00586e-13
-2.73672e-13
3.18071e-13
-4.26361e-13
5.74029e-13
-7.52607e-13
8.97287e-13
-1.06926e-12
1.26025e-12
-1.53958e-12
1.88156e-12
-2.27952e-12
2.78828e-12
-3.49099e-12
4.32461e-12
-5.31252e-12
6.57083e-12
-8.15537e-12
1.00504e-11
-1.23296e-11
1.51595e-11
-1.87469e-11
2.31944e-11
-2.86322e-11
3.5253e-11
-4.33944e-11
5.33844e-11
-6.57081e-11
8.08723e-11
-9.95329e-11
1.22474e-10
-1.50711e-10
1.85423e-10
-2.28048e-10
2.80325e-10
-3.44445e-10
4.23174e-10
-5.19852e-10
6.38486e-10
-7.83945e-10
9.62237e-10
-1.18065e-09
1.44811e-09
-1.77547e-09
2.17612e-09
-2.66627e-09
3.26567e-09
-3.99827e-09
4.89326e-09
-5.98612e-09
7.32003e-09
-8.94739e-09
1.09318e-08
-1.33505e-08
1.6297e-08
-1.98847e-08
2.42507e-08
-2.95611e-08
3.60167e-08
-4.38603e-08
5.33846e-08
-6.49434e-08
7.8963e-08
-9.59575e-08
1.16546e-07
-1.41471e-07
1.7163e-07
-2.08098e-07
2.52166e-07
-3.05382e-07
3.69602e-07
-4.4705e-07
5.40385e-07
-6.52786e-07
7.88054e-07
-9.50719e-07
1.14619e-06
-1.3809e-06
1.66251e-06
-2.00013e-06
2.4046e-06
-2.88874e-06
3.46778e-06
-4.15975e-06
4.98599e-06
-5.9717e-06
7.14663e-06
-8.54588e-06
1.02108e-05
-1.219e-05
1.45406e-05
-1.73297e-05
2.0636e-05
-2.45515e-05
2.9184e-05
-3.46592e-05
4.11238e-05
-4.87488e-05
5.7733e-05
-6.83074e-05
8.07399e-05
-9.53409e-05
0.000112469
-0.00013254
0.000156031
-0.000183492
0.000215557
-0.000252952
0.000296508
-0.000347176
0.000406043
-0.000474345
0.000553491
-0.000645077
0.000750912
-0.000873043
0.00101378
-0.00117572
0.00136177
-0.00157522
0.00181971
-0.00209932
0.00241859
-0.00278254
0.00319674
-0.00366732
0.00420102
-0.00480524
0.00548805
-0.00625824
0.00712534
-0.00809966
0.00919225
-0.010415
0.0117805
-0.0133021
0.014994
-0.016871
0.0189484
-0.0212421
0.0237683
-0.0265435
0.0295841
-0.0329065
0.0365265
-0.0404591
0.0447182
-0.0493164
0.0542641
-0.0595696
0.065238
-0.071271
0.0776663
-0.0844168
0.0915104
-0.0989284
0.106646
-0.114631
0.122843
-0.131234
0.139746
-0.148312
0.156856
-0.165292
0.173524
-0.181448
0.188948
-0.195904
0.202187
-0.20766
0.212187
-0.215626
0.217836
-0.218682
0.218031
-0.215762
0.211767
-0.205953
0.198249
-0.18861
0.177017
-0.163485
0.148063
-0.130841
0.111948
-0.0915586
0.0698879
-0.0471966
0.0237867
