200
15

5

2.69348e-16
-2.26081e-16
2.15658e-16
-2.30492e-16
1.59948e-17
1.79182e-16
-2.31543e-16
3.79374e-16
-6.16539e-16
7.64553e-16
-6.92116e-16
5.04591e-16
-3.23639e-16
2.70115e-16
-2.18323e-16
1.08199e-16
-3.02554e-17
-6.64633e-17
2.58597e-17
-2.11457e-17
-6.08975e-17
2.14268e-16
-2.91759e-16
2.29944e-16
2.93889e-16
-5.8634e-16
1.18403e-15
-1.44963e-15
1.34508e-15
-7.28552e-16
-5.05633e-17
5.70725e-16
-6.39115e-16
2.21485e-16
4.70495e-16
-9.64928e-16
1.39727e-15
-2.42236e-15
2.61321e-15
-3.64237e-15
5.03032e-15
-6.22307e-15
5.10922e-15
-1.04876e-15
-2.40272e-15
2.40027e-15
-5.80569e-16
-4.39009e-15
3.65579e-15
-4.18251e-16
4.47208e-16
-6.99658e-15
1.43904e-14
-1.57197e-14
6.29331e-15
1.02361e-14
-1.79771e-14
1.13407e-14
-1.94523e-15
-8.44641e-16
4.52743e-15
-4.87121e-15
1.29509e-15
-1.54935e-14
6.92007e-15
5.78731e-16
8.25064e-15
1.75805e-15
-7.29837e-16
-8.81933e-15
-4.23383e-15
3.63895e-15
1.42051e-15
4.79729e-15
3.90208e-15
-1.29242e-15
1.11149e-15
-3.1388e-15
-8.98387e-15
-1.15246e-14
-1.93985e-15
-1.68846e-14
-8.46584e-15
-1.01192e-14
1.13805e-14
1.05464e-14
-4.32567e-15
-1.74042e-15
-4.46355e-15
-2.54683e-15
9.14845e-15
6.85258e-15
-2.83169e-15
-1.53729e-15
1.7854e-15
-3.0336e-15
-6.91173e-15
-2.4509e-15
3.43552e-15
2.8895e-15
-2.12946e-15
-5.04787e-15
-3.15767e-15
1.26122e-15
4.83639e-15
6.04236e-15
5.30283e-15
3.7505e-15
2.26138e-15
1.19863e-15
5.6936e-16
2.45856e-16
9.72278e-17
3.58347e-17
1.1986e-17
3.95321e-18
1.43163e-18
-6.17125e-19
1.92858e-18
-2.73305e-18
3.58134e-18
-4.05188e-18
3.40114e-18
-2.74827e-19
-5.66284e-18
1.18933e-17
-1.45976e-17
1.3762e-17
-1.35442e-17
2.11911e-17
-5.06643e-17
1.15968e-16
-2.06633e-16
2.60786e-16
-1.62099e-16
-2.34547e-16
1.05272e-15
-2.1399e-15
2.91528e-15
-2.80991e-15
1.91688e-15
-9.26229e-16
-2.98112e-16
2.06048e-15
-1.74291e-15
-4.4558e-15
9.76829e-15
-1.25165e-15
-1.2122e-14
9.41129e-15
2.98201e-15
-1.04707e-14
1.95578e-15
8.87438e-15
-3.81681e-15
-1.30689e-14
-7.85887e-15
1.18868e-15
4.43763e-15
2.45713e-15
-3.60137e-16
-1.69261e-15
-1.63896e-15
-1.11657e-15
-4.87801e-16
-4.70706e-16
4.12369e-16
-1.07133e-15
1.7608e-15
-2.39421e-15
2.22781e-15
-7.71607e-16
-1.24581e-15
1.63976e-15
4.2744e-16
-8.63038e-16
-8.52624e-15
5.88673e-14
-4.15503e-13
3.05331e-12
-2.17295e-11
1.48542e-10
-9.72244e-10
6.07632e-09
-3.61677e-08
2.04433e-07
-1.09371e-06
5.51772e-06
-2.61375e-05
0.000115682
-0.000475602
0.00180378
-0.0062577
0.0196498
-0.0550936
0.135413
-0.284148
0.488115
-0.634449
0.506634
