200
5

0.5

-0.000219991
0.000434855
-0.000645022
0.000850908
-0.00105292
0.00125145
-0.00144688
0.0016396
-0.00182997
0.00201834
-0.00220507
0.00239051
-0.00257499
0.00275885
-0.00294241
0.003126
-0.00330993
0.00349451
-0.00368006
0.00386689
-0.0040553
0.00424558
-0.00443805
0.00463299
-0.00483071
0.00503151
-0.00523567
0.0054435
-0.00565529
0.00587134
-0.00609195
0.00631741
-0.00654802
0.00678409
-0.00702592
0.00727382
-0.00752809
0.00778905
-0.008057
0.00833226
-0.00861516
0.00890601
-0.00920514
0.00951288
-0.00982956
0.0101555
-0.0104911
0.0108366
-0.0111925
0.011559
-0.0119365
0.0123254
-0.0127261
0.0131388
-0.013564
0.0140021
-0.0144534
0.0149183
-0.0153972
0.0158905
-0.0163985
0.0169217
-0.0174604
0.018015
-0.018586
0.0191738
-0.0197786
0.020401
-0.0210412
0.0216998
-0.0223771
0.0230734
-0.0237893
0.0245249
-0.0252808
0.0260573
-0.0268548
0.0276735
-0.0285139
0.0293763
-0.0302611
0.0311684
-0.0320987
0.0330522
-0.0340292
0.0350299
-0.0360546
0.0371034
-0.0381767
0.0392745
-0.0403969
0.0415442
-0.0427163
0.0439134
-0.0451354
0.0463824
-0.0476543
0.048951
-0.0502724
0.0516182
-0.0529884
0.0543826
-0.0558006
0.0572418
-0.058706
0.0601927
-0.0617013
0.0632311
-0.0647817
0.0663522
-0.0679418
0.0695496
-0.0711748
0.0728163
-0.074473
0.0761437
-0.0778272
0.079522
-0.0812269
0.0829403
-0.0846605
0.0863858
-0.0881145
0.0898447
-0.0915743
0.0933013
-0.0950234
0.0967385
-0.0984441
0.100138
-0.101817
0.103479
-0.10512
0.106739
-0.108332
0.109896
-0.111427
0.112924
-0.114381
0.115796
-0.117166
0.118486
-0.119752
0.120963
-0.122112
0.123197
-0.124213
0.125157
-0.126025
0.126812
-0.127514
0.128128
-0.12865
0.129074
-0.129398
0.129616
-0.129726
0.129723
-0.129604
0.129364
-0.129
0.128509
-0.127886
0.127129
-0.126235
0.1252
-0.124021
0.122697
-0.121225
0.119602
-0.117827
0.115899
-0.113816
0.111576
-0.10918
0.106627
-0.103918
0.101052
-0.098031
0.0948558
-0.0915284
0.0880508
-0.0844257
0.0806563
-0.0767461
0.0726993
-0.0685206
0.0642149
-0.0597881
0.0552462
-0.0505961
0.045845
-0.0410007
0.0360715
-0.0310663
0.0259945
-0.020866
0.0156912
-0.0104809
0.00524657
