200
5

5

2.82426e-15
-1.02602e-15
-8.61586e-15
5.54659e-15
-1.26821e-15
-3.6552e-15
5.95058e-15
-5.76359e-15
8.12038e-15
-8.89102e-15
9.4832e-15
-6.05477e-15
6.98166e-15
-7.52524e-15
1.62897e-16
6.94629e-15
-3.42946e-15
-2.01898e-15
-1.16728e-15
1.01357e-14
-6.62482e-15
1.59169e-15
-1.19958e-15
2.10384e-15
-7.82611e-15
3.29829e-15
-1.90218e-15
1.17443e-15
-2.58217e-15
3.21673e-15
1.14692e-15
2.5069e-16
-1.24035e-15
-2.36766e-16
4.64101e-15
-1.18483e-15
-3.94107e-15
3.35591e-15
1.66668e-15
-7.20567e-15
4.36127e-15
-7.43845e-16
1.09539e-15
-8.445e-15
1.24506e-14
-7.45304e-15
-2.7846e-16
-3.04888e-15
1.41323e-15
3.07267e-15
-3.12287e-15
1.26708e-15
-3.41388e-15
9.77718e-15
-6.5343e-15
-3.81632e-16
5.59015e-15
-2.18087e-15
8.08733e-16
-2.64689e-15
1.06345e-14
-1.3008e-14
7.18057e-15
-6.77387e-15
7.1644e-15
-9.62809e-15
6.47977e-15
-7.79869e-15
1.06902e-14
-1.25656e-14
1.15281e-14
-1.45263e-14
1.94951e-14
-1.99539e-14
1.83032e-14
-1.30821e-14
1.15002e-14
-1.68085e-14
1.52129e-14
-5.51608e-15
4.37658e-15
-1.12187e-14
1.8998e-14
-1.15508e-14
1.22751e-14
-1.61352e-14
1.84469e-14
-1.78184e-14
1.2681e-14
-1.15937e-14
5.79572e-15
-1.71942e-15
-4.59455e-15
1.59881e-15
-1.19132e-15
4.92184e-15
-1.06985e-14
8.98382e-15
-2.52604e-15
6.16762e-15
-2.11625e-14
3.22396e-14
-5.34981e-14
8.02085e-14
-1.39038e-13
2.29403e-13
-3.78742e-13
6.13898e-13
-9.9037e-13
1.59735e-12
-2.55434e-12
4.06894e-12
-6.46634e-12
1.02408e-11
-1.61613e-11
2.54492e-11
-3.99935e-11
6.26827e-11
-9.79966e-11
1.52822e-10
-2.3774e-10
3.68899e-10
-5.70932e-10
8.81298e-10
-1.35677e-09
2.08315e-09
-3.18963e-09
4.87025e-09
-7.41541e-09
1.12583e-08
-1.7043e-08
2.57237e-08
-3.87097e-08
5.8074e-08
-8.68561e-08
1.29496e-07
-1.92453e-07
2.85093e-07
-4.20939e-07
6.19439e-07
-9.08454e-07
1.32772e-06
-1.93369e-06
2.80619e-06
-4.05762e-06
5.84553e-06
-8.38967e-06
1.19952e-05
-1.70838e-05
2.42349e-05
-3.42412e-05
4.8181e-05
-6.75131e-05
9.42002e-05
-0.000130867
0.000181004
-0.000249221
0.000341572
-0.000465949
0.000632571
-0.000854575
0.00114872
-0.00153622
0.00204368
-0.0027042
0.00355859
-0.00465658
0.00605819
-0.00783502
0.0100713
-0.0128649
0.0163275
-0.0205845
0.0257738
-0.032043
0.0395456
-0.0484348
0.0588556
-0.0709333
0.0847607
-0.100382
0.117773
-0.136825
0.157317
-0.178902
0.201086
-0.223213
0.244465
-0.263864
0.28029
-0.292523
0.299291
-0.299347
0.291567
-0.27505
0.249249
-0.214081
0.170048
-0.118316
0.0607697
