200
10

0.01

0.00780646
-0.0152275
0.0222773
-0.0289697
0.035318
-0.0413352
0.0470337
-0.0524255
0.0575224
-0.0623355
0.0668758
-0.0711538
0.0751797
-0.0789633
0.0825141
-0.0858412
0.0889536
-0.0918597
0.094568
-0.0970863
0.0994224
-0.101584
0.103577
-0.10541
0.10709
-0.108621
0.110012
-0.111267
0.112393
-0.113395
0.114279
-0.115049
0.115711
-0.116271
0.116731
-0.117097
0.117374
-0.117565
0.117675
-0.117707
0.117665
-0.117553
0.117374
-0.117131
0.116829
-0.116469
0.116055
-0.115589
0.115076
-0.114516
0.113913
-0.113269
0.112587
-0.111868
0.111116
-0.110331
0.109516
-0.108674
0.107805
-0.106912
0.105996
-0.105059
0.104103
-0.103128
0.102137
-0.101131
0.100111
-0.0990785
0.0980345
-0.0969803
0.0959169
-0.0948455
0.0937671
-0.0926826
0.0915928
-0.0904988
0.0894014
-0.0883013
0.0871992
-0.086096
0.0849923
-0.0838888
0.0827861
-0.0816847
0.0805852
-0.0794883
0.0783942
-0.0773037
0.076217
-0.0751346
0.0740569
-0.0729843
0.0719172
-0.0708558
0.0698005
-0.0687516
0.0677093
-0.0666739
0.0656457
-0.0646248
0.0636115
-0.062606
0.0616083
-0.0606188
0.0596375
-0.0586645
0.0577001
-0.0567442
0.055797
-0.0548586
0.053929
-0.0530083
0.0520966
-0.0511939
0.0503002
-0.0494156
0.0485401
-0.0476737
0.0468163
-0.0459681
0.045129
-0.0442989
0.0434778
-0.0426658
0.0418628
-0.0410687
0.0402835
-0.0395071
0.0387395
-0.0379807
0.0372305
-0.0364889
0.0357558
-0.0350312
0.034315
-0.033607
0.0329073
-0.0322156
0.031532
-0.0308563
0.0301885
-0.0295284
0.0288759
-0.0282309
0.0275934
-0.0269632
0.0263402
-0.0257244
0.0251155
-0.0245135
0.0239182
-0.0233296
0.0227475
-0.0221719
0.0216025
-0.0210393
0.0204822
-0.019931
0.0193855
-0.0188458
0.0183116
-0.0177829
0.0172595
-0.0167412
0.016228
-0.0157197
0.0152162
-0.0147173
0.014223
-0.0137331
0.0132475
-0.012766
0.0122885
-0.0118149
0.0113451
-0.0108788
0.0104161
-0.00995666
0.00950045
-0.00904732
0.00859714
-0.00814976
0.00770506
-0.00726289
0.00682312
-0.00638562
0.00595024
-0.00551684
0.0050853
-0.00465547
0.00422721
-0.00380038
0.00337484
-0.00295045
0.00252708
-0.00210457
0.00168278
-0.00126157
0.000840806
-0.00042033
