200
10

5

5.538e-15
7.29403e-16
6.95811e-15
-8.5904e-15
7.3166e-15
-8.35982e-15
9.47078e-15
-1.07167e-14
2.69566e-15
-1.41749e-14
6.23551e-15
-5.18347e-15
1.00108e-14
-4.80531e-16
4.21568e-15
4.51163e-15
6.16107e-15
8.07401e-15
1.34985e-15
-7.81652e-16
-9.17218e-15
-2.33315e-15
-8.61622e-15
-2.6653e-15
-1.01918e-14
-9.87693e-15
-9.40527e-15
-3.71335e-15
-1.10596e-15
3.03927e-15
-9.02725e-16
8.88171e-16
5.75426e-17
5.87366e-15
6.51402e-15
5.81157e-15
5.78559e-15
-2.28753e-15
4.53629e-15
1.99538e-15
3.79459e-15
8.17889e-15
-5.20111e-15
6.43097e-15
-1.15427e-14
1.03896e-14
-6.69173e-15
1.09218e-14
-3.53727e-15
3.80083e-15
-1.08983e-14
1.0028e-14
-1.67336e-14
2.02909e-14
-1.20463e-14
1.07862e-14
-3.73751e-15
-5.68806e-15
3.26731e-15
-5.87855e-15
3.57346e-15
6.04322e-15
-2.35508e-15
3.04613e-15
1.32969e-15
-1.20545e-14
5.88668e-15
-7.10679e-15
-3.02792e-17
7.02078e-15
-5.78419e-16
3.01418e-15
4.30091e-15
-4.13815e-15
-4.42747e-15
3.39344e-15
-1.2907e-14
3.27132e-15
-2.10072e-15
2.74379e-15
-4.63546e-15
1.48768e-14
-5.20944e-16
-2.29569e-15
2.00044e-14
-7.63601e-15
2.20613e-15
1.39114e-14
-7.21848e-15
-7.76614e-16
1.08138e-14
-2.41713e-15
-1.18896e-14
2.00019e-14
-1.07822e-14
-1.71929e-15
2.16953e-15
8.62946e-15
-1.46457e-14
9.29398e-15
-6.04414e-16
-3.55083e-15
5.11659e-15
-7.28754e-15
6.70328e-15
-7.04617e-16
-4.6863e-15
3.8848e-15
-2.63321e-15
7.40734e-15
-9.96006e-15
4.50809e-16
8.57301e-15
5.42413e-16
-1.33209e-14
5.28909e-15
7.72822e-15
2.2673e-15
-1.53682e-14
-1.55751e-15
2.29935e-14
-6.81243e-15
-2.0111e-14
9.58869e-15
1.30272e-14
-1.86147e-15
-1.47823e-14
3.68694e-15
1.24423e-15
1.03057e-14
-5.97274e-15
-2.42385e-15
-5.22958e-15
1.0183e-14
-4.35951e-15
-3.39577e-15
6.35811e-15
-3.7387e-15
1.45713e-15
-4.45219e-15
3.79988e-15
8.66588e-16
2.36079e-15
8.07968e-15
-1.0294e-14
-2.29823e-15
-7.93259e-15
2.88696e-15
2.38921e-14
-6.26907e-15
6.07824e-15
-1.27e-14
3.16967e-16
-1.77418e-14
9.98762e-15
-8.74587e-15
2.1166e-14
1.02921e-14
-1.75406e-14
3.04721e-14
-5.16513e-14
7.00573e-14
-1.27475e-13
3.16196e-13
-1.01931e-12
3.44661e-12
-1.15251e-11
3.79514e-11
-1.22772e-10
3.90036e-10
-1.21612e-09
3.71964e-09
-1.11546e-08
3.27768e-08
-9.43102e-08
2.65539e-07
-7.31062e-07
1.96649e-06
-5.16384e-06
1.32249e-05
-3.30007e-05
8.0147e-05
-0.000189221
0.00043371
-0.000963712
0.00207257
-0.00430617
0.00862568
-0.0166181
0.0307078
-0.0542458
0.0912454
-0.145428
0.218249
-0.305843
0.395552
-0.46383
0.478496
-0.408325
0.240428
