200
15

1

2.5402e-14
1.03709e-14
5.57654e-15
-2.94337e-15
-1.48012e-14
-8.65525e-15
9.85452e-15
3.49211e-15
-4.57526e-15
-1.76242e-16
-1.01342e-14
3.70985e-14
-2.62424e-14
3.32316e-16
-2.22795e-15
-5.2449e-15
1.69459e-14
2.6843e-15
-1.42112e-14
-1.11204e-14
-4.5953e-15
5.7716e-14
-5.48482e-14
3.55291e-14
-5.83348e-14
4.41548e-14
9.59005e-16
4.06298e-15
-2.36131e-15
3.0156e-15
-4.28488e-14
6.55537e-14
-8.10054e-14
7.95458e-14
-6.43561e-14
8.45994e-14
-7.62398e-14
4.3631e-14
-1.97909e-14
1.2275e-15
-2.23995e-14
3.09181e-14
-2.35812e-14
5.90741e-14
-7.43489e-14
3.20731e-14
-1.97325e-14
1.07026e-14
4.75357e-14
-6.17151e-14
4.81339e-14
-6.90646e-14
6.39396e-14
-3.08482e-14
-6.43012e-15
1.4147e-14
-5.15088e-15
3.90967e-15
1.76006e-14
-2.91463e-14
2.21363e-14
-7.38582e-15
-2.54974e-14
7.22227e-14
-8.56615e-14
5.02944e-14
-5.00989e-14
3.06597e-14
1.98364e-14
-2.56795e-14
5.13531e-14
-5.98238e-14
2.45119e-14
-1.14785e-14
-3.71907e-15
5.73519e-15
7.3288e-15
3.98379e-15
8.70585e-15
-9.09328e-15
-2.03676e-14
3.82699e-14
-5.66312e-14
1.46383e-14
-6.12756e-15
2.4754e-14
3.07618e-14
-5.00927e-14
3.63283e-14
-3.81631e-14
2.35444e-14
4.44049e-14
-4.32009e-14
1.35697e-14
-3.31532e-14
3.59713e-15
2.39322e-14
-3.26693e-14
1.02714e-14
-1.57606e-14
3.43961e-14
-1.6084e-14
1.32135e-14
1.85258e-16
-1.91454e-14
-3.84337e-16
-3.62868e-14
2.05855e-14
1.83441e-15
-1.43831e-15
3.39091e-14
-3.07833e-14
-7.87493e-15
1.79557e-17
-2.57412e-14
5.3183e-14
-3.09578e-14
1.39314e-14
-1.18994e-14
2.45133e-15
1.51574e-14
-4.42633e-15
2.01879e-14
1.23792e-14
-5.79395e-14
2.98035e-14
-2.12867e-14
3.11875e-14
4.7997e-14
-2.6329e-14
2.55131e-14
-5.74392e-15
-2.59282e-14
2.94238e-14
-2.86863e-14
5.95756e-14
-1.17321e-13
2.45724e-13
-5.78873e-13
1.25184e-12
-2.54743e-12
5.16118e-12
-1.03795e-11
2.09003e-11
-4.17424e-11
8.29483e-11
-1.63893e-10
3.21661e-10
-6.27392e-10
1.21562e-09
-2.33974e-09
4.47309e-09
-8.49292e-09
1.60127e-08
-2.9976e-08
5.57085e-08
-1.02765e-07
1.88142e-07
-3.41798e-07
6.16073e-07
-1.10154e-06
1.95343e-06
-3.43517e-06
5.9892e-06
-1.03508e-05
1.77287e-05
-3.0087e-05
5.05808e-05
-8.42155e-05
0.000138831
-0.000226547
0.000365831
-0.00058442
0.000923321
-0.00144217
0.00222615
-0.00339469
0.00511174
-0.00759733
0.0111394
-0.0161039
0.0229409
-0.032182
0.044424
-0.0602928
0.0803799
-0.105147
0.134797
-0.169106
0.207243
-0.247587
0.287584
-0.323693
0.351483
-0.365937
0.362003
-0.335402
0.283628
-0.207024
0.109695
