200
15

0.1

-1.91958e-06
3.70999e-06
-5.3899e-06
6.97663e-06
-8.48633e-06
9.93414e-06
-1.13343e-05
1.27003e-05
-1.40449e-05
1.53805e-05
-1.6719e-05
1.80717e-05
-1.94501e-05
2.08654e-05
-2.23285e-05
2.38506e-05
-2.54431e-05
2.71172e-05
-2.88848e-05
3.07578e-05
-3.2749e-05
3.48713e-05
-3.71383e-05
3.95646e-05
-4.21653e-05
4.49564e-05
-4.7955e-05
5.11794e-05
-5.46488e-05
5.83839e-05
-6.24069e-05
6.67413e-05
-7.14126e-05
7.6448e-05
-8.18765e-05
8.77295e-05
-9.40406e-05
0.000100846
-0.000108184
0.000116097
-0.000124628
0.000133827
-0.000143745
0.000154437
-0.000165963
0.000178386
-0.000191775
0.000206203
-0.00022175
0.0002385
-0.000256543
0.000275977
-0.000296906
0.000319441
-0.000343702
0.000369818
-0.000397924
0.000428168
-0.000460705
0.000495703
-0.000533342
0.000573811
-0.000617316
0.000664072
-0.000714313
0.000768286
-0.000826254
0.000888498
-0.000955316
0.00102703
-0.00110397
0.0011865
-0.001275
0.00136988
-0.00147157
0.00158052
-0.00169721
0.00182216
-0.00195591
0.00209903
-0.00225212
0.00241583
-0.00259083
0.00277782
-0.00297757
0.00319085
-0.0034185
0.00366139
-0.00392043
0.00419659
-0.00449087
0.00480433
-0.00513807
0.00549325
-0.00587107
0.00627278
-0.00669969
0.00715316
-0.00763461
0.00814549
-0.00868734
0.00926171
-0.00987024
0.0105146
-0.0111965
0.0119177
-0.0126801
0.0134855
-0.0143358
0.0152329
-0.0161788
0.0171756
-0.0182252
0.0193296
-0.020491
0.0217114
-0.0229928
0.0243372
-0.0257467
0.0272233
-0.0287688
0.0303852
-0.0320742
0.0338375
-0.0356769
0.0375936
-0.0395892
0.0416648
-0.0438214
0.0460599
-0.0483809
0.0507847
-0.0532715
0.055841
-0.0584929
0.0612262
-0.0640398
0.0669321
-0.069901
0.0729442
-0.0760587
0.0792411
-0.0824874
0.0857931
-0.0891531
0.0925617
-0.0960126
0.0994988
-0.103013
0.106546
-0.110089
0.113632
-0.117166
0.120678
-0.124157
0.12759
-0.130963
0.134263
-0.137474
0.140582
-0.143569
0.14642
-0.149116
0.151641
-0.153976
0.156102
-0.158002
0.159654
-0.161042
0.162145
-0.162945
0.163423
-0.163561
0.163341
-0.162745
0.161759
-0.160366
0.158553
-0.156307
0.153616
-0.150472
0.146867
-0.142794
0.138252
-0.133239
0.127757
-0.121811
0.115408
-0.108559
0.101277
-0.0935794
0.085487
-0.0770237
0.0682168
-0.0590975
0.0497004
-0.0400636
0.0302286
-0.0202404
0.0101472
