200
10

1

4.65468e-14
-2.63585e-14
-2.17745e-14
1.48437e-14
-4.44514e-15
2.87721e-15
-1.34678e-15
-3.56603e-14
2.20265e-14
-2.14618e-14
4.48551e-14
-1.23981e-14
-3.38162e-14
2.78535e-16
6.94181e-14
-1.31164e-14
2.14251e-16
-4.05806e-14
4.02545e-14
-6.70037e-15
4.14021e-15
-2.90231e-14
-4.34555e-14
3.09343e-14
4.01131e-14
-3.76717e-14
5.74566e-16
-1.97065e-14
5.32176e-14
1.41551e-14
-2.39381e-14
-3.82503e-15
2.79731e-14
-1.35039e-14
1.78574e-14
-4.66994e-14
1.89794e-14
-6.89798e-15
-1.04008e-14
-7.00837e-15
-1.96857e-14
4.48608e-14
-1.73776e-14
2.60014e-16
-2.62473e-16
-1.79292e-14
1.7211e-14
5.47223e-14
-6.49053e-14
1.11672e-14
1.67172e-14
1.16189e-15
2.83322e-14
-4.85499e-14
2.33826e-14
-3.00688e-16
-8.72294e-15
7.49257e-15
-2.108e-15
-3.88438e-14
-7.07948e-15
3.84017e-14
4.48786e-15
-2.73432e-14
5.06451e-15
2.60775e-14
-4.18434e-15
3.81215e-14
-1.70737e-14
-2.48656e-14
2.87256e-14
-9.97488e-15
2.16891e-14
-5.31176e-14
-2.57045e-15
1.93565e-14
-1.54932e-14
-3.28283e-14
-3.03178e-15
4.62829e-14
-2.86583e-14
1.66286e-14
-2.60855e-14
5.26578e-14
-4.4063e-14
1.02319e-13
-1.36125e-13
1.12415e-13
-1.584e-13
2.91931e-13
-4.14679e-13
5.78534e-13
-9.26024e-13
1.41704e-12
-2.04044e-12
3.00972e-12
-4.53095e-12
6.67188e-12
-9.80246e-12
1.44041e-11
-2.11553e-11
3.09366e-11
-4.52267e-11
6.60584e-11
-9.62896e-11
1.40106e-10
-2.03488e-10
2.95099e-10
-4.27199e-10
6.17382e-10
-8.90589e-10
1.28241e-09
-1.84312e-09
2.64411e-09
-3.78606e-09
5.41073e-09
-7.71749e-09
1.09859e-08
-1.56074e-08
2.21277e-08
-3.13074e-08
4.42026e-08
-6.22768e-08
8.75524e-08
-1.22817e-07
1.71904e-07
-2.40068e-07
3.34496e-07
-4.64984e-07
6.44856e-07
-8.92172e-07
1.23135e-06
-1.69528e-06
2.32817e-06
-3.18923e-06
4.35748e-06
-5.93807e-06
8.07048e-06
-1.0939e-05
1.47864e-05
-1.99311e-05
2.67896e-05
-3.59044e-05
4.79793e-05
-6.39237e-05
8.49083e-05
-0.000112433
0.000148414
-0.000195282
0.000256114
-0.000334781
0.000436134
-0.000566214
0.000732512
-0.000944261
0.00121278
-0.00155185
0.00197818
-0.00251183
0.0031768
-0.00400151
0.00501942
-0.00626955
0.00779702
-0.00965346
0.0118974
-0.0145943
0.0178164
-0.0216426
0.0261569
-0.0314475
0.0376044
-0.0447168
0.052869
-0.062136
0.0725777
-0.0842325
0.0971094
-0.11118
0.126369
-0.142547
0.159518
-0.177015
0.194693
-0.212122
0.228792
-0.244114
0.257427
-0.268021
0.27515
-0.278072
0.276081
-0.268551
0.254988
-0.235079
0.208749
-0.176207
0.13799
-0.0949867
0.048454
