400
15

0.01

0.00501925
-0.00985205
0.0145036
-0.018979
0.0232831
-0.0274209
0.031397
-0.0352159
0.0388822
-0.0424002
0.0457743
-0.0490084
0.0521067
-0.055073
0.0579113
-0.0606253
0.0632186
-0.0656948
0.0680573
-0.0703095
0.0724547
-0.0744961
0.0764368
-0.0782799
0.0800284
-0.081685
0.0832526
-0.0847341
0.0861319
-0.0874488
0.0886872
-0.0898497
0.0909385
-0.0919562
0.0929049
-0.0937868
0.0946041
-0.0953589
0.0960533
-0.0966892
0.0972686
-0.0977934
0.0982653
-0.0986862
0.0990578
-0.0993818
0.0996599
-0.0998936
0.100084
-0.100234
0.100344
-0.100415
0.10045
-0.100448
0.100413
-0.100344
0.100243
-0.100112
0.0999518
-0.099763
0.099547
-0.0993048
0.0990376
-0.0987464
0.098432
-0.0980956
0.097738
-0.0973601
0.0969629
-0.0965471
0.0961135
-0.0956631
0.0951965
-0.0947146
0.094218
-0.0937074
0.0931836
-0.0926473
0.092099
-0.0915394
0.0909691
-0.0903886
0.0897987
-0.0891998
0.0885924
-0.0879771
0.0873544
-0.0867248
0.0860887
-0.0854466
0.084799
-0.0841462
0.0834887
-0.0828268
0.0821611
-0.0814917
0.0808192
-0.0801438
0.079466
-0.0787859
0.0781039
-0.0774204
0.0767356
-0.0760498
0.0753633
-0.0746763
0.0739891
-0.0733019
0.072615
-0.0719286
0.0712429
-0.0705581
0.0698745
-0.0691921
0.0685113
-0.0678321
0.0671548
-0.0664795
0.0658064
-0.0651355
0.0644672
-0.0638014
0.0631384
-0.0624783
0.0618211
-0.061167
0.0605162
-0.0598686
0.0592245
-0.0585838
0.0579468
-0.0573134
0.0566838
-0.0560581
0.0554362
-0.0548183
0.0542045
-0.0535948
0.0529892
-0.0523879
0.0517908
-0.0511981
0.0506097
-0.0500257
0.0494461
-0.048871
0.0483004
-0.0477344
0.0471728
-0.0466159
0.0460636
-0.0455159
0.0449728
-0.0444344
0.0439007
-0.0433716
0.0428472
-0.0423275
0.0418125
-0.0413022
0.0407966
-0.0402957
0.0397995
-0.039308
0.0388211
-0.038339
0.0378615
-0.0373887
0.0369205
-0.0364569
0.035998
-0.0355437
0.035094
-0.0346489
0.0342083
-0.0337723
0.0333408
-0.0329138
0.0324913
-0.0320733
0.0316597
-0.0312505
0.0308457
-0.0304453
0.0300492
-0.0296575
0.02927
-0.0288868
0.0285078
-0.0281331
0.0277625
-0.0273961
0.0270338
-0.0266756
0.0263215
-0.0259714
0.0256253
-0.0252832
0.0249451
-0.0246108
0.0242804
-0.0239539
0.0236312
-0.0233123
0.0229972
-0.0226857
0.022378
-0.0220739
0.0217735
-0.0214766
0.0211834
-0.0208936
0.0206073
-0.0203245
0.0200452
-0.0197692
0.0194966
-0.0192274
0.0189614
-0.0186987
0.0184393
-0.018183
0.01793
-0.01768
0.0174332
-0.0171895
0.0169488
-0.0167111
0.0164764
-0.0162446
0.0160158
-0.0157899
0.0155668
-0.0153465
0.015129
-0.0149143
0.0147024
-0.0144931
0.0142865
-0.0140825
0.0138812
-0.0136824
0.0134862
-0.0132926
0.0131014
-0.0129127
0.0127264
-0.0125425
0.012361
-0.0121819
0.0120051
-0.0118305
0.0116583
-0.0114883
0.0113205
-0.0111549
0.0109915
-0.0108301
0.010671
-0.0105138
0.0103588
-0.0102057
0.0100547
-0.00990568
0.00975859
-0.00961343
0.00947018
-0.0093288
0.00918929
-0.0090516
0.00891573
-0.00878164
0.00864932
-0.00851873
0.00838986
-0.00826269
0.00813718
-0.00801332
0.0078911
-0.00777047
0.00765143
-0.00753395
0.00741801
-0.00730359
0.00719067
-0.00707923
0.00696924
-0.00686069
0.00675356
-0.00664783
0.00654347
-0.00644048
0.00633882
-0.00623848
0.00613944
-0.00604168
0.00594519
-0.00584995
0.00575593
-0.00566312
0.0055715
-0.00548105
0.00539176
-0.00530362
0.00521659
-0.00513067
0.00504583
-0.00496207
0.00487936
-0.00479769
0.00471705
-0.00463741
0.00455876
-0.00448109
0.00440438
-0.00432861
0.00425378
-0.00417986
0.00410683
-0.0040347
0.00396343
-0.00389302
0.00382345
-0.00375471
0.00368678
-0.00361965
0.00355331
-0.00348774
0.00342293
-0.00335886
0.00329553
-0.00323291
0.00317101
-0.00310979
0.00304926
-0.00298939
0.00293018
-0.00287161
0.00281368
-0.00275636
0.00269965
-0.00264353
0.00258799
-0.00253303
0.00247862
-0.00242477
0.00237145
-0.00231865
0.00226637
-0.00221459
0.0021633
-0.00211249
0.00206215
-0.00201227
0.00196284
-0.00191384
0.00186527
-0.00181711
0.00176937
-0.00172201
0.00167504
-0.00162845
0.00158222
-0.00153634
0.00149081
-0.00144561
0.00140074
-0.00135618
0.00131192
-0.00126796
0.00122428
-0.00118088
0.00113775
-0.00109487
0.00105224
-0.00100984
0.000967678
-0.000925729
0.00088399
-0.000842449
0.0008011
-0.000759931
0.000718934
-0.0006781
0.000637419
-0.000596883
0.000556482
-0.000516207
0.000476049
-0.000436
0.000396049
-0.000356188
0.000316408
-0.000276699
0.000237054
-0.000197463
0.000157916
-0.000118406
7.89222e-05
-3.94566e-05
