400
5

0.5

-8.09294e-05
0.000160881
-0.000239895
0.000318011
-0.000395266
0.0004717
-0.000547349
0.000622251
-0.000696442
0.000769959
-0.000842837
0.000915112
-0.000986817
0.00105799
-0.00112866
0.00119886
-0.00126863
0.001338
-0.001407
0.00147566
-0.00154402
0.0016121
-0.00167995
0.00174758
-0.00181503
0.00188233
-0.0019495
0.00201659
-0.00208362
0.00215061
-0.00221761
0.00228462
-0.0023517
0.00241885
-0.00248612
0.00255353
-0.0026211
0.00268888
-0.00275687
0.00282512
-0.00289364
0.00296247
-0.00303163
0.00310116
-0.00317107
0.0032414
-0.00331216
0.0033834
-0.00345513
0.00352738
-0.00360018
0.00367356
-0.00374754
0.00382215
-0.00389741
0.00397336
-0.00405002
0.00412741
-0.00420557
0.00428451
-0.00436427
0.00444488
-0.00452635
0.00460872
-0.00469202
0.00477627
-0.00486149
0.00494772
-0.00503499
0.00512331
-0.00521273
0.00530326
-0.00539493
0.00548777
-0.00558182
0.00567709
-0.00577361
0.00587142
-0.00597054
0.00607101
-0.00617284
0.00627607
-0.00638072
0.00648683
-0.00659443
0.00670354
-0.0068142
0.00692643
-0.00704027
0.00715574
-0.00727287
0.00739169
-0.00751225
0.00763455
-0.00775864
0.00788455
-0.00801231
0.00814195
-0.0082735
0.00840699
-0.00854245
0.00867992
-0.00881943
0.00896101
-0.00910469
0.00925051
-0.00939849
0.00954868
-0.0097011
0.00985578
-0.0100128
0.0101721
-0.0103338
0.0104979
-0.0106644
0.0108334
-0.0110049
0.0111789
-0.0113555
0.0115347
-0.0117165
0.011901
-0.0120883
0.0122782
-0.012471
0.0126665
-0.0128649
0.0130662
-0.0132704
0.0134776
-0.0136877
0.0139009
-0.0141171
0.0143364
-0.0145588
0.0147844
-0.0150132
0.0152452
-0.0154805
0.015719
-0.015961
0.0162062
-0.0164549
0.016707
-0.0169626
0.0172216
-0.0174842
0.0177504
-0.0180202
0.0182936
-0.0185706
0.0188514
-0.0191358
0.0194241
-0.0197161
0.0200119
-0.0203116
0.0206152
-0.0209226
0.021234
-0.0215494
0.0218687
-0.0221921
0.0225195
-0.0228509
0.0231865
-0.0235261
0.0238699
-0.0242179
0.02457
-0.0249263
0.0252869
-0.0256516
0.0260207
-0.026394
0.0267716
-0.0271535
0.0275398
-0.0279303
0.0283252
-0.0287245
0.0291281
-0.0295361
0.0299484
-0.0303652
0.0307863
-0.0312118
0.0316417
-0.032076
0.0325147
-0.0329577
0.0334051
-0.0338569
0.0343131
-0.0347736
0.0352384
-0.0357076
0.036181
-0.0366588
0.0371408
-0.0376271
0.0381175
-0.0386122
0.039111
-0.039614
0.040121
-0.0406321
0.0411472
-0.0416663
0.0421894
-0.0427163
0.0432471
-0.0437816
0.0443199
-0.0448619
0.0454075
-0.0459566
0.0465092
-0.0470652
0.0476246
-0.0481873
0.0487531
-0.049322
0.049894
-0.0504689
0.0510466
-0.0516271
0.0522102
-0.0527959
0.053384
-0.0539745
0.0545671
-0.0551619
0.0557586
-0.0563572
0.0569576
-0.0575595
0.0581628
-0.0587675
0.0593734
-0.0599802
0.060588
-0.0611964
0.0618054
-0.0624148
0.0630244
-0.0636341
0.0642436
-0.0648528
0.0654615
-0.0660695
0.0666766
-0.0672826
0.0678873
-0.0684905
0.0690921
-0.0696916
0.070289
-0.0708841
0.0714765
-0.0720661
0.0726526
-0.0732358
0.0738154
-0.0743911
0.0749628
-0.0755301
0.0760928
-0.0766507
0.0772033
-0.0777506
0.0782921
-0.0788276
0.0793569
-0.0798795
0.0803953
-0.0809038
0.0814049
-0.0818982
0.0823834
-0.0828601
0.0833281
-0.0837871
0.0842366
-0.0846764
0.0851061
-0.0855255
0.0859341
-0.0863317
0.0867179
-0.0870923
0.0874546
-0.0878044
0.0881414
-0.0884653
0.0887757
-0.0890723
0.0893546
-0.0896223
0.0898751
-0.0901126
0.0903345
-0.0905403
0.0907298
-0.0909026
0.0910583
-0.0911965
0.091317
-0.0914193
0.0915031
-0.091568
0.0916138
-0.09164
0.0916463
-0.0916324
0.091598
-0.0915426
0.091466
-0.0913678
0.0912478
-0.0911055
0.0909408
-0.0907533
0.0905426
-0.0903086
0.0900509
-0.0897692
0.0894632
-0.0891328
0.0887776
-0.0883974
0.0879919
-0.087561
0.0871043
-0.0866218
0.0861131
-0.0855782
0.0850167
-0.0844287
0.0838138
-0.083172
0.0825031
-0.081807
0.0810836
-0.0803328
0.0795546
-0.0787488
0.0779155
-0.0770546
0.076166
-0.0752499
0.0743061
-0.0733348
0.072336
-0.0713098
0.0702562
-0.0691753
0.0680673
-0.0669324
0.0657706
-0.0645823
0.0633674
-0.0621264
0.0608595
-0.0595668
0.0582487
-0.0569055
0.0555376
-0.0541452
0.0527288
-0.0512888
0.0498255
-0.0483394
0.046831
-0.0453008
0.0437492
-0.0421768
0.0405843
-0.038972
0.0373407
-0.035691
0.0340235
-0.0323389
0.0306379
-0.0289212
0.0271896
-0.0254439
0.0236847
-0.021913
0.0201296
-0.0183353
0.0165311
-0.0147178
0.0128963
-0.0110676
0.0092327
-0.00739255
0.00554816
-0.00370057
0.00185083
