400
10

5

5.86546e-15
1.33875e-15
-6.67095e-15
1.70599e-15
5.97272e-17
-1.99956e-15
2.46297e-16
-3.51154e-17
-1.50682e-15
5.05521e-15
-4.7768e-15
2.17838e-15
3.72593e-15
-4.60815e-15
1.84331e-15
4.36244e-16
-5.24001e-16
2.81406e-15
-9.0072e-15
8.07013e-15
-1.54403e-15
5.21534e-15
-8.22869e-15
7.00224e-15
-8.06191e-15
1.29675e-15
-3.42311e-16
2.61278e-15
-1.60755e-15
2.34611e-15
-2.74869e-15
2.72703e-15
-4.00366e-15
4.02151e-15
-2.50318e-15
4.9618e-15
6.84344e-17
1.52141e-15
-6.97757e-15
4.57349e-15
-2.95859e-15
3.43018e-15
-5.83737e-15
3.92638e-15
-1.54019e-15
-1.0358e-15
-9.04656e-16
-3.32545e-16
6.56521e-15
-8.06926e-15
8.08382e-15
-8.52985e-15
7.406e-15
-8.10518e-15
4.37998e-15
-3.22778e-15
1.46248e-14
-1.29402e-14
3.34964e-15
-1.15907e-15
8.74559e-15
-1.64143e-14
1.43293e-14
-1.07796e-14
1.00906e-14
-7.22232e-15
2.58642e-15
-2.88519e-15
-2.4459e-15
-1.04232e-15
2.65451e-15
2.14279e-15
-2.23077e-15
2.89587e-15
-4.6869e-15
7.78109e-15
-6.88411e-15
6.75469e-15
-1.0033e-14
1.07912e-14
-1.8431e-15
-1.86665e-15
-1.38068e-17
1.47612e-15
-3.42688e-15
3.87468e-15
1.7047e-15
1.41899e-17
1.25592e-15
-4.9459e-15
2.432e-15
-4.99303e-15
6.07867e-15
-7.04409e-15
6.53946e-15
-6.22536e-15
5.37e-15
-5.43018e-15
-6.5599e-15
5.83218e-15
-5.6733e-15
9.34052e-15
-5.41396e-15
4.23409e-15
-2.49779e-15
-3.54094e-15
-2.81147e-15
1.92334e-15
1.38618e-15
-1.10716e-15
4.14714e-15
-6.34864e-15
3.13251e-15
-2.75135e-15
-3.65293e-15
-1.36276e-15
7.94856e-15
1.86043e-15
-5.45541e-15
5.07039e-15
-3.52277e-15
-1.20497e-15
-2.53983e-15
2.71099e-15
3.7661e-15
2.36868e-16
-2.8408e-15
2.95917e-15
-5.9256e-15
8.72129e-16
-4.20109e-15
1.04384e-15
7.50861e-15
-2.43962e-15
3.57044e-16
6.47344e-16
-5.79245e-15
6.68828e-15
-7.35927e-15
2.99369e-15
3.35285e-15
3.59173e-15
-2.52449e-15
1.69299e-15
1.81185e-15
-6.95372e-15
3.71205e-16
1.46032e-15
4.63975e-16
-2.49918e-16
3.20862e-15
-2.19746e-15
-8.25914e-16
-2.59161e-15
-7.04553e-16
1.51111e-15
-2.69163e-15
-1.51627e-17
-1.35674e-15
6.60318e-15
-6.90728e-15
2.72394e-15
-2.83768e-15
1.79009e-16
-7.53706e-15
8.8108e-15
-2.58514e-15
3.57726e-15
-1.67294e-15
-3.27519e-16
1.60636e-16
-1.52535e-16
-1.91159e-15
-3.02945e-15
1.26099e-15
-4.38078e-15
1.00604e-14
-4.57305e-15
1.3556e-15
6.6153e-15
-6.96826e-15
-1.67088e-15
3.79402e-16
-6.47604e-17
1.42043e-15
-1.79878e-15
1.50555e-15
9.81495e-16
1.44219e-15
4.63798e-16
-5.6713e-15
1.18347e-15
-1.62259e-15
-1.35262e-15
2.46045e-15
2.89794e-15
-9.31449e-16
4.53245e-15
2.42157e-15
-6.53396e-15
3.54632e-15
-2.88248e-15
-2.70409e-15
-9.9738e-16
7.89047e-16
3.88929e-15
-4.78921e-15
1.38702e-15
4.26983e-15
-1.77781e-15
-1.44803e-15
-4.49927e-15
3.74947e-15
-4.79268e-15
6.87807e-15
-7.72376e-15
8.13758e-15
-3.49342e-15
7.23533e-15
-5.23192e-15
2.81657e-15
3.57549e-15
-6.05038e-15
1.26142e-15
5.03726e-15
-4.31238e-15
3.11356e-15
1.25986e-15
-4.3018e-15
6.21439e-15
-8.61424e-15
1.36338e-14
-1.18028e-14
4.30503e-15
1.68732e-15
-5.85583e-15
7.9478e-15
-8.15145e-15
7.06636e-15
3.26208e-15
-2.9853e-15
-7.58792e-15
8.28149e-15
-4.71331e-15
-6.75761e-16
4.51932e-15
-6.58293e-15
6.27429e-15
-6.79996e-15
8.28878e-16
-1.19377e-15
7.52605e-15
-3.35076e-15
2.08462e-15
-1.30115e-15
1.38164e-15
2.06288e-15
-2.5219e-15
6.43296e-16
6.17646e-15
-7.90507e-15
1.23588e-14
-1.44194e-14
1.00427e-14
-1.44019e-14
5.84754e-15
1.92184e-15
-5.59781e-15
-3.13564e-15
-7.23317e-15
2.61275e-15
-7.05735e-15
-6.81032e-16
-6.09773e-15
2.85384e-15
-5.59049e-15
-2.66742e-17
-5.09714e-15
3.78933e-15
-1.15645e-14
1.64457e-14
-1.38515e-14
7.57846e-15
-5.14723e-15
1.29406e-15
-1.31614e-15
6.69208e-15
-1.00706e-14
1.72152e-14
-2.1432e-14
1.93796e-14
-1.63124e-14
1.85867e-14
-1.90387e-14
7.16156e-15
7.2415e-15
-8.73354e-15
1.32286e-14
-1.7674e-14
1.42048e-14
-8.38042e-15
8.75138e-16
-3.96061e-15
1.25907e-14
-1.47114e-14
1.45178e-14
-4.73138e-15
-5.90755e-15
9.70235e-15
-6.09199e-15
-1.74883e-15
2.27996e-15
-1.19531e-14
1.72149e-14
-1.01142e-14
1.57157e-14
-1.71993e-14
1.50532e-14
-1.31397e-14
6.14399e-15
-8.34452e-15
1.41479e-14
-1.8894e-14
1.24317e-14
-1.10473e-14
4.02529e-14
-9.29772e-14
2.03629e-13
-4.08014e-13
7.59948e-13
-1.42891e-12
2.6845e-12
-4.99709e-12
9.27928e-12
-1.71893e-11
3.16969e-11
-5.81456e-11
1.06109e-10
-1.92622e-10
3.47838e-10
-6.24815e-10
1.11634e-09
-1.98378e-09
3.50599e-09
-6.16184e-09
1.07686e-08
-1.87122e-08
3.23275e-08
-5.55218e-08
9.47901e-08
-1.60854e-07
2.71286e-07
-4.54687e-07
7.57254e-07
-1.25306e-06
2.05994e-06
-3.36392e-06
5.45625e-06
-8.78915e-06
1.40589e-05
-2.23281e-05
3.52036e-05
-5.50934e-05
8.55702e-05
-0.000131883
0.000201664
-0.000305891
0.000460178
-0.000686469
0.00101523
-0.00148822
0.00216186
-0.00311128
0.00443496
-0.00625978
0.00874615
-0.0120927
0.0165396
-0.0223697
0.029905
-0.0394983
0.0515163
-0.066313
0.0841909
-0.10535
0.129825
-0.157407
0.187568
-0.219384
0.25147
-0.281954
0.308489
-0.328347
0.338579
-0.336284
0.318956
-0.284906
0.233712
-0.166641
0.0869515
