400
15

0.5

-1.4582e-14
2.58925e-14
-7.52826e-15
-7.91349e-15
1.82889e-14
-8.93552e-15
-4.02675e-15
-3.47326e-16
5.25199e-15
-1.81581e-14
1.12973e-15
4.14487e-14
-1.20884e-13
2.02291e-13
-2.38735e-13
2.35561e-13
-2.0149e-13
1.73749e-13
-1.45902e-13
1.11981e-13
-1.2629e-13
1.13998e-13
-8.73809e-14
4.48413e-14
8.09778e-15
-4.27025e-14
5.72044e-14
-5.01524e-14
3.40041e-14
-2.59871e-14
2.49822e-14
-3.47184e-14
6.77025e-14
-9.44597e-14
1.00669e-13
-1.17308e-13
9.80462e-14
-8.55744e-14
1.07547e-13
-1.10135e-13
9.33134e-14
-7.94185e-14
5.03581e-14
-4.00328e-14
2.35353e-14
-4.13202e-14
7.52906e-14
-8.46974e-14
8.16481e-14
-8.933e-14
7.40142e-14
-7.25615e-14
7.83658e-14
-7.62855e-14
6.81287e-14
-2.52399e-14
-3.34045e-14
4.9413e-14
-4.90469e-14
1.50181e-14
1.92008e-14
-2.61185e-14
3.22946e-14
-3.92947e-15
-1.35543e-14
1.95987e-14
-1.21582e-14
1.49571e-14
-3.10053e-14
6.15028e-14
-1.00592e-13
1.23959e-13
-1.38528e-13
1.38516e-13
-1.41187e-13
1.50659e-13
-1.57003e-13
1.49497e-13
-1.32765e-13
9.37084e-14
-6.46432e-14
4.28913e-14
-4.64157e-14
3.82282e-14
-1.44924e-14
-4.21094e-15
3.03944e-14
-4.75362e-14
9.57748e-14
-1.22312e-13
1.31624e-13
-1.54594e-13
1.66143e-13
-1.72068e-13
1.60806e-13
-1.21255e-13
1.05334e-13
-6.34961e-14
1.22728e-14
3.6161e-14
-5.06762e-14
2.36605e-14
-3.21212e-15
-3.1243e-14
6.73934e-14
-8.64306e-14
7.8614e-14
-9.27897e-14
1.15015e-13
-1.25986e-13
1.46101e-13
-1.36498e-13
8.38939e-14
-4.90347e-14
3.46164e-14
-4.18147e-14
4.12247e-14
-3.90753e-14
3.7141e-14
1.35138e-14
-4.18176e-14
7.49257e-14
-1.00995e-13
1.04872e-13
-1.14318e-13
1.40912e-13
-1.58569e-13
1.61722e-13
-1.44443e-13
1.39059e-13
-1.08424e-13
4.82833e-14
-1.97254e-14
-9.17721e-15
6.1051e-14
-9.74615e-14
9.76025e-14
-8.4122e-14
5.28725e-14
-4.21263e-14
3.56374e-14
-4.92234e-14
7.04098e-14
-9.51208e-14
1.13259e-13
-1.24002e-13
1.17245e-13
-1.24015e-13
1.41575e-13
-1.23016e-13
1.14216e-13
-8.25588e-14
4.47039e-14
-1.96282e-14
1.48112e-16
9.06365e-15
-8.4072e-15
1.21878e-14
8.17296e-15
-3.23425e-16
-9.51114e-15
1.67229e-14
-4.55766e-14
9.42444e-14
-1.17599e-13
9.57984e-14
-1.0161e-13
9.85885e-14
-9.70948e-14
9.41212e-14
-8.51508e-14
8.51477e-14
-6.11062e-14
2.30842e-14
-1.50312e-14
7.82221e-16
-3.75477e-14
4.41199e-14
-1.58613e-14
1.19695e-14
-2.47244e-14
1.33581e-14
1.32282e-14
-2.52288e-14
6.29854e-14
-1.20211e-13
1.72537e-13
-2.11785e-13
2.40273e-13
-2.62685e-13
2.56012e-13
-2.39557e-13
2.37772e-13
-1.52821e-13
9.08138e-14
-3.63495e-14
-3.34021e-14
9.566e-14
-1.71669e-13
2.63214e-13
-3.85843e-13
5.49387e-13
-7.08525e-13
8.93974e-13
-1.11806e-12
1.38338e-12
-1.73927e-12
2.15113e-12
-2.62815e-12
3.22104e-12
-3.99088e-12
4.90913e-12
-6.05667e-12
7.51487e-12
-9.3399e-12
1.15689e-11
-1.43187e-11
1.7743e-11
-2.19618e-11
2.71582e-11
-3.35566e-11
4.1375e-11
-5.09548e-11
6.2707e-11
-7.71015e-11
9.47477e-11
-1.16373e-10
1.42845e-10
-1.75215e-10
2.14802e-10
-2.63216e-10
3.22351e-10
-3.94533e-10
4.82647e-10
-5.90067e-10
7.20967e-10
-8.80393e-10
1.07442e-09
-1.31043e-09
1.59736e-09
-1.94598e-09
2.36927e-09
-2.88292e-09
3.50591e-09
-4.26096e-09
5.17545e-09
-6.28235e-09
7.62129e-09
-9.23986e-09
1.11952e-08
-1.35559e-08
1.64039e-08
-1.98378e-08
2.39751e-08
-2.89566e-08
3.49504e-08
-4.21572e-08
5.08165e-08
-6.12137e-08
7.36887e-08
-8.86463e-08
1.06567e-07
-1.28024e-07
1.53694e-07
-1.84383e-07
2.21045e-07
-2.64809e-07
3.17012e-07
-3.79234e-07
4.53342e-07
-5.41536e-07
6.46414e-07
-7.71032e-07
9.18989e-07
-1.09452e-06
1.30258e-06
-1.54902e-06
1.84066e-06
-2.18552e-06
2.59296e-06
-3.07393e-06
3.64123e-06
-4.30977e-06
5.09695e-06
-6.02299e-06
7.11145e-06
-8.38966e-06
9.88937e-06
-1.16474e-05
1.37062e-05
-1.61152e-05
1.89313e-05
-2.22201e-05
2.60573e-05
-3.05302e-05
3.57389e-05
-4.17986e-05
4.88413e-05
-5.70183e-05
6.65027e-05
-7.74922e-05
9.02127e-05
-0.000104921
0.000121911
-0.000141515
0.00016411
-0.000190125
0.000220045
-0.000254416
0.000293857
-0.000339065
0.000390821
-0.000450006
0.000517606
-0.000594724
0.000682594
-0.000782592
0.00089625
-0.00102527
0.00117154
-0.00133716
0.00152443
-0.0017359
0.00197439
-0.00224295
0.00254499
-0.00288417
0.00326451
-0.00369041
0.00416659
-0.00469819
0.00529075
-0.00595022
0.00668299
-0.00749588
0.00839617
-0.00939157
0.0104902
-0.0117007
0.0130321
-0.0144936
0.0160951
-0.0178466
0.0197584
-0.0218408
0.0241046
-0.0265602
0.0292181
-0.0320886
0.0351814
-0.0385058
0.0420704
-0.0458828
0.0499495
-0.0542756
0.0588645
-0.0637178
0.0688349
-0.0742126
0.079845
-0.0857231
0.0918343
-0.0981627
0.104688
-0.111385
0.118226
-0.125176
0.132197
-0.139244
0.146268
-0.153215
0.160024
-0.166631
0.172967
-0.178957
0.184523
-0.189583
0.194053
-0.197846
0.200876
-0.203056
0.204299
-0.204523
0.20365
-0.201607
0.198329
-0.193761
0.187859
-0.18059
0.17194
-0.161907
0.150511
-0.137788
0.123797
-0.10862
0.0923588
-0.0751398
0.0571124
-0.0384479
0.0193394
