400
10

0.01

0.00279577
-0.00552208
0.00818022
-0.0107715
0.0132971
-0.0157583
0.0181563
-0.0204922
0.0227674
-0.0249828
0.0271397
-0.0292391
0.0312821
-0.0332699
0.0352035
-0.0370838
0.038912
-0.0406891
0.0424159
-0.0440936
0.045723
-0.0473051
0.0488408
-0.050331
0.0517767
-0.0531786
0.0545377
-0.0558548
0.0571308
-0.0583663
0.0595624
-0.0607196
0.0618389
-0.062921
0.0639666
-0.0649765
0.0659514
-0.066892
0.067799
-0.0686731
0.069515
-0.0703254
0.0711048
-0.0718539
0.0725734
-0.073264
0.073926
-0.0745603
0.0751674
-0.0757478
0.0763022
-0.076831
0.0773348
-0.0778142
0.0782697
-0.0787018
0.0791111
-0.0794979
0.0798629
-0.0802064
0.0805291
-0.0808312
0.0811133
-0.0813759
0.0816194
-0.0818442
0.0820507
-0.0822393
0.0824106
-0.0825648
0.0827023
-0.0828236
0.0829291
-0.083019
0.0830938
-0.0831539
0.0831995
-0.0832311
0.0832489
-0.0832533
0.0832447
-0.0832234
0.0831896
-0.0831437
0.0830859
-0.0830167
0.0829362
-0.0828449
0.0827428
-0.0826304
0.0825079
-0.0823755
0.0822336
-0.0820823
0.081922
-0.0817529
0.0815751
-0.0813891
0.0811949
-0.0809928
0.0807831
-0.080566
0.0803416
-0.0801102
0.079872
-0.0796271
0.0793759
-0.0791185
0.078855
-0.0785857
0.0783108
-0.0780304
0.0777446
-0.0774538
0.077158
-0.0768574
0.0765522
-0.0762425
0.0759285
-0.0756104
0.0752882
-0.0749621
0.0746324
-0.074299
0.0739622
-0.0736221
0.0732788
-0.0729325
0.0725832
-0.0722311
0.0718764
-0.0715191
0.0711593
-0.0707972
0.0704328
-0.0700664
0.0696979
-0.0693276
0.0689554
-0.0685815
0.068206
-0.0678289
0.0674505
-0.0670707
0.0666897
-0.0663075
0.0659242
-0.0655399
0.0651548
-0.0647687
0.064382
-0.0639945
0.0636064
-0.0632178
0.0628287
-0.0624392
0.0620494
-0.0616593
0.061269
-0.0608786
0.060488
-0.0600975
0.0597069
-0.0593165
0.0589261
-0.058536
0.0581461
-0.0577566
0.0573673
-0.0569784
0.05659
-0.0562021
0.0558147
-0.0554278
0.0550416
-0.054656
0.054271
-0.0538869
0.0535034
-0.0531208
0.052739
-0.0523581
0.051978
-0.0515989
0.0512208
-0.0508436
0.0504675
-0.0500924
0.0497184
-0.0493455
0.0489737
-0.0486031
0.0482337
-0.0478654
0.0474984
-0.0471326
0.046768
-0.0464048
0.0460428
-0.0456822
0.0453229
-0.044965
0.0446084
-0.0442532
0.0438994
-0.0435471
0.0431961
-0.0428466
0.0424986
-0.042152
0.0418069
-0.0414633
0.0411212
-0.0407805
0.0404415
-0.0401039
0.0397679
-0.0394334
0.0391004
-0.038769
0.0384392
-0.038111
0.0377843
-0.0374592
0.0371357
-0.0368137
0.0364934
-0.0361747
0.0358575
-0.035542
0.035228
-0.0349157
0.0346049
-0.0342958
0.0339882
-0.0336823
0.033378
-0.0330753
0.0327742
-0.0324747
0.0321768
-0.0318805
0.0315858
-0.0312927
0.0310012
-0.0307114
0.030423
-0.0301363
0.0298512
-0.0295676
0.0292857
-0.0290053
0.0287265
-0.0284492
0.0281735
-0.0278994
0.0276268
-0.0273557
0.0270862
-0.0268182
0.0265518
-0.0262869
0.0260235
-0.0257616
0.0255012
-0.0252423
0.0249849
-0.024729
0.0244746
-0.0242216
0.0239701
-0.0237201
0.0234715
-0.0232243
0.0229786
-0.0227343
0.0224914
-0.0222499
0.0220098
-0.0217711
0.0215338
-0.0212979
0.0210633
-0.0208301
0.0205982
-0.0203677
0.0201385
-0.0199106
0.019684
-0.0194587
0.0192348
-0.0190121
0.0187906
-0.0185704
0.0183515
-0.0181338
0.0179174
-0.0177022
0.0174882
-0.0172754
0.0170637
-0.0168533
0.016644
-0.0164359
0.016229
-0.0160232
0.0158185
-0.0156149
0.0154124
-0.0152111
0.0150108
-0.0148116
0.0146135
-0.0144164
0.0142203
-0.0140253
0.0138313
-0.0136384
0.0134464
-0.0132554
0.0130654
-0.0128763
0.0126882
-0.0125011
0.0123149
-0.0121296
0.0119452
-0.0117617
0.0115791
-0.0113974
0.0112165
-0.0110365
0.0108573
-0.010679
0.0105015
-0.0103248
0.0101488
-0.0099737
0.00979934
-0.00962573
0.00945288
-0.00928076
0.00910937
-0.00893869
0.00876871
-0.00859943
0.00843082
-0.00826288
0.00809559
-0.00792894
0.00776293
-0.00759754
0.00743275
-0.00726856
0.00710495
-0.00694192
0.00677944
-0.00661752
0.00645613
-0.00629526
0.0061349
-0.00597505
0.00581568
-0.00565679
0.00549836
-0.00534038
0.00518284
-0.00502573
0.00486904
-0.00471275
0.00455684
-0.00440132
0.00424616
-0.00409136
0.0039369
-0.00378277
0.00362895
-0.00347544
0.00332223
-0.00316929
0.00301662
-0.0028642
0.00271203
-0.00256009
0.00240836
-0.00225684
0.00210551
-0.00195436
0.00180338
-0.00165255
0.00150187
-0.00135131
0.00120087
-0.00105054
0.000900292
-0.000750124
0.000600021
-0.00044997
0.000299958
-0.000149973
