400
10

1

1.521e-14
-3.81135e-14
6.1498e-14
-8.76168e-14
1.02493e-13
-9.24843e-14
7.95849e-14
-7.30984e-14
7.37423e-14
-5.5181e-14
4.3209e-14
-2.97717e-14
2.37323e-14
1.388e-15
-1.32303e-14
2.2375e-14
-2.97614e-14
2.97417e-14
-2.52473e-14
3.12687e-14
-3.14108e-14
2.3188e-14
-1.70794e-14
2.81915e-14
-3.37246e-14
3.66341e-14
-3.28889e-14
2.61329e-14
-1.87796e-14
2.02445e-14
-5.96641e-15
9.77681e-16
1.97846e-14
-2.64388e-14
2.72666e-14
-1.71697e-14
1.64234e-14
-1.66208e-14
1.85521e-14
3.1018e-16
-1.21964e-14
3.62126e-14
-4.7902e-14
6.07939e-14
-6.84641e-14
7.31948e-14
-7.73969e-14
8.86385e-14
-9.55827e-14
7.98956e-14
-5.88806e-14
3.62529e-14
-2.2017e-14
5.03428e-15
4.82173e-17
-1.4142e-14
2.98846e-14
-3.95889e-14
4.15655e-14
-3.71832e-14
3.236e-14
-2.1733e-14
1.63251e-14
-1.47714e-14
4.15095e-15
1.68082e-14
-3.16198e-14
3.66594e-14
-3.8146e-14
2.13828e-14
-7.02764e-15
-7.63714e-15
8.43747e-15
-1.89525e-14
2.3119e-14
-4.18409e-14
5.32709e-14
-6.55486e-14
6.45537e-14
-8.28448e-14
7.90142e-14
-7.41789e-14
6.2816e-14
-7.48768e-14
6.9297e-14
-6.27564e-14
4.49688e-14
-2.91772e-14
1.99947e-14
-1.53594e-14
9.84449e-15
-8.18373e-15
8.90814e-15
-9.81185e-15
-2.62882e-16
3.04824e-15
-1.09875e-14
1.58711e-14
-2.39463e-14
2.1507e-14
-2.45499e-14
2.00407e-14
-2.87187e-14
1.77887e-14
-1.70337e-14
1.16181e-14
-2.61753e-14
2.13733e-14
-3.16155e-15
-1.50686e-14
1.43754e-14
-1.47522e-14
8.46859e-15
-1.68504e-14
2.40781e-14
-1.81545e-14
9.50331e-15
-7.84158e-15
1.03063e-14
-1.42514e-14
1.59577e-14
-2.24489e-14
2.7535e-14
-2.336e-14
1.94116e-14
-1.95385e-14
2.18391e-14
-2.75769e-14
2.40119e-14
-1.19359e-14
-4.27277e-15
-4.63152e-15
1.06903e-14
-1.98851e-14
2.97857e-14
-2.1744e-14
-3.84951e-15
1.96054e-17
1.4953e-14
-2.54352e-14
2.29887e-14
-2.56272e-14
3.34033e-14
-3.4914e-14
3.61974e-14
-3.91862e-14
3.56559e-14
-3.16624e-14
3.329e-14
-3.25757e-14
4.07573e-14
-5.2913e-14
6.16373e-14
-6.3851e-14
6.35776e-14
-6.09431e-14
7.14109e-14
-8.36776e-14
7.84336e-14
-6.42011e-14
5.7291e-14
-5.20536e-14
3.86046e-14
-2.94445e-14
2.46566e-14
-2.30351e-14
2.02137e-14
-2.29092e-14
3.08994e-14
-3.93114e-14
3.70085e-14
-5.64751e-14
8.15622e-14
-9.9496e-14
9.89651e-14
-8.34259e-14
5.90381e-14
-1.93194e-14
-2.38099e-14
6.62255e-14
-1.15729e-13
1.99476e-13
-3.0873e-13
4.36047e-13
-5.66391e-13
7.21183e-13
-9.06088e-13
1.13533e-12
-1.41352e-12
1.74013e-12
-2.12312e-12
2.58144e-12
-3.12644e-12
3.79709e-12
-4.62817e-12
5.62473e-12
-6.82746e-12
8.282e-12
-1.0048e-11
1.21731e-11
-1.47585e-11
1.78895e-11
-2.16644e-11
2.62109e-11
-3.17056e-11
3.83325e-11
-4.63413e-11
5.60059e-11
-6.76436e-11
8.16479e-11
-9.85045e-11
1.18811e-10
-1.43221e-10
1.72567e-10
-2.0783e-10
2.50198e-10
-3.0107e-10
3.62129e-10
-4.35362e-10
5.23178e-10
-6.28428e-10
7.54515e-10
-9.05491e-10
1.08618e-09
-1.30233e-09
1.56075e-09
-1.86958e-09
2.23845e-09
-2.67879e-09
3.20419e-09
-3.83076e-09
4.57761e-09
-5.46735e-09
6.52675e-09
-7.78753e-09
9.28714e-09
-1.10699e-08
1.31881e-08
-1.57034e-08
1.86888e-08
-2.22301e-08
2.64284e-08
-3.1403e-08
3.72938e-08
-4.42659e-08
5.25128e-08
-6.2262e-08
7.37805e-08
-8.73813e-08
1.03431e-07
-1.2236e-07
1.44672e-07
-1.70953e-07
2.01892e-07
-2.38293e-07
2.81091e-07
-3.31381e-07
3.90437e-07
-4.59741e-07
5.41022e-07
-6.36286e-07
7.47867e-07
-8.78473e-07
1.03125e-06
-1.20983e-06
1.41845e-06
-1.66198e-06
1.94608e-06
-2.27728e-06
2.66311e-06
-3.11226e-06
3.63477e-06
-4.24217e-06
4.94776e-06
-5.76681e-06
6.71686e-06
-7.81806e-06
9.09349e-06
-1.05696e-05
1.22767e-05
-1.42494e-05
1.65273e-05
-1.91555e-05
2.21855e-05
-2.56759e-05
2.96936e-05
-3.43143e-05
3.96243e-05
-4.57213e-05
5.27162e-05
-6.07343e-05
6.99176e-05
-8.04263e-05
9.24414e-05
-0.000106167
0.000121831
-0.000139694
0.000160045
-0.000183208
0.000209549
-0.000239475
0.000273442
-0.000311959
0.000355593
-0.000404976
0.000460811
-0.000523875
0.000595035
-0.000675245
0.000765565
-0.000867161
0.00098132
-0.00110946
0.00125313
-0.00141403
0.00159404
-0.00179519
0.00201971
-0.00227002
0.00254875
-0.00285876
0.00320313
-0.0035852
0.00400857
-0.00447709
0.00499492
-0.00556648
0.00619652
-0.00689005
0.00765242
-0.00848929
0.0094066
-0.0104106
0.0115079
-0.0127053
0.0140098
-0.0154289
0.01697
-0.018641
0.0204496
-0.0224038
0.0245115
-0.0267807
0.0292191
-0.0318344
0.0346337
-0.0376239
0.0408114
-0.0442018
0.0477998
-0.0516094
0.0556333
-0.059873
0.0643284
-0.0689978
0.0738776
-0.0789623
0.0842439
-0.0897122
0.095354
-0.101154
0.107092
-0.113148
0.119294
-0.125504
0.131743
-0.137976
0.144164
-0.150262
0.156224
-0.162
0.167534
-0.172772
0.177653
-0.182115
0.186095
-0.189527
0.192345
-0.194485
0.19588
-0.196468
0.196187
-0.194981
0.192796
-0.189587
0.185313
-0.179942
0.173452
-0.165831
0.157078
-0.147206
0.136239
-0.124217
0.111196
-0.0972465
0.0824545
-0.0669228
0.05077
-0.0341304
0.0171528
