400
5

5

-4.40474e-15
7.26395e-15
-6.38604e-15
7.26142e-15
-8.10715e-15
1.01791e-14
-1.08644e-14
1.15168e-14
-1.04322e-14
7.01565e-15
-1.92777e-15
-2.52141e-15
4.70994e-15
-7.89783e-15
1.253e-14
-1.71263e-14
1.86415e-14
-1.72047e-14
1.51439e-14
-1.20731e-14
8.61346e-15
-8.1245e-15
7.08112e-15
-7.27504e-15
8.02618e-15
-6.67506e-15
4.63363e-15
-1.26015e-15
-1.72924e-15
6.93183e-15
-1.26018e-14
1.67657e-14
-1.7378e-14
1.72852e-14
-1.76664e-14
1.62424e-14
-1.64609e-14
1.64409e-14
-1.61755e-14
1.39347e-14
-1.38426e-14
1.35797e-14
-1.17971e-14
9.96426e-15
-6.22497e-15
2.73547e-15
2.96562e-15
-6.26267e-15
7.00405e-15
-6.31912e-15
3.81567e-15
-2.72538e-15
1.50814e-15
5.54266e-16
-1.60348e-15
2.78647e-15
-2.56905e-15
1.79083e-15
-1.04961e-15
-1.04708e-15
3.01269e-15
-5.92285e-15
6.00529e-15
-6.91165e-15
8.54251e-15
-7.57117e-15
5.72102e-15
-1.6449e-15
-8.10327e-17
-1.82573e-16
2.19963e-16
-1.29552e-15
4.83017e-15
-6.8646e-15
9.44169e-15
-1.18826e-14
1.29416e-14
-1.57675e-14
1.59889e-14
-1.55067e-14
1.30928e-14
-1.15001e-14
1.20786e-14
-1.12753e-14
9.885e-15
-6.92744e-15
2.22471e-15
4.54612e-15
-1.20617e-14
1.61712e-14
-1.82678e-14
1.93005e-14
-1.85882e-14
1.73898e-14
-1.32775e-14
1.0169e-14
-5.2136e-15
-2.44905e-17
4.85383e-16
4.08573e-16
-3.35628e-15
6.07164e-15
-6.5808e-15
4.32161e-15
-3.74117e-15
3.57263e-15
-4.99918e-15
5.03456e-15
-4.97217e-15
6.14575e-15
-3.25297e-15
1.9457e-15
-5.38018e-16
5.4117e-16
9.20881e-16
-4.34681e-15
6.26574e-15
-9.0035e-15
1.04825e-14
-1.1439e-14
1.32389e-14
-1.29306e-14
1.1578e-14
-9.71753e-15
7.1952e-15
-5.83644e-15
4.40296e-15
-3.52726e-15
1.60146e-15
5.96279e-16
-5.98307e-16
1.04173e-15
1.18465e-15
-4.56706e-15
5.72767e-15
-3.65412e-15
1.44988e-16
4.09359e-15
-6.18423e-15
5.40761e-15
-2.94297e-15
2.44957e-15
-3.69022e-15
4.57469e-16
2.60822e-16
-2.62184e-15
2.93034e-15
-2.99693e-15
1.93735e-15
2.82931e-15
-2.52462e-15
1.346e-15
1.60863e-15
-4.78828e-15
4.30786e-15
-1.80979e-15
1.25848e-16
5.90615e-16
-2.51587e-15
6.2896e-15
-6.35149e-15
4.32238e-15
-2.74956e-15
-1.90681e-15
6.44282e-15
-1.28813e-14
1.65614e-14
-1.63042e-14
1.58041e-14
-1.61306e-14
1.48355e-14
-1.24694e-14
7.43725e-15
-4.25427e-15
2.53245e-15
7.19055e-16
-1.79412e-15
6.08621e-15
-7.41547e-15
9.60983e-15
-1.15106e-14
1.21632e-14
-1.17692e-14
9.32103e-15
-1.01998e-14
1.11699e-14
-1.22542e-14
1.01721e-14
-7.10422e-15
2.85833e-15
1.81729e-15
-5.67312e-15
6.80339e-15
-8.66437e-15
8.52042e-15
-6.26845e-15
6.05786e-15
-3.07625e-15
3.80866e-16
4.60173e-15
-1.09602e-14
1.66391e-14
-2.43112e-14
3.5017e-14
-4.64921e-14
6.24923e-14
-7.95604e-14
9.87162e-14
-1.20715e-13
1.43854e-13
-1.74363e-13
2.08615e-13
-2.59975e-13
3.27011e-13
-4.14211e-13
5.26973e-13
-6.71757e-13
8.56521e-13
-1.08471e-12
1.37286e-12
-1.73615e-12
2.19339e-12
-2.7688e-12
3.4937e-12
-4.40238e-12
5.54735e-12
-6.9836e-12
8.78742e-12
-1.10496e-11
1.38837e-11
-1.74354e-11
2.1877e-11
-2.74337e-11
3.43853e-11
-4.30745e-11
5.39267e-11
-6.74689e-11
8.43566e-11
-1.05406e-10
1.31623e-10
-1.6426e-10
2.04856e-10
-2.5532e-10
3.18002e-10
-3.95804e-10
4.92318e-10
-6.11954e-10
7.60149e-10
-9.43585e-10
1.17048e-09
-1.45093e-09
1.79732e-09
-2.22485e-09
2.75212e-09
-3.40193e-09
4.20216e-09
-5.18686e-09
6.39766e-09
-7.88533e-09
9.71175e-09
-1.19523e-08
1.46988e-08
-1.80627e-08
2.21796e-08
-2.7214e-08
3.33653e-08
-4.08752e-08
5.00362e-08
-6.1202e-08
7.47999e-08
-9.13458e-08
1.11462e-07
-1.35896e-07
1.65552e-07
-2.01512e-07
2.45079e-07
-2.97815e-07
3.61592e-07
-4.38653e-07
5.3168e-07
-6.43876e-07
7.79067e-07
-9.41814e-07
1.13755e-06
-1.37273e-06
1.65504e-06
-1.9936e-06
2.39921e-06
-2.88467e-06
3.46513e-06
-4.15847e-06
4.98582e-06
-5.97205e-06
7.14647e-06
-8.54351e-06
1.02036e-05
-1.21743e-05
1.45111e-05
-1.72789e-05
2.05538e-05
-2.44243e-05
2.89936e-05
-3.43818e-05
4.07284e-05
-4.81952e-05
5.69696e-05
-6.72686e-05
7.93425e-05
-9.34801e-05
0.000110014
-0.000129327
0.000151856
-0.000178106
0.000208652
-0.000244149
0.000285347
-0.000333098
0.00038837
-0.00045226
0.000526011
-0.000611025
0.000708884
-0.000821366
0.000950469
-0.00109843
0.00126775
-0.00146122
0.00168194
-0.00193335
0.00221927
-0.00254391
0.0029119
-0.00332835
0.00379882
-0.00432941
0.00492675
-0.00559804
0.00635104
-0.00719413
0.00813631
-0.00918717
0.0103569
-0.0116564
0.0130971
-0.0146908
0.0164501
-0.0183878
0.0205171
-0.0228517
0.025405
-0.0281907
0.0312223
-0.0345127
0.0380744
-0.041919
0.0460569
-0.0504971
0.0552467
-0.0603107
0.0656917
-0.0713889
0.0773985
-0.0837127
0.0903191
-0.0972008
0.104336
-0.111695
0.119246
-0.126948
0.134752
-0.142605
0.150445
-0.158203
0.165802
-0.173161
0.180188
-0.186789
0.19286
-0.198297
0.20299
-0.206827
0.209695
-0.211485
0.212088
-0.211401
0.209329
-0.205788
0.200705
-0.194023
0.185704
-0.175729
0.164104
-0.150859
0.136053
-0.119774
0.10214
-0.0833019
0.0634409
-0.0427703
0.021533
