400
15

5

4.26979e-15
1.3072e-15
6.18086e-16
-4.43865e-15
1.27712e-15
2.71707e-15
-3.26267e-15
-2.07953e-15
1.47375e-15
3.28326e-15
-2.7235e-15
-1.82335e-15
5.33389e-15
1.4828e-15
-5.34062e-15
-3.03625e-15
2.47002e-16
1.80785e-15
1.34025e-15
1.67165e-15
2.24128e-15
-2.67884e-15
-9.05873e-16
-3.45261e-15
-2.73638e-15
4.28757e-15
3.27997e-15
1.34477e-15
-4.15997e-15
-1.147e-15
2.5564e-15
-1.96124e-16
2.15449e-15
-1.00511e-15
-3.44764e-15
-3.06397e-15
7.69158e-16
4.77276e-15
9.40585e-16
-6.23944e-17
1.24702e-15
-1.87054e-15
-4.82719e-15
-5.92303e-16
3.9892e-15
3.34315e-15
5.38744e-16
7.80658e-17
-2.53079e-16
-5.18967e-15
-2.82734e-15
2.10839e-15
1.08408e-15
1.59174e-16
-2.05789e-15
-1.48181e-16
1.84823e-15
1.14513e-15
2.34411e-15
-5.46972e-16
-2.34568e-16
1.6782e-15
-1.19676e-15
-2.15529e-15
-1.97002e-15
1.10123e-15
3.26359e-15
1.19246e-15
1.21862e-15
2.02072e-15
1.55124e-15
-1.69924e-15
-4.15259e-15
-1.5196e-15
1.88829e-15
3.18752e-15
1.49978e-15
4.98103e-16
7.12881e-16
-1.34447e-15
-8.64192e-16
1.28951e-15
3.18867e-15
4.09478e-15
-9.77528e-16
-4.39662e-15
-1.49095e-15
1.88832e-16
-1.0297e-15
-3.80421e-15
-2.27132e-15
4.3011e-15
3.81394e-15
-1.41395e-15
-1.48398e-15
8.66479e-17
3.13697e-16
5.75336e-16
2.41668e-15
4.81098e-15
2.59746e-15
-2.36851e-15
-2.36243e-15
5.82048e-16
1.34809e-15
2.2914e-16
1.80027e-15
3.35296e-15
2.36394e-15
-9.90776e-16
-1.397e-15
-1.54995e-15
-3.67153e-16
-3.99822e-15
-3.96471e-15
8.25768e-16
6.20992e-15
2.47284e-15
3.34176e-16
-6.36363e-17
2.30646e-15
3.57646e-15
-1.85307e-15
-5.29818e-15
-2.14147e-15
1.9383e-15
-2.70569e-15
-3.68528e-15
-1.12861e-15
2.61389e-15
5.90941e-15
1.35375e-15
-4.18246e-15
-5.16681e-15
-6.46709e-16
-1.43539e-16
-7.94504e-16
8.64278e-16
-1.68369e-15
-2.41749e-15
-1.97311e-15
-1.20881e-15
5.36846e-16
1.6134e-15
1.0108e-15
-3.31958e-15
-5.1575e-15
-3.70958e-16
2.26476e-15
4.75192e-15
3.0831e-15
-5.36881e-16
-3.66798e-15
-3.27273e-15
-1.61086e-16
2.24186e-15
7.66453e-16
1.29322e-15
8.92548e-16
-2.47776e-15
-3.30616e-15
-3.58308e-15
-1.73682e-15
-3.01478e-16
3.93987e-18
1.07913e-15
-1.21769e-15
-3.23276e-15
-4.65533e-16
2.16586e-15
8.02043e-16
-1.12579e-15
-9.27057e-16
-6.20381e-16
1.01368e-15
2.84976e-15
5.39682e-15
5.27569e-15
1.45594e-15
-6.89819e-16
1.91323e-15
8.19293e-16
-3.65249e-16
-6.4566e-16
-8.38087e-16
-2.15799e-15
-3.2657e-15
-1.80805e-15
1.92603e-15
5.20599e-15
3.67142e-15
3.34751e-15
1.80227e-15
1.00235e-15
-2.46357e-15
-3.41068e-15
-5.5521e-16
-6.1475e-16
1.15233e-15
-1.46243e-15
-2.58035e-16
-1.57263e-15
-2.78027e-16
-1.18933e-15
-2.94343e-15
-1.01152e-15
-1.2269e-17
-1.77449e-15
9.89774e-17
-3.78691e-15
1.65949e-15
-2.27748e-15
3.78825e-15
-8.75713e-16
2.99084e-15
1.49063e-15
4.18902e-15
5.70374e-15
1.47894e-15
6.12727e-15
-1.01863e-15
7.89919e-15
-2.65028e-16
4.32285e-15
1.10035e-15
-1.56696e-15
3.43605e-15
-2.21209e-15
4.16214e-15
8.34008e-17
-3.55061e-15
3.96637e-15
-5.06361e-15
5.61191e-15
-2.60702e-15
2.52524e-15
-2.31027e-15
1.27065e-15
-3.87551e-15
4.45488e-15
-2.42468e-15
2.40994e-15
1.2108e-15
-5.13103e-15
4.70805e-15
-5.51777e-15
3.94871e-15
-7.0936e-16
3.89443e-17
2.32452e-15
-3.03054e-15
3.32063e-15
-4.68947e-15
2.33623e-15
-2.89392e-15
4.93437e-15
-5.83182e-15
6.64087e-15
-3.72968e-15
9.65316e-16
3.99606e-15
-6.30918e-15
5.66398e-15
-4.85268e-15
-3.76216e-16
3.05182e-15
-6.78134e-15
5.44475e-15
-3.3372e-15
-2.52997e-15
4.69977e-15
-1.46769e-15
-4.11774e-15
7.52994e-15
-3.34698e-15
-1.23527e-15
-9.74063e-16
5.98555e-15
-2.64486e-15
-3.96673e-15
6.35322e-15
-1.07838e-15
-4.34577e-15
1.69942e-15
2.7678e-15
-9.86198e-16
-1.26778e-15
1.49529e-15
-1.10371e-15
1.5687e-15
-1.67327e-15
-2.76652e-15
4.44681e-15
1.02581e-15
-6.10292e-15
2.90471e-15
5.57365e-15
-2.68367e-15
-2.93301e-15
-1.04217e-15
2.84129e-15
3.07391e-15
-6.47254e-15
-5.19614e-15
5.9666e-15
4.56991e-15
-5.47162e-15
-5.2748e-15
2.85303e-15
5.12799e-15
-2.97765e-15
-4.23279e-15
1.61231e-15
3.32135e-15
-3.45698e-15
1.52066e-16
6.07669e-15
-2.96906e-15
-5.08543e-15
-2.24211e-15
1.56701e-14
-9.02298e-15
3.1974e-15
-1.3746e-14
1.65092e-14
-7.89708e-15
6.54214e-15
-3.23451e-15
-5.2985e-15
7.82965e-15
-1.02126e-14
8.9566e-15
-3.40737e-15
-1.05096e-15
8.07269e-15
-1.22804e-14
6.33646e-15
5.32788e-15
-3.04341e-15
5.49581e-15
-1.26619e-14
-8.67606e-16
1.21322e-14
2.83646e-15
-2.4953e-15
9.17169e-15
-1.78861e-14
1.65939e-14
-8.11425e-15
6.2142e-15
-1.55714e-14
7.15444e-15
-2.56498e-14
-1.38487e-15
-6.27828e-15
-5.38309e-16
-3.96788e-14
1.50381e-13
-4.75367e-13
1.41273e-12
-4.14823e-12
1.20205e-11
-3.43238e-11
9.66151e-11
-2.68085e-10
7.32795e-10
-1.97269e-09
5.22772e-09
-1.3633e-08
3.49726e-08
-8.82147e-08
2.18696e-07
-5.32629e-07
1.27374e-06
-2.98937e-06
6.88143e-06
-1.55281e-05
3.43255e-05
-7.42802e-05
0.00015724
-0.000325333
0.000657331
-0.0012957
0.00248897
-0.0046538
0.00845828
-0.0149204
0.0255006
-0.0421417
0.0671802
-0.103018
0.151439
-0.212495
0.283033
-0.355189
0.415521
-0.44577
0.426271
-0.342446
0.193451
