400
5

0.1

0.00121803
-0.00242088
0.00360868
-0.00478157
0.00593969
-0.00708315
0.00821211
-0.00932668
0.010427
-0.0115132
0.0125854
-0.0136437
0.0146883
-0.0157193
0.0167368
-0.0177409
0.0187317
-0.0197094
0.0206741
-0.0216259
0.022565
-0.0234914
0.0244052
-0.0253066
0.0261957
-0.0270726
0.0279374
-0.0287902
0.0296312
-0.0304604
0.031278
-0.032084
0.0328785
-0.0336618
0.0344338
-0.0351947
0.0359445
-0.0366835
0.0374116
-0.038129
0.0388358
-0.0395321
0.0402179
-0.0408934
0.0415587
-0.0422138
0.042859
-0.0434941
0.0441194
-0.044735
0.0453408
-0.0459371
0.0465239
-0.0471013
0.0476694
-0.0482282
0.0487779
-0.0493185
0.0498502
-0.050373
0.0508869
-0.0513922
0.0518888
-0.0523768
0.0528564
-0.0533275
0.0537904
-0.054245
0.0546914
-0.0551297
0.05556
-0.0559824
0.0563969
-0.0568036
0.0572026
-0.057594
0.0579778
-0.058354
0.0587229
-0.0590844
0.0594386
-0.0597855
0.0601253
-0.0604581
0.0607838
-0.0611025
0.0614144
-0.0617194
0.0620177
-0.0623092
0.0625942
-0.0628725
0.0631444
-0.0634098
0.0636688
-0.0639215
0.0641679
-0.0644081
0.0646421
-0.0648701
0.065092
-0.065308
0.065518
-0.0657221
0.0659205
-0.0661131
0.0662999
-0.0664812
0.0666568
-0.0668269
0.0669914
-0.0671506
0.0673043
-0.0674528
0.0675959
-0.0677338
0.0678664
-0.067994
0.0681164
-0.0682338
0.0683462
-0.0684537
0.0685562
-0.0686539
0.0687467
-0.0688348
0.0689182
-0.0689968
0.0690708
-0.0691403
0.0692051
-0.0692655
0.0693214
-0.0693728
0.0694199
-0.0694626
0.069501
-0.0695351
0.069565
-0.0695907
0.0696123
-0.0696297
0.0696431
-0.0696524
0.0696577
-0.0696591
0.0696565
-0.06965
0.0696397
-0.0696255
0.0696076
-0.0695859
0.0695604
-0.0695313
0.0694985
-0.0694621
0.0694221
-0.0693786
0.0693315
-0.0692809
0.0692269
-0.0691694
0.0691086
-0.0690443
0.0689768
-0.0689059
0.0688317
-0.0687543
0.0686736
-0.0685897
0.0685027
-0.0684126
0.0683193
-0.0682229
0.0681235
-0.068021
0.0679156
-0.0678071
0.0676957
-0.0675814
0.0674642
-0.0673441
0.0672211
-0.0670953
0.0669667
-0.0668353
0.0667012
-0.0665643
0.0664247
-0.0662824
0.0661375
-0.0659899
0.0658397
-0.0656869
0.0655315
-0.0653736
0.0652131
-0.0650501
0.0648847
-0.0647167
0.0645463
-0.0643735
0.0641982
-0.0640206
0.0638406
-0.0636582
0.0634735
-0.0632865
0.0630972
-0.0629056
0.0627118
-0.0625157
0.0623174
-0.0621169
0.0619142
-0.0617093
0.0615023
-0.0612931
0.0610819
-0.0608685
0.060653
-0.0604355
0.0602159
-0.0599943
0.0597707
-0.0595451
0.0593174
-0.0590878
0.0588563
-0.0586228
0.0583873
-0.05815
0.0579108
-0.0576696
0.0574267
-0.0571818
0.0569351
-0.0566866
0.0564363
-0.0561842
0.0559303
-0.0556746
0.0554172
-0.055158
0.0548971
-0.0546344
0.0543701
-0.0541041
0.0538364
-0.053567
0.053296
-0.0530233
0.052749
-0.0524731
0.0521956
-0.0519165
0.0516358
-0.0513536
0.0510697
-0.0507844
0.0504975
-0.0502091
0.0499191
-0.0496277
0.0493348
-0.0490404
0.0487446
-0.0484473
0.0481485
-0.0478483
0.0475467
-0.0472437
0.0469393
-0.0466335
0.0463263
-0.0460177
0.0457078
-0.0453966
0.045084
-0.0447701
0.0444548
-0.0441383
0.0438204
-0.0435013
0.0431809
-0.0428592
0.0425363
-0.0422121
0.0418867
-0.0415601
0.0412323
-0.0409032
0.040573
-0.0402415
0.0399089
-0.0395752
0.0392402
-0.0389041
0.0385669
-0.0382286
0.0378891
-0.0375485
0.0372069
-0.0368641
0.0365203
-0.0361754
0.0358294
-0.0354824
0.0351343
-0.0347852
0.0344351
-0.0340839
0.0337318
-0.0333787
0.0330245
-0.0326695
0.0323134
-0.0319564
0.0315984
-0.0312395
0.0308797
-0.030519
0.0301573
-0.0297948
0.0294313
-0.029067
0.0287018
-0.0283358
0.0279689
-0.0276012
0.0272326
-0.0268632
0.026493
-0.026122
0.0257502
-0.0253777
0.0250043
-0.0246302
0.0242554
-0.0238798
0.0235035
-0.0231264
0.0227487
-0.0223702
0.0219911
-0.0216112
0.0212307
-0.0208496
0.0204678
-0.0200854
0.0197023
-0.0193186
0.0189343
-0.0185494
0.018164
-0.0177779
0.0173913
-0.0170042
0.0166165
-0.0162282
0.0158395
-0.0154502
0.0150605
-0.0146702
0.0142795
-0.0138883
0.0134967
-0.0131046
0.0127122
-0.0123192
0.0119259
-0.0115322
0.0111381
-0.0107437
0.0103489
-0.00995372
0.00955823
-0.00916242
0.00876631
-0.00836989
0.0079732
-0.00757624
0.00717902
-0.00678155
0.00638385
-0.00598594
0.00558782
-0.0051895
0.00479101
-0.00439235
0.00399353
-0.00359458
0.0031955
-0.00279631
0.00239702
-0.00199765
0.00159821
-0.0011987
0.00079916
-0.000399587
