400
10

0.1

-0.000863559
0.00170578
-0.00252718
0.00332827
-0.00410952
0.00487144
-0.00561449
0.00633913
-0.00704582
0.007735
-0.00840712
0.00906259
-0.00970183
0.0103253
-0.0109333
0.0115263
-0.0121046
0.0126687
-0.0132189
0.0137555
-0.014279
0.0147897
-0.0152878
0.0157738
-0.016248
0.0167106
-0.017162
0.0176026
-0.0180325
0.0184521
-0.0188617
0.0192615
-0.0196518
0.020033
-0.0204052
0.0207687
-0.0211238
0.0214707
-0.0218097
0.0221409
-0.0224647
0.0227812
-0.0230907
0.0233934
-0.0236895
0.0239791
-0.0242626
0.0245401
-0.0248118
0.0250778
-0.0253385
0.0255939
-0.0258442
0.0260897
-0.0263304
0.0265666
-0.0267984
0.0270259
-0.0272494
0.027469
-0.0276848
0.0278969
-0.0281056
0.028311
-0.0285131
0.0287122
-0.0289083
0.0291017
-0.0292923
0.0294804
-0.029666
0.0298493
-0.0300304
0.0302094
-0.0303864
0.0305616
-0.0307349
0.0309066
-0.0310768
0.0312454
-0.0314127
0.0315787
-0.0317435
0.0319072
-0.0320699
0.0322316
-0.0323925
0.0325527
-0.0327122
0.0328711
-0.0330294
0.0331873
-0.0333448
0.0335021
-0.0336591
0.0338159
-0.0339726
0.0341293
-0.034286
0.0344428
-0.0345998
0.0347569
-0.0349144
0.0350721
-0.0352303
0.0353888
-0.0355479
0.0357075
-0.0358677
0.0360285
-0.03619
0.0363522
-0.0365152
0.036679
-0.0368437
0.0370092
-0.0371757
0.0373432
-0.0375117
0.0376813
-0.0378519
0.0380237
-0.0381966
0.0383707
-0.038546
0.0387226
-0.0389004
0.0390796
-0.0392601
0.039442
-0.0396252
0.0398098
-0.0399959
0.0401835
-0.0403725
0.040563
-0.040755
0.0409486
-0.0411437
0.0413404
-0.0415387
0.0417385
-0.04194
0.0421431
-0.0423479
0.0425543
-0.0427623
0.042972
-0.0431834
0.0433965
-0.0436112
0.0438277
-0.0440458
0.0442657
-0.0444873
0.0447105
-0.0449355
0.0451621
-0.0453905
0.0456206
-0.0458524
0.0460858
-0.046321
0.0465578
-0.0467963
0.0470365
-0.0472783
0.0475218
-0.0477669
0.0480136
-0.048262
0.0485119
-0.0487634
0.0490165
-0.0492711
0.0495272
-0.0497849
0.050044
-0.0503046
0.0505667
-0.0508301
0.051095
-0.0513612
0.0516287
-0.0518976
0.0521677
-0.0524391
0.0527117
-0.0529855
0.0532604
-0.0535364
0.0538135
-0.0540917
0.0543708
-0.0546509
0.0549319
-0.0552138
0.0554965
-0.05578
0.0560642
-0.0563491
0.0566346
-0.0569208
0.0572074
-0.0574945
0.0577821
-0.05807
0.0583582
-0.0586467
0.0589354
-0.0592241
0.059513
-0.0598018
0.0600906
-0.0603793
0.0606677
-0.0609559
0.0612437
-0.0615311
0.061818
-0.0621043
0.06239
-0.0626749
0.0629591
-0.0632423
0.0635246
-0.0638058
0.0640859
-0.0643647
0.0646423
-0.0649184
0.065193
-0.0654659
0.0657372
-0.0660067
0.0662744
-0.06654
0.0668035
-0.0670648
0.0673239
-0.0675805
0.0678346
-0.0680861
0.0683349
-0.0685808
0.0688238
-0.0690637
0.0693005
-0.0695339
0.0697639
-0.0699904
0.0702132
-0.0704322
0.0706474
-0.0708585
0.0710655
-0.0712681
0.0714664
-0.0716602
0.0718492
-0.0720335
0.0722129
-0.0723872
0.0725563
-0.07272
0.0728783
-0.073031
0.0731779
-0.073319
0.073454
-0.0735829
0.0737055
-0.0738216
0.0739311
-0.0740339
0.0741299
-0.0742188
0.0743005
-0.0743749
0.0744419
-0.0745013
0.074553
-0.0745967
0.0746324
-0.0746599
0.0746791
-0.0746899
0.074692
-0.0746853
0.0746698
-0.0746451
0.0746113
-0.0745681
0.0745155
-0.0744532
0.0743812
-0.0742992
0.0742072
-0.074105
0.0739924
-0.0738694
0.0737358
-0.0735915
0.0734363
-0.0732701
0.0730928
-0.0729042
0.0727042
-0.0724927
0.0722696
-0.0720347
0.071788
-0.0715293
0.0712585
-0.0709755
0.0706802
-0.0703724
0.0700521
-0.0697192
0.0693736
-0.0690152
0.0686439
-0.0682596
0.0678622
-0.0674517
0.0670279
-0.0665909
0.0661404
-0.0656766
0.0651993
-0.0647084
0.0642039
-0.0636858
0.0631541
-0.0626086
0.0620493
-0.0614763
0.0608895
-0.0602889
0.0596745
-0.0590462
0.0584041
-0.0577482
0.0570785
-0.0563951
0.0556978
-0.0549869
0.0542622
-0.0535239
0.0527721
-0.0520066
0.0512277
-0.0504355
0.0496298
-0.048811
0.047979
-0.047134
0.046276
-0.0454052
0.0445217
-0.0436257
0.0427172
-0.0417965
0.0408636
-0.0399187
0.0389621
-0.0379938
0.0370142
-0.0360232
0.0350213
-0.0340085
0.0329852
-0.0319514
0.0309076
-0.0298538
0.0287905
-0.0277177
0.0266359
-0.0255453
0.0244461
-0.0233387
0.0222234
-0.0211005
0.0199703
-0.0188332
0.0176895
-0.0165395
0.0153836
-0.0142223
0.0130557
-0.0118844
0.0107088
-0.00952913
0.00834593
-0.0071596
0.00597055
-0.00477921
0.00358604
-0.00239147
0.00119597
