400
10

0.5

-3.31613e-14
6.54719e-14
-9.02712e-14
1.08614e-13
-1.34503e-13
1.47234e-13
-1.66793e-13
1.71356e-13
-1.8947e-13
1.95668e-13
-2.20713e-13
2.46341e-13
-2.66958e-13
3.01291e-13
-3.21581e-13
3.51187e-13
-3.78199e-13
4.06083e-13
-4.29426e-13
4.59241e-13
-4.81153e-13
4.99745e-13
-5.17814e-13
5.49056e-13
-5.71144e-13
5.99554e-13
-6.20282e-13
6.53963e-13
-6.95086e-13
7.36397e-13
-7.81727e-13
8.3136e-13
-8.9752e-13
9.54968e-13
-1.0183e-12
1.08112e-12
-1.15763e-12
1.22662e-12
-1.31348e-12
1.40112e-12
-1.50446e-12
1.62786e-12
-1.75322e-12
1.90379e-12
-2.0752e-12
2.27016e-12
-2.48687e-12
2.73268e-12
-2.98543e-12
3.27641e-12
-3.58502e-12
3.93511e-12
-4.31148e-12
4.73092e-12
-5.20441e-12
5.71969e-12
-6.30965e-12
6.95567e-12
-7.68261e-12
8.49272e-12
-9.38661e-12
1.03807e-11
-1.14835e-11
1.27057e-11
-1.40627e-11
1.55623e-11
-1.72321e-11
1.90747e-11
-2.11299e-11
2.34068e-11
-2.59313e-11
2.87385e-11
-3.18548e-11
3.53159e-11
-3.91571e-11
4.34205e-11
-4.8151e-11
5.33976e-11
-5.92145e-11
6.56677e-11
-7.28241e-11
8.07588e-11
-8.95433e-11
9.92887e-11
-1.1009e-10
1.22059e-10
-1.35325e-10
1.50025e-10
-1.66331e-10
1.84399e-10
-2.04423e-10
2.26613e-10
-2.51197e-10
2.78436e-10
-3.08598e-10
3.42e-10
-3.78992e-10
4.19955e-10
-4.65307e-10
5.15518e-10
-5.71098e-10
6.32626e-10
-7.00743e-10
7.76129e-10
-8.59565e-10
9.51888e-10
-1.05405e-09
1.16707e-09
-1.2921e-09
1.43039e-09
-1.58334e-09
1.75249e-09
-1.93952e-09
2.14631e-09
-2.37492e-09
2.62763e-09
-2.90695e-09
3.21564e-09
-3.55676e-09
3.93367e-09
-4.35008e-09
4.81009e-09
-5.31817e-09
5.8793e-09
-6.49895e-09
7.18313e-09
-7.93847e-09
8.77226e-09
-9.69253e-09
1.07081e-08
-1.18288e-08
1.30653e-08
-1.44293e-08
1.59338e-08
-1.75932e-08
1.9423e-08
-2.14405e-08
2.36647e-08
-2.61164e-08
2.88186e-08
-3.17962e-08
3.50771e-08
-3.86916e-08
4.26729e-08
-4.70578e-08
5.18863e-08
-5.72027e-08
6.30552e-08
-6.94972e-08
7.65867e-08
-8.43878e-08
9.29705e-08
-1.02412e-07
1.12796e-07
-1.24215e-07
1.3677e-07
-1.50572e-07
1.65742e-07
-1.82414e-07
2.00733e-07
-2.20858e-07
2.42964e-07
-2.67241e-07
2.93898e-07
-3.23164e-07
3.55287e-07
-3.90542e-07
4.29227e-07
-4.71667e-07
5.18218e-07
-5.69271e-07
6.25249e-07
-6.86616e-07
7.5388e-07
-8.27593e-07
9.08357e-07
-9.96832e-07
1.09373e-06
-1.19984e-06
1.31601e-06
-1.44318e-06
1.58234e-06
-1.73461e-06
1.90119e-06
-2.08338e-06
2.28261e-06
-2.50042e-06
2.7385e-06
-2.99867e-06
3.28294e-06
-3.59346e-06
3.9326e-06
-4.30289e-06
4.70712e-06
-5.14831e-06
5.62971e-06
-6.15489e-06
6.7277e-06
-7.3523e-06
8.03324e-06
-8.77542e-06
9.58415e-06
-1.04652e-05
1.14248e-05
-1.24698e-05
1.36073e-05
-1.48454e-05
1.61927e-05
-1.76582e-05
1.92522e-05
-2.09853e-05
2.28692e-05
-2.49166e-05
2.71411e-05
-2.95573e-05
3.21812e-05
-3.50297e-05
3.81214e-05
-4.14761e-05
4.51151e-05
-4.90616e-05
5.33403e-05
-5.7978e-05
6.30033e-05
-6.84471e-05
7.43426e-05
-8.07255e-05
8.76341e-05
-9.51096e-05
0.000103196
-0.000111941
0.000121395
-0.000131612
0.000142652
-0.000154576
0.000167452
-0.00018135
0.000196348
-0.000212528
0.000229977
-0.000248789
0.000269063
-0.000290906
0.000314433
-0.000339763
0.000367027
-0.000396362
0.000427915
-0.000461842
0.000498308
-0.000537491
0.000579577
-0.000624767
0.00067327
-0.000725312
0.000781131
-0.000840977
0.000905119
-0.000973837
0.00104743
-0.00112622
0.00121053
-0.00130072
0.00139716
-0.00150024
0.00161038
-0.001728
0.00185357
-0.00198757
0.00213051
-0.00228291
0.00244533
-0.00261836
0.00280261
-0.00299871
0.00320735
-0.00342922
0.00366504
-0.0039156
0.00418166
-0.00446408
0.0047637
-0.00508142
0.00541818
-0.00577492
0.00615266
-0.00655241
0.00697525
-0.00742229
0.00789464
-0.00839348
0.00892001
-0.00947547
0.0100611
-0.0106782
0.0113281
-0.0120122
0.0127317
-0.0134882
0.014283
-0.0151175
0.0159931
-0.0169114
0.0178738
-0.0188817
0.0199366
-0.0210399
0.022193
-0.0233974
0.0246545
-0.0259655
0.0273317
-0.0287545
0.030235
-0.0317744
0.0333736
-0.0350337
0.0367556
-0.03854
0.0403875
-0.0422986
0.0442738
-0.0463133
0.0484171
-0.0505851
0.0528169
-0.0551121
0.0574699
-0.0598893
0.062369
-0.0649076
0.0675034
-0.0701541
0.0728575
-0.0756108
0.0784111
-0.0812548
0.0841384
-0.0870576
0.0900079
-0.0929846
0.0959822
-0.0989951
0.102017
-0.105042
0.108062
-0.111071
0.114059
-0.117021
0.119945
-0.122824
0.125648
-0.128407
0.131091
-0.13369
0.136191
-0.138585
0.140859
-0.143002
0.145002
-0.146847
0.148524
-0.15002
0.151325
-0.152425
0.153307
-0.153961
0.154373
-0.154532
0.154427
-0.154047
0.153381
-0.152419
0.151153
-0.149574
0.147673
-0.145445
0.142884
-0.139985
0.136745
-0.13316
0.129232
-0.124959
0.120345
-0.115392
0.110106
-0.104495
0.0985656
-0.0923299
0.0858
-0.0789902
0.0719165
-0.0645972
0.0570524
-0.0493039
0.0413757
-0.0332935
0.0250847
-0.0167787
0.00840629
