400
15

1

1.31557e-14
-1.95252e-14
1.72295e-14
4.36913e-15
-1.7837e-15
1.58927e-14
-1.09201e-14
3.50551e-14
-2.11371e-14
-1.37037e-15
4.87409e-15
-2.37129e-14
3.30111e-14
-3.74902e-14
2.78268e-14
-2.46603e-14
2.47827e-14
-3.7103e-14
1.74829e-14
2.45484e-16
1.14584e-14
-2.63327e-15
-2.24557e-15
1.01088e-14
-2.0437e-14
2.79794e-14
-5.86644e-15
-4.61311e-14
5.7116e-14
-5.58648e-14
8.39291e-14
-9.53071e-14
7.56749e-14
-6.654e-14
3.54171e-14
7.92421e-15
-2.16142e-14
3.08223e-14
-3.6765e-14
1.61242e-14
-1.78212e-14
7.91711e-15
-2.10812e-15
-1.88354e-14
1.3879e-14
-2.32669e-14
2.44762e-14
-2.61261e-14
4.57928e-14
-5.36165e-14
7.09207e-14
-3.34899e-14
3.30478e-14
-3.32016e-14
1.86075e-14
1.54408e-15
-8.29743e-15
7.45536e-15
-2.24726e-15
-1.02287e-14
1.60299e-14
-1.8443e-14
-1.97534e-14
2.47407e-14
-1.13185e-14
3.33228e-14
-1.64287e-14
1.20334e-14
5.10372e-15
-2.38217e-14
5.51161e-14
-5.84929e-14
4.84464e-14
2.88532e-15
-1.58267e-14
2.74193e-14
-5.83026e-14
7.62965e-14
-7.51863e-14
7.00425e-14
-5.05551e-14
3.19941e-14
-1.09567e-14
2.19959e-14
-1.0195e-14
-1.35563e-14
1.91121e-14
-2.6535e-14
3.95421e-14
-2.85893e-14
2.48294e-14
-2.97959e-14
1.0923e-14
1.22999e-14
-2.02871e-14
3.98714e-14
-3.31856e-14
8.1257e-15
8.65909e-15
7.279e-15
1.9514e-14
-2.08718e-14
1.7701e-14
-3.65882e-15
2.78332e-16
1.01898e-14
-1.65692e-14
-1.49295e-14
2.25817e-14
-2.65923e-14
2.06225e-14
-3.24925e-14
2.51525e-14
-1.60154e-14
4.9948e-15
5.18561e-15
-1.63982e-14
2.26776e-14
9.27275e-15
2.74361e-15
-8.49944e-15
1.59397e-14
-1.03899e-14
6.01042e-15
-5.28649e-15
3.84796e-15
-2.8566e-15
8.47695e-15
-9.07148e-15
8.311e-15
-2.6675e-14
3.60548e-14
-4.57669e-14
4.24952e-14
-2.56295e-14
1.01502e-14
2.96531e-14
-4.90952e-14
4.47787e-14
-6.81484e-14
5.21956e-14
-3.28392e-14
1.23481e-14
1.46919e-14
-2.38304e-14
1.25395e-14
-2.61121e-14
2.50752e-14
-8.38174e-15
9.25668e-15
3.1968e-15
1.6523e-15
6.68165e-15
7.63969e-15
1.05816e-14
-2.03477e-14
6.98965e-15
1.05864e-14
-2.48504e-16
2.86737e-14
-4.60624e-14
2.61173e-14
-2.98261e-14
1.29538e-14
1.63795e-15
-2.75107e-14
3.59483e-14
-4.40858e-14
2.34117e-14
-1.561e-14
-4.71832e-15
5.72576e-15
9.71875e-16
-2.41534e-15
8.7301e-15
-1.70507e-14
1.2878e-14
-2.20468e-15
-1.80536e-14
3.72735e-14
-4.15443e-14
4.2726e-14
-3.32535e-14
-6.09438e-15
2.81612e-14
-3.90262e-14
3.77798e-14
-3.65531e-14
3.91938e-14
1.33987e-15
-1.02176e-14
3.17522e-14
-3.30354e-14
3.15463e-14
-1.48246e-14
3.91318e-14
-1.47283e-14
1.16908e-14
1.67117e-14
-2.3849e-14
3.51626e-14
-6.21216e-14
7.06314e-14
-4.40715e-14
1.60773e-14
1.17751e-14
-4.80712e-14
8.02332e-14
-7.4136e-14
6.01852e-14
-4.33457e-14
-2.27287e-15
3.71937e-14
-3.40674e-14
5.98315e-14
-4.89534e-14
2.19398e-14
2.74494e-15
-1.84022e-15
3.06469e-15
-2.1391e-15
2.25924e-15
-7.70314e-15
1.06871e-14
-5.52671e-15
1.36793e-14
-1.80037e-14
4.62783e-15
-1.05027e-14
-4.48493e-16
1.32364e-14
-1.71308e-14
-3.36677e-16
3.96464e-15
-7.50194e-15
4.63599e-15
-5.55866e-16
-1.10153e-14
1.29278e-14
-2.52037e-15
1.59143e-14
-1.40699e-14
-1.15098e-14
1.37129e-14
9.02056e-15
5.02304e-15
-3.03427e-17
4.43342e-15
-4.84895e-15
1.6364e-14
-2.86814e-14
1.89227e-14
-1.60832e-14
2.94313e-15
2.89597e-14
-4.24552e-14
4.6774e-14
-4.65683e-14
2.03983e-14
3.61661e-15
-4.66462e-14
3.89392e-14
-3.76907e-14
5.66938e-14
-3.00973e-14
2.34244e-15
3.62675e-15
-2.6519e-14
1.37316e-14
-1.8054e-15
-3.55556e-15
3.03486e-14
-7.46869e-14
1.35041e-13
-2.06808e-13
2.87136e-13
-3.88039e-13
5.21667e-13
-7.42855e-13
1.04062e-12
-1.47422e-12
2.14333e-12
-3.09618e-12
4.4537e-12
-6.40339e-12
9.12434e-12
-1.29435e-11
1.83708e-11
-2.6057e-11
3.69043e-11
-5.21925e-11
7.37294e-11
-1.03978e-10
1.46368e-10
-2.05694e-10
2.88558e-10
-4.04089e-10
5.64957e-10
-7.88553e-10
1.09874e-09
-1.52829e-09
2.12206e-09
-2.94129e-09
4.06953e-09
-5.62041e-09
7.74823e-09
-1.06621e-08
1.46446e-08
-2.00771e-08
2.74732e-08
-3.75224e-08
5.11491e-08
-6.95897e-08
9.44936e-08
-1.28057e-07
1.73196e-07
-2.33775e-07
3.14901e-07
-4.23311e-07
5.67864e-07
-7.60185e-07
1.01549e-06
-1.35363e-06
1.80048e-06
-2.38961e-06
3.16452e-06
-4.18137e-06
5.51251e-06
-7.25085e-06
9.5154e-06
-1.24581e-05
1.62723e-05
-2.12037e-05
2.75628e-05
-3.57415e-05
4.62325e-05
-5.96531e-05
7.67745e-05
-9.85562e-05
0.000126189
-0.000161143
0.000205229
-0.00026067
0.00033018
-0.000417061
0.000525316
-0.000659777
0.000826245
-0.00103166
0.00128429
-0.00159391
0.00197207
-0.00243226
0.00299026
-0.00366432
0.00447546
-0.00544774
0.00660848
-0.0079885
0.00962226
-0.011548
0.0138076
-0.0164468
0.0195145
-0.0230625
0.0271451
-0.0318174
0.0371351
-0.0431519
0.0499182
-0.0574787
0.0658693
-0.0751147
0.0852239
-0.0961875
0.107973
-0.120521
0.133739
-0.147504
0.161649
-0.175968
0.190213
-0.20409
0.217263
-0.229359
0.239968
-0.248655
0.254971
-0.258465
0.258701
-0.255278
0.24785
-0.23615
0.220013
-0.1994
0.174418
-0.145344
0.11263
-0.0769194
0.0390407
