400
15

0.1

-7.44229e-07
1.46197e-06
-2.15511e-06
2.82543e-06
-3.47468e-06
4.10452e-06
-4.71657e-06
5.31239e-06
-5.89347e-06
6.46128e-06
-7.01722e-06
7.56267e-06
-8.09895e-06
8.62735e-06
-9.14915e-06
9.66555e-06
-1.01778e-05
1.0687e-05
-1.11943e-05
1.1701e-05
-1.2208e-05
1.27164e-05
-1.32275e-05
1.37422e-05
-1.42616e-05
1.47867e-05
-1.53187e-05
1.58584e-05
-1.64071e-05
1.69658e-05
-1.75354e-05
1.81171e-05
-1.87119e-05
1.93208e-05
-1.9945e-05
2.05856e-05
-2.12437e-05
2.19203e-05
-2.26167e-05
2.3334e-05
-2.40734e-05
2.4836e-05
-2.56232e-05
2.64362e-05
-2.72764e-05
2.81449e-05
-2.90433e-05
2.99728e-05
-3.0935e-05
3.19313e-05
-3.29632e-05
3.40324e-05
-3.51404e-05
3.62889e-05
-3.74796e-05
3.87144e-05
-3.9995e-05
4.13233e-05
-4.27013e-05
4.4131e-05
-4.56146e-05
4.71542e-05
-4.8752e-05
5.04103e-05
-5.21316e-05
5.39183e-05
-5.57731e-05
5.76985e-05
-5.96974e-05
6.17725e-05
-6.3927e-05
6.61637e-05
-6.8486e-05
7.08971e-05
-7.34004e-05
7.59994e-05
-7.86979e-05
8.14996e-05
-8.44084e-05
8.74285e-05
-9.05639e-05
9.38193e-05
-9.71989e-05
0.000100708
-0.00010435
0.000108132
-0.000112058
0.000116133
-0.000120364
0.000124755
-0.000129314
0.000134046
-0.000138958
0.000144056
-0.000149347
0.000154839
-0.000160539
0.000166454
-0.000172593
0.000178964
-0.000185575
0.000192436
-0.000199555
0.000206941
-0.000214605
0.000222557
-0.000230807
0.000239366
-0.000248245
0.000257456
-0.000267011
0.000276922
-0.000287203
0.000297865
-0.000308924
0.000320393
-0.000332287
0.000344621
-0.000357411
0.000370673
-0.000384424
0.000398681
-0.000413461
0.000428784
-0.000444668
0.000461134
-0.000478201
0.00049589
-0.000514223
0.000533223
-0.000552912
0.000573315
-0.000594455
0.000616359
-0.000639052
0.000662562
-0.000686916
0.000712143
-0.000738272
0.000765335
-0.000793362
0.000822386
-0.00085244
0.00088356
-0.000915779
0.000949136
-0.000983667
0.00101941
-0.00105641
0.0010947
-0.00113433
0.00117533
-0.00121777
0.00126167
-0.00130709
0.00135408
-0.00140268
0.00145296
-0.00150495
0.00155872
-0.00161433
0.00167182
-0.00173126
0.00179271
-0.00185623
0.00192188
-0.00198973
0.00205986
-0.00213232
0.00220718
-0.00228453
0.00236443
-0.00244696
0.0025322
-0.00262024
0.00271114
-0.002805
0.00290189
-0.00300192
0.00310517
-0.00321173
0.0033217
-0.00343517
0.00355225
-0.00367302
0.00379761
-0.0039261
0.00405861
-0.00419526
0.00433614
-0.00448138
0.00463109
-0.00478539
0.00494441
-0.00510826
0.00527708
-0.00545099
0.00563011
-0.0058146
0.00600457
-0.00620017
0.00640154
-0.00660882
0.00682215
-0.00704169
0.00726757
-0.00749996
0.00773899
-0.00798484
0.00823766
-0.0084976
0.00876483
-0.00903951
0.00932181
-0.00961189
0.00990992
-0.0102161
0.0105305
-0.0108534
0.011185
-0.0115254
0.0118747
-0.0122332
0.0126011
-0.0129785
0.0133656
-0.0137626
0.0141697
-0.014587
0.0150148
-0.0154531
0.0159023
-0.0163624
0.0168337
-0.0173162
0.0178103
-0.0183161
0.0188337
-0.0193633
0.0199051
-0.0204593
0.0210259
-0.0216053
0.0221975
-0.0228026
0.0234209
-0.0240524
0.0246974
-0.0253559
0.026028
-0.026714
0.0274138
-0.0281277
0.0288557
-0.0295979
0.0303544
-0.0311252
0.0319105
-0.0327103
0.0335246
-0.0343534
0.0351969
-0.036055
0.0369277
-0.037815
0.0387169
-0.0396333
0.0405643
-0.0415096
0.0424693
-0.0434432
0.0444312
-0.0454332
0.0464491
-0.0474786
0.0485216
-0.0495779
0.0506472
-0.0517293
0.0528239
-0.0539308
0.0550495
-0.0561799
0.0573214
-0.0584738
0.0596365
-0.0608092
0.0619915
-0.0631827
0.0643824
-0.0655901
0.0668051
-0.0680269
0.0692548
-0.0704882
0.0717263
-0.0729685
0.074214
-0.075462
0.0767117
-0.0779623
0.0792127
-0.0804623
0.0817099
-0.0829547
0.0841956
-0.0854316
0.0866616
-0.0878844
0.0890991
-0.0903043
0.0914989
-0.0926817
0.0938513
-0.0950066
0.0961461
-0.0972686
0.0983726
-0.0994567
0.10052
-0.10156
0.102575
-0.103566
0.104528
-0.105462
0.106366
-0.107237
0.108075
-0.108878
0.109644
-0.110371
0.111058
-0.111703
0.112305
-0.112861
0.113371
-0.113832
0.114243
-0.114602
0.114907
-0.115157
0.11535
-0.115485
0.11556
-0.115573
0.115522
-0.115408
0.115227
-0.114978
0.11466
-0.114272
0.113812
-0.11328
0.112673
-0.111991
0.111232
-0.110396
0.109482
-0.108488
0.107415
-0.106261
0.105025
-0.103708
0.102308
-0.100826
0.0992607
-0.0976126
0.0958816
-0.0940678
0.0921713
-0.0901925
0.0881319
-0.08599
0.0837677
-0.0814657
0.0790851
-0.076627
0.0740928
-0.0714837
0.0688015
-0.0660478
0.0632246
-0.0603339
0.0573777
-0.0543587
0.0512791
-0.0481416
0.0449492
-0.0417047
0.0384113
-0.0350722
0.031691
-0.0282711
0.0248163
-0.0213305
0.0178178
-0.0142822
0.0107282
-0.00716005
0.00358243
