50
15

1

1.29443e-16
-2.22084e-16
2.53923e-16
-1.82447e-16
4.24995e-17
1.40721e-17
1.68513e-16
-5.52084e-16
7.79706e-16
-5.39555e-16
2.33452e-16
-7.45913e-16
2.45266e-15
-5.15298e-15
9.99637e-15
-2.08616e-14
4.37982e-14
-8.60325e-14
1.43409e-13
-1.72511e-13
9.74022e-14
1.08483e-13
-2.86898e-13
1.75446e-13
1.1504e-13
-8.8174e-14
-8.46077e-14
-1.19667e-13
-1.90752e-13
-1.87034e-13
-1.22728e-13
-5.76719e-14
-5.73687e-14
4.31379e-13
-5.14152e-12
5.7032e-11
-5.99482e-10
5.94358e-09
-5.52838e-08
4.79382e-07
-3.84644e-06
2.83042e-05
-0.000188934
0.00112849
-0.00592539
0.0267055
-0.0998408
0.293514
-0.615726
0.723888
