50
15

5

-1.67269e-51
8.39674e-51
-1.52677e-50
4.99767e-51
-2.20886e-50
1.18509e-49
9.49599e-49
-3.91442e-48
1.28784e-47
-1.07479e-47
8.12606e-47
-2.54333e-45
2.51167e-44
-7.72375e-44
1.49963e-43
7.00979e-42
5.24306e-41
-1.05202e-39
1.77978e-39
-1.45668e-38
5.45627e-37
-3.63068e-36
1.50839e-34
-9.58754e-34
6.26352e-33
-5.19047e-32
2.08832e-30
-4.06977e-29
5.90935e-28
-3.68949e-27
9.51371e-26
2.10078e-25
1.42461e-23
-4.28392e-22
2.18122e-21
-5.12767e-20
2.856e-18
-2.89537e-17
3.83037e-16
9.19994e-15
5.52553e-16
1.28025e-15
-1.88349e-13
2.48375e-11
-2.83773e-09
2.73068e-07
-2.12444e-05
0.00125266
-0.0497588
0.99876
