50
15

0.1

-8.91864e-06
1.63074e-05
-2.33409e-05
3.10236e-05
-4.03271e-05
5.23131e-05
-6.82553e-05
8.9775e-05
-0.000119003
0.000158779
-0.000212916
0.000286528
-0.000386466
0.000521872
-0.000704891
0.000951575
-0.001283
0.00172667
-0.0023182
0.00310332
-0.00414025
0.00550233
-0.00728095
0.00958852
-0.0125614
0.0163623
-0.0211817
0.0272377
-0.0347733
0.0440503
-0.0553377
0.0688953
-0.0849485
0.103656
-0.125066
0.149071
-0.175347
0.203297
-0.231995
0.260147
-0.286073
0.307727
-0.322768
0.328706
-0.323109
0.303893
-0.269672
0.220142
-0.156449
0.081482
