50
10

0.01

0.0577334
-0.104495
0.141847
-0.171155
0.193609
-0.210246
0.221967
-0.229554
0.233685
-0.234948
0.233847
-0.230818
0.226235
-0.220418
0.21364
-0.206133
0.198093
-0.189686
0.18105
-0.172301
0.163533
-0.154824
0.146238
-0.137824
0.12962
-0.121658
0.113957
-0.106534
0.0993978
-0.0925521
0.0859975
-0.0797312
0.0737473
-0.068038
0.0625933
-0.0574019
0.0524512
-0.0477278
0.0432174
-0.0389051
0.0347757
-0.0308136
0.0270029
-0.0233275
0.019771
-0.0163172
0.0129493
-0.00965073
0.00640446
-0.00319336
