50
10

0.1

-0.0151957
0.0276476
-0.0378709
0.0463007
-0.0533045
0.0591918
-0.0642236
0.0686195
-0.0725647
0.076215
-0.0797018
0.0831359
-0.0866102
0.0902029
-0.0939789
0.097992
-0.102285
0.106892
-0.111837
0.117134
-0.122789
0.128797
-0.135143
0.141799
-0.148725
0.155868
-0.163158
0.17051
-0.177824
0.184977
-0.191833
0.198233
-0.204003
0.208952
-0.212871
0.215543
-0.216742
0.216238
-0.213808
0.209237
-0.202334
0.192939
-0.180933
0.166253
-0.148902
0.128961
-0.106603
0.0820971
-0.0558201
0.0282568
