50
15

0.01

0.0991
-0.170698
0.220528
-0.253262
0.272691
-0.281885
0.283313
-0.278957
0.270397
-0.258885
0.245406
-0.230728
0.215441
-0.199997
0.184731
-0.169891
0.155649
-0.142123
0.129386
-0.117478
0.10641
-0.0961765
0.086756
-0.0781172
0.0702216
-0.0630266
0.0564868
-0.0505559
0.0451878
-0.0403374
0.0359611
-0.0320172
0.0284664
-0.0252718
0.0223986
-0.0198147
0.0174904
-0.0153982
0.0135125
-0.01181
0.0102692
-0.00887005
0.00759433
-0.00642499
0.00534621
-0.00434321
0.00340208
-0.00250964
0.00165325
-0.000820694
