50
10

1

1.97013e-13
6.12558e-14
-6.26641e-14
-8.22004e-14
-6.63321e-14
6.86518e-14
5.73514e-14
5.25707e-14
1.28507e-14
-1.5964e-13
-7.40073e-14
1.12987e-13
9.54319e-14
3.33393e-14
-1.57335e-14
-1.12389e-13
-8.24838e-14
-3.94302e-14
7.12853e-14
1.37792e-13
1.9641e-13
1.02184e-13
-1.07587e-12
4.23709e-12
-1.94368e-11
8.24782e-11
-3.44557e-10
1.40434e-09
-5.59549e-09
2.17516e-08
-8.23746e-08
3.03374e-07
-1.0845e-06
3.75537e-06
-1.25681e-05
4.05504e-05
-0.000125782
0.000373922
-0.00106153
0.00286614
-0.00732469
0.0176173
-0.0396043
0.0824992
-0.157472
0.271264
-0.41246
0.533987
-0.548931
0.369161
