50
15

0.5

7.50968e-15
-1.59131e-15
9.97733e-14
-1.43267e-13
6.02073e-15
-1.65922e-14
1.16544e-13
-2.94231e-14
-8.9282e-14
-4.2949e-16
1.27696e-14
6.73229e-14
-5.22412e-14
2.94866e-14
3.20671e-14
-1.21135e-13
-1.28715e-14
6.1025e-14
1.08638e-14
2.53757e-13
-3.76784e-13
3.75203e-13
-6.43693e-13
8.00499e-13
-1.47384e-12
4.41628e-12
-2.01242e-11
9.5823e-11
-4.5001e-10
2.05273e-09
-9.09837e-09
3.91448e-08
-1.63169e-07
6.57501e-07
-2.55499e-06
9.54864e-06
-3.42174e-05
0.000117174
-0.000381961
0.00118
-0.00343685
0.00937955
-0.0238065
0.055674
-0.118528
0.226008
-0.376966
0.529501
-0.582459
0.411547
