50
10

0.5

5.01026e-13
4.82306e-13
-3.59176e-13
9.45618e-13
-1.91405e-12
3.14125e-12
-7.31801e-12
1.70747e-11
-3.90914e-11
8.88591e-11
-2.02083e-10
4.58898e-10
-1.03866e-09
2.34171e-09
-5.25064e-09
1.17055e-08
-2.59333e-08
5.70579e-08
-1.246e-07
2.69899e-07
-5.79556e-07
1.23292e-06
-2.59679e-06
5.41144e-06
-1.11496e-05
2.26964e-05
-4.56113e-05
9.04182e-05
-0.000176658
0.000339863
-0.000643196
0.00119617
-0.0021835
0.00390736
-0.0068452
0.011722
-0.0195882
0.0318806
-0.0504253
0.0773126
-0.114558
0.163453
-0.223563
0.291437
-0.359318
0.414455
-0.439845
0.417344
-0.33358
0.187935
