50
10

5

1.07492e-23
3.79678e-25
1.21527e-23
4.89065e-24
6.63432e-23
-1.10738e-22
1.4513e-22
-3.58646e-22
4.1263e-22
3.26432e-22
-6.54198e-22
-5.70379e-22
7.68959e-21
1.02601e-21
3.46201e-21
1.16028e-20
-1.88965e-19
7.19068e-19
-2.59099e-19
-3.47854e-18
1.09055e-17
1.88971e-17
-1.01281e-16
-1.7333e-17
3.21815e-16
1.1051e-15
-1.30066e-15
-7.59154e-15
5.70786e-15
3.09344e-15
6.90715e-16
9.74966e-17
1.00184e-17
7.96253e-19
9.2337e-20
1.46671e-19
-7.17177e-18
2.51429e-16
-1.0188e-14
3.98565e-13
-1.44205e-11
4.75442e-10
-1.40985e-08
3.70095e-07
-8.42574e-06
0.00016178
-0.00251612
0.0297419
-0.237945
0.97082
