50
5

0.5

-0.00138188
0.00266494
-0.00389048
0.00509639
-0.00631816
0.00758978
-0.00894449
0.0104155
-0.0120366
0.0138429
-0.0158708
0.0181589
-0.0207481
0.0236817
-0.0270053
0.030767
-0.0350168
0.0398061
-0.0451868
0.0512103
-0.0579258
0.0653786
-0.0736072
0.0826412
-0.0924973
0.103175
-0.114655
0.12689
-0.139802
0.153279
-0.167168
0.181267
-0.195328
0.209049
-0.222074
0.233996
-0.244358
0.252664
-0.258389
0.260993
-0.259948
0.254755
-0.244986
0.230308
-0.210526
0.185622
-0.155787
0.12146
-0.0833465
0.0424368
