50
5

0.01

0.0274278
-0.0521606
0.0743761
-0.0942419
0.111916
-0.127546
0.141272
-0.153226
0.163531
-0.172303
0.179653
-0.185681
0.190485
-0.194155
0.196775
-0.198426
0.199181
-0.199111
0.19828
-0.196751
0.194579
-0.191818
0.188518
-0.184726
0.180484
-0.175833
0.170811
-0.165453
0.15979
-0.153852
0.147668
-0.141264
0.134662
-0.127886
0.120954
-0.113885
0.106697
-0.099405
0.0920227
-0.0845633
0.0770382
-0.069458
0.0618321
-0.0541689
0.0464757
-0.0387592
0.0310251
-0.0232783
0.015523
-0.00776259
