50
5

1

-7.07981e-07
1.45783e-06
-2.36635e-06
3.57068e-06
-5.24862e-06
7.64425e-06
-1.11022e-05
1.61151e-05
-2.33895e-05
3.39392e-05
-4.92145e-05
7.12838e-05
-0.000103084
0.000148764
-0.000214154
0.0003074
-0.000439805
0.000626947
-0.000890128
0.00125823
-0.00177008
0.0024773
-0.00344784
0.00477003
-0.00655717
0.00895241
-0.0121336
0.0163175
-0.0217622
0.028767
-0.0376677
0.0488253
-0.0626054
0.0793474
-0.0993186
0.122655
-0.149286
0.178848
-0.210594
0.243303
-0.275219
0.304025
-0.326889
0.340606
-0.341844
0.327535
-0.295363
0.244351
-0.175441
0.0919868
