50
5

5

-3.30028e-15
-5.06358e-16
7.80166e-15
-9.70773e-15
3.59037e-15
4.27767e-15
-7.18559e-15
5.21315e-15
-2.36565e-15
-2.63385e-19
2.78747e-15
-4.4704e-15
2.59636e-15
1.05168e-15
-2.51033e-15
1.69689e-15
-1.05753e-15
-2.66604e-16
4.11831e-15
-6.38845e-15
3.53923e-15
-5.02177e-15
2.20214e-14
-4.18596e-14
2.75072e-14
1.27987e-13
-1.11333e-12
6.82067e-12
-3.78584e-11
2.01406e-10
-1.03844e-09
5.18872e-09
-2.50781e-08
1.16966e-07
-5.2508e-07
2.26226e-06
-9.32419e-06
3.66319e-05
-0.000136613
0.00048133
-0.00159329
0.00492245
-0.0140805
0.0369203
-0.0876071
0.184883
-0.338426
0.516299
-0.608689
0.45272
