400
5

1

-5.5169e-08
1.09779e-07
-1.63963e-07
2.17852e-07
-2.71577e-07
3.25266e-07
-3.79048e-07
4.3305e-07
-4.87402e-07
5.4223e-07
-5.97663e-07
6.53832e-07
-7.10867e-07
7.689e-07
-8.28064e-07
8.88495e-07
-9.50332e-07
1.01372e-06
-1.07879e-06
1.1457e-06
-1.2146e-06
1.28563e-06
-1.35897e-06
1.43478e-06
-1.51321e-06
1.59445e-06
-1.67868e-06
1.76608e-06
-1.85683e-06
1.95115e-06
-2.04924e-06
2.15131e-06
-2.25758e-06
2.36828e-06
-2.48366e-06
2.60396e-06
-2.72945e-06
2.86039e-06
-2.99706e-06
3.13976e-06
-3.2888e-06
3.44449e-06
-3.60718e-06
3.77719e-06
-3.95491e-06
4.1407e-06
-4.33496e-06
4.53811e-06
-4.75057e-06
4.9728e-06
-5.20526e-06
5.44845e-06
-5.70288e-06
5.96909e-06
-6.24763e-06
6.53909e-06
-6.84409e-06
7.16326e-06
-7.49727e-06
7.84681e-06
-8.21263e-06
8.59547e-06
-8.99614e-06
9.41547e-06
-9.85433e-06
1.03136e-05
-1.07943e-05
1.12974e-05
-1.18238e-05
1.23748e-05
-1.29514e-05
1.35548e-05
-1.41863e-05
1.48471e-05
-1.55386e-05
1.62622e-05
-1.70193e-05
1.78115e-05
-1.86405e-05
1.95078e-05
-2.04153e-05
2.13646e-05
-2.23579e-05
2.3397e-05
-2.4484e-05
2.56211e-05
-2.68106e-05
2.80548e-05
-2.93561e-05
3.07173e-05
-3.21408e-05
3.36296e-05
-3.51866e-05
3.68148e-05
-3.85173e-05
4.02976e-05
-4.21591e-05
4.41053e-05
-4.614e-05
4.82672e-05
-5.04909e-05
5.28155e-05
-5.52453e-05
5.7785e-05
-6.04394e-05
6.32135e-05
-6.61126e-05
6.91422e-05
-7.23079e-05
7.56156e-05
-7.90716e-05
8.26822e-05
-8.64542e-05
9.03945e-05
-9.45104e-05
9.88095e-05
-0.0001033
0.000107989
-0.000112886
0.000117999
-0.000123339
0.000128913
-0.000134733
0.000140809
-0.000147152
0.000153772
-0.000160682
0.000167893
-0.000175419
0.000183272
-0.000191466
0.000200015
-0.000208934
0.000218238
-0.000227944
0.000238067
-0.000248624
0.000259634
-0.000271115
0.000283086
-0.000295567
0.000308579
-0.000322142
0.00033628
-0.000351016
0.000366372
-0.000382375
0.000399049
-0.000416422
0.000434521
-0.000453374
0.000473012
-0.000493465
0.000514764
-0.000536944
0.000560037
-0.00058408
0.000609108
-0.000635161
0.000662276
-0.000690495
0.000719859
-0.000750412
0.000782199
-0.000815266
0.000849661
-0.000885433
0.000922634
-0.000961317
0.00100154
-0.00104335
0.00108681
-0.00113198
0.00117893
-0.00122772
0.0012784
-0.00133106
0.00138576
-0.00144258
0.00150158
-0.00156285
0.00162646
-0.00169251
0.00176106
-0.00183221
0.00190604
-0.00198265
0.00206214
-0.0021446
0.00223012
-0.00231882
0.00241079
-0.00250615
0.002605
-0.00270747
0.00281366
-0.00292371
0.00303772
-0.00315583
0.00327817
-0.00340487
0.00353607
-0.00367191
0.00381252
-0.00395806
0.00410868
-0.00426452
0.00442575
-0.00459253
0.00476501
-0.00494338
0.00512778
-0.00531841
0.00551544
-0.00571905
0.00592942
-0.00614674
0.0063712
-0.00660301
0.00684234
-0.00708942
0.00734444
-0.00760761
0.00787915
-0.00815926
0.00844816
-0.00874608
0.00905324
-0.00936986
0.00969618
-0.0100324
0.0103788
-0.0107356
0.011103
-0.0114813
0.0118707
-0.0122715
0.0126839
-0.0131081
0.0135444
-0.013993
0.0144542
-0.0149283
0.0154154
-0.0159159
0.0164299
-0.0169578
0.0174997
-0.018056
0.0186267
-0.0192123
0.0198129
-0.0204287
0.0210599
-0.0217069
0.0223698
-0.0230488
0.0237441
-0.0244559
0.0251845
-0.02593
0.0266925
-0.0274722
0.0282694
-0.0290841
0.0299164
-0.0307666
0.0316347
-0.0325207
0.0334249
-0.0343472
0.0352878
-0.0362466
0.0372236
-0.038219
0.0392325
-0.0402643
0.0413143
-0.0423823
0.0434683
-0.0445722
0.0456937
-0.0468328
0.0479892
-0.0491627
0.0503531
-0.05156
0.0527831
-0.0540221
0.0552766
-0.0565462
0.0578305
-0.0591289
0.0604409
-0.0617661
0.0631037
-0.0644532
0.065814
-0.0671852
0.0685661
-0.069956
0.071354
-0.0727592
0.0741707
-0.0755875
0.0770087
-0.0784332
0.0798598
-0.0812875
0.0827149
-0.084141
0.0855643
-0.0869836
0.0883975
-0.0898045
0.0912032
-0.092592
0.0939694
-0.0953337
0.0966834
-0.0980166
0.0993317
-0.100627
0.1019
-0.10315
0.104374
-0.105571
0.106738
-0.107873
0.108975
-0.110042
0.11107
-0.112059
0.113006
-0.113908
0.114764
-0.115571
0.116328
-0.117031
0.117679
-0.118269
0.118799
-0.119267
0.119671
-0.120009
0.120277
-0.120475
0.1206
-0.120649
0.120621
-0.120514
0.120326
-0.120055
0.119698
-0.119255
0.118723
-0.118101
0.117388
-0.116581
0.115679
-0.114681
0.113586
-0.112393
0.111101
-0.109709
0.108216
-0.106622
0.104927
-0.103129
0.10123
-0.0992285
0.0971255
-0.0949212
0.0926162
-0.0902113
0.0877074
-0.0851056
0.0824074
-0.0796142
0.0767279
-0.0737503
0.0706837
-0.0675304
0.0642931
-0.0609746
0.0575779
-0.0541063
0.0505633
-0.0469527
0.0432783
-0.0395444
0.0357553
-0.0319157
0.0280303
-0.0241042
0.0201426
-0.016151
0.0121351
-0.00810052
0.00405344
