400
5

0.01

0.00128105
-0.00254613
0.00379535
-0.00502887
0.0062468
-0.00744928
0.00863643
-0.00980839
0.0109653
-0.0121072
0.0132344
-0.0143468
0.0154447
-0.0165282
0.0175973
-0.0186522
0.019693
-0.0207199
0.0217329
-0.0227322
0.0237179
-0.0246902
0.025649
-0.0265946
0.027527
-0.0284463
0.0293528
-0.0302464
0.0311274
-0.0319957
0.0328516
-0.033695
0.0345262
-0.0353453
0.0361522
-0.0369472
0.0377304
-0.0385018
0.0392615
-0.0400097
0.0407465
-0.0414719
0.042186
-0.042889
0.043581
-0.044262
0.0449321
-0.0455915
0.0462402
-0.0468783
0.0475059
-0.0481232
0.0487301
-0.0493269
0.0499135
-0.0504901
0.0510567
-0.0516135
0.0521606
-0.0526979
0.0532257
-0.053744
0.0542528
-0.0547523
0.0552426
-0.0557237
0.0561957
-0.0566587
0.0571128
-0.0575581
0.0579945
-0.0584223
0.0588415
-0.0592522
0.0596545
-0.0600483
0.0604339
-0.0608112
0.0611804
-0.0615416
0.0618947
-0.0622399
0.0625773
-0.0629069
0.0632288
-0.0635431
0.0638498
-0.064149
0.0644408
-0.0647252
0.0650024
-0.0652723
0.0655351
-0.0657908
0.0660395
-0.0662812
0.0665161
-0.0667441
0.0669654
-0.06718
0.067388
-0.0675894
0.0677843
-0.0679727
0.0681548
-0.0683306
0.0685001
-0.0686634
0.0688205
-0.0689716
0.0691167
-0.0692558
0.069389
-0.0695163
0.0696379
-0.0697537
0.0698639
-0.0699684
0.0700673
-0.0701608
0.0702487
-0.0703313
0.0704085
-0.0704804
0.0705471
-0.0706085
0.0706649
-0.0707161
0.0707623
-0.0708035
0.0708397
-0.0708711
0.0708976
-0.0709193
0.0709362
-0.0709485
0.0709561
-0.0709591
0.0709575
-0.0709514
0.0709409
-0.0709259
0.0709066
-0.0708829
0.070855
-0.0708228
0.0707864
-0.0707458
0.0707011
-0.0706524
0.0705996
-0.0705428
0.0704821
-0.0704175
0.0703491
-0.0702768
0.0702007
-0.0701209
0.0700374
-0.0699502
0.0698594
-0.069765
0.069667
-0.0695656
0.0694607
-0.0693523
0.0692405
-0.0691254
0.069007
-0.0688852
0.0687603
-0.068632
0.0685007
-0.0683661
0.0682285
-0.0680877
0.067944
-0.0677972
0.0676474
-0.0674947
0.0673391
-0.0671806
0.0670192
-0.0668551
0.0666881
-0.0665184
0.066346
-0.0661709
0.0659931
-0.0658127
0.0656297
-0.0654441
0.065256
-0.0650653
0.0648722
-0.0646767
0.0644787
-0.0642783
0.0640755
-0.0638704
0.063663
-0.0634533
0.0632413
-0.0630271
0.0628107
-0.0625922
0.0623714
-0.0621486
0.0619236
-0.0616966
0.0614675
-0.0612363
0.0610032
-0.0607681
0.0605311
-0.0602921
0.0600512
-0.0598084
0.0595638
-0.0593173
0.059069
-0.058819
0.0585671
-0.0583135
0.0580582
-0.0578012
0.0575425
-0.0572822
0.0570202
-0.0567566
0.0564914
-0.0562246
0.0559563
-0.0556864
0.055415
-0.0551422
0.0548678
-0.054592
0.0543148
-0.0540361
0.0537561
-0.0534747
0.0531919
-0.0529078
0.0526223
-0.0523356
0.0520475
-0.0517582
0.0514676
-0.0511759
0.0508828
-0.0505886
0.0502932
-0.0499967
0.049699
-0.0494001
0.0491002
-0.0487991
0.0484969
-0.0481937
0.0478894
-0.0475841
0.0472778
-0.0469705
0.0466621
-0.0463528
0.0460425
-0.0457313
0.0454191
-0.045106
0.044792
-0.0444772
0.0441614
-0.0438448
0.0435273
-0.043209
0.0428898
-0.0425699
0.0422491
-0.0419276
0.0416052
-0.0412822
0.0409583
-0.0406338
0.0403085
-0.0399825
0.0396558
-0.0393284
0.0390003
-0.0386716
0.0383422
-0.0380121
0.0376814
-0.0373502
0.0370183
-0.0366857
0.0363527
-0.036019
0.0356847
-0.0353499
0.0350146
-0.0346787
0.0343423
-0.0340053
0.0336679
-0.03333
0.0329915
-0.0326526
0.0323132
-0.0319734
0.0316331
-0.0312923
0.0309511
-0.0306095
0.0302675
-0.0299251
0.0295822
-0.029239
0.0288954
-0.0285514
0.028207
-0.0278623
0.0275172
-0.0271717
0.026826
-0.0264799
0.0261334
-0.0257867
0.0254397
-0.0250923
0.0247447
-0.0243967
0.0240485
-0.0237
0.0233512
-0.0230022
0.0226529
-0.0223034
0.0219536
-0.0216036
0.0212534
-0.0209029
0.0205522
-0.0202013
0.0198502
-0.0194989
0.0191474
-0.0187957
0.0184439
-0.0180918
0.0177396
-0.0173872
0.0170346
-0.0166819
0.016329
-0.015976
0.0156228
-0.0152695
0.0149161
-0.0145625
0.0142088
-0.013855
0.013501
-0.013147
0.0127928
-0.0124385
0.0120842
-0.0117297
0.0113751
-0.0110205
0.0106657
-0.0103109
0.00995603
-0.00960106
0.00924602
-0.00889091
0.00853574
-0.00818051
0.00782522
-0.00746987
0.00711448
-0.00675903
0.00640354
-0.00604801
0.00569244
-0.00533683
0.00498118
-0.00462551
0.00426981
-0.00391408
0.00355832
-0.00320255
0.00284676
-0.00249095
0.00213512
-0.00177929
0.00142344
-0.00106759
0.000711729
-0.000355865
